[2.0, 10.0, 31.0, 40.0, 46.0],1
[2.0, 5.0, 10.0, 30.0, 31.0],1
[4.0, 6.0, 31.0, 37.0, 44.0],1
[4.0, 5.0, 10.0, 31.0, 50.0],1
[5.0, 10.0, 40.0, 46.0, 50.0],1
[4.0, 8.0, 10.0, 13.0, 37.0],1
[5.0, 10.0, 30.0, 46.0, 50.0],1
[3.0, 6.0, 14.0, 40.0, 47.0],1
[4.0, 10.0, 33.0, 37.0, 46.0],1
[9.0, 15.0, 19.0, 25.0, 49.0],1
[4.0, 10.0, 29.0, 33.0, 46.0],1
[2.0, 10.0, 23.0, 31.0, 34.0],1
[10.0, 14.0, 34.0, 46.0, 50.0],1
[5.0, 10.0, 31.0, 33.0, 40.0],1
[8.0, 10.0, 17.0, 21.0, 31.0],1
[10.0, 17.0, 25.0, 31.0, 49.0],1
[4.0, 10.0, 14.0, 30.0, 37.0],1
[4.0, 5.0, 10.0, 14.0, 46.0],1
[4.0, 10.0, 31.0, 37.0, 46.0],2
[8.0, 10.0, 12.0, 13.0, 25.0],1
[4.0, 10.0, 30.0, 37.0, 46.0],1
[3.0, 10.0, 37.0, 46.0, 49.0],1
[8.0, 9.0, 19.0, 25.0, 49.0],1
[4.0, 10.0, 32.0, 37.0, 46.0],1
[10.0, 31.0, 33.0, 40.0, 50.0],1
[3.0, 7.0, 12.0, 23.0, 25.0],1
[15.0, 23.0, 25.0, 44.0, 49.0],1
[10.0, 26.0, 30.0, 33.0, 46.0],1
[10.0, 30.0, 31.0, 34.0, 50.0],1
[12.0, 25.0, 31.0, 32.0, 49.0],1
[5.0, 10.0, 31.0, 33.0, 44.0],1
[3.0, 15.0, 25.0, 32.0, 49.0],1
[5.0, 10.0, 14.0, 17.0, 46.0],1
[10.0, 13.0, 15.0, 28.0, 37.0],1
[10.0, 30.0, 31.0, 49.0, 50.0],1
[15.0, 19.0, 25.0, 31.0, 49.0],1
[10.0, 26.0, 31.0, 39.0, 50.0],1
[10.0, 12.0, 13.0, 15.0, 19.0],1
[8.0, 10.0, 30.0, 31.0, 50.0],1
[10.0, 30.0, 34.0, 46.0, 50.0],1
[10.0, 14.0, 31.0, 33.0, 50.0],1