[4.0, 23.0, 25.0, 29.0, 31.0],1
[13.0, 20.0, 24.0, 27.0, 46.0],1
[3.0, 4.0, 34.0, 46.0, 47.0],1
[1.0, 13.0, 32.0, 40.0, 49.0],1
[13.0, 25.0, 32.0, 46.0, 47.0],1
[13.0, 32.0, 46.0, 48.0, 49.0],1
[5.0, 27.0, 29.0, 41.0, 46.0],1
[5.0, 31.0, 40.0, 44.0, 49.0],1
[4.0, 11.0, 23.0, 29.0, 30.0],1
[1.0, 4.0, 23.0, 29.0, 30.0],1
[18.0, 22.0, 28.0, 46.0, 50.0],1
[1.0, 13.0, 29.0, 40.0, 48.0],1
[1.0, 36.0, 39.0, 44.0, 48.0],1
[22.0, 30.0, 40.0, 44.0, 49.0],1
[4.0, 5.0, 7.0, 43.0, 47.0],1
[13.0, 25.0, 32.0, 38.0, 46.0],1
[4.0, 22.0, 32.0, 34.0, 46.0],1
[1.0, 16.0, 18.0, 41.0, 46.0],1
[1.0, 13.0, 25.0, 38.0, 43.0],1
[5.0, 21.0, 30.0, 41.0, 43.0],1
[4.0, 29.0, 30.0, 32.0, 46.0],1
[11.0, 29.0, 34.0, 41.0, 43.0],1
[25.0, 29.0, 32.0, 39.0, 46.0],1
[22.0, 29.0, 30.0, 39.0, 46.0],1