encog,BasicNetwork,java,3.3.0,1,1425320933161
[BASIC]
[BASIC:PARAMS]
[BASIC:NETWORK]
beginTraining=0
connectionLimit=0
contextTargetOffset=0,136,0
contextTargetSize=0,34,0
endTraining=2
hasContext=t
inputCount=50
layerCounts=50,35,85
layerFeedCounts=50,34,50
layerContextCount=0,0,34
layerIndex=0,50,85
output=0.1341490416,-0.4021800007,0.2326151168,0.2799870235,0.095552502,-0.4044833264,0.0693441049,0.3004906098,0.2243640791,0.2235165914,0.0000683423,-0.0222024619,0.5913228688,0.4751156505,0.4714072921,-0.0001064102,0.2125257606,-0.1305841032,0.2292948445,0.331795912,-0.3146684629,0.1543272969,-0.0233598644,0.1388945946,0.5182583604,0.1964515833,-0.0016005683,-0.0606209139,-0.088551269,0.0908010417,-0.327222371,-0.0269741277,0.0388035848,-0.0287450092,-0.0000124175,0.1162716482,0.3854889525,-0.047077559,-0.033841052,-0.0592499807,0.3069775677,0.036363812,-0.1289043177,0.1823526609,-0.2233214912,0.4431434363,0.5740247588,0.378935966,0.3284493844,-0.1787123898,10.0007194783,9.7628471225,8.9900757047,10.2815959784,9.8276466557,9.0768787549,-10.2305284255,-9.3397933913,-10.1330048718,-9.6010280744,9.9519709247,9.5204997992,-8.5378804331,-9.1932810851,-7.9385370208,-4.3777793304,-10.2477389753,8.7538575472,8.7145244142,9.5146472449,-7.9235079913,7.092990059,-8.0963662717,8.4322308235,9.9676925006,7.3143549859,-9.4152517746,-9.7913375152,-8.2791638492,-10.3775382041,-10.5298011827,11.1157573096,-10.9447293739,9.0696962149,1,0,0,1,0,0,0,0,0,0,0,0,0,0,0,0,0,0,0,0,0,0,0,0,0,1,0,0,1,0,0,0,0,0,1,0,0,0,0,0,0,0,0,0,0,0,0,0,0,0,1,1,0.1341490416,-0.4021800007,0.2326151168,0.2799870235,0.095552502,-0.4044833264,0.0693441049,0.3004906098,0.2243640791,0.2235165914,0.0000683423,-0.0222024619,0.5913228688,0.4751156505,0.4714072921,-0.0001064102,0.2125257606,-0.1305841032,0.2292948445,0.331795912,-0.3146684629,0.1543272969,-0.0233598644,0.1388945946,0.5182583604,0.1964515833,-0.0016005683,-0.0606209139,-0.088551269,0.0908010417,-0.327222371,-0.0269741277,0.0388035848,-0.0287450092
outputCount=50
weightIndex=0,1750,4640
weights=##0
##double#4640
   0.0014543143,-0.001342468,-0.0032950094,-0.0013678985,-0.0015437155,-0.0012276675,-0.0031807515,0.0038402427,-0.0041593148,0.0012895983,-0.0085621179,-0.0060068286,-0.0055578844,-0.0055791715,0.0032983099,0.0003035127,-0.0058529535,0.0020826544,0.0028361223,0.0021941739,-0.003091688,0.0008678617,-0.0016693509,-0.0064042064,0.0006493711,0.0024374389,-0.0074920263,-0.0031257741,0.0041928664,0.0052855904,0.0031212465,-0.0005093793,-0.0002224118,0.0051464466,0.0870071742,-0.0051496687,0.0019002783,-0.0028099158,0.0002410608,-0.0101243309,-0.0031350159,-0.0067999828,0.0049381282,0.0046334357,0.0004141597,0.0007807499,0.0034976318,0.0043707151,-0.0037440264,0.004804481,0.0097749376,0.0005893103,0.0048562882,0.0012482746,-0.0040744194,0.0019641797,0.0074985577,0.0030053014,-0.0028187755,-0.0064879757,-0.0037151259,0.0076219797,-0.00716467,0.0021455755,-0.0037445327,-0.0065063749,-0.0128143396,0.0110293651,0.0059954038,0.06626667,-0.0104996001,0.0051363577,0.0030014703,-0.0036889044,-0.0045785422,-0.0022503578,-0.0018612136,-0.0069927314,0.0048561863,0.0035794351,-0.0051758994,0.0048245894,-0.0064765857,-0.0027070053,0.0009494301,0.0047908494,-0.0043175968,-0.0014828757,-0.0068714371,-0.0053447103,-0.0015429796,-0.0042370054,0.0001998501,-0.0002688319,-0.0011830681,0.0044525844,-0.0169316596,-0.0093088522,0.0076841983,-0.0064256972,0.0077650322,0.0058650636,0.004855861,0.0003425834,0.2103568156,0.0014175346,0.0001593396,-0.0036938997,-0.0001734841,-0.0005630361,0.0062787246,-0.0044685641,0.0023213896,-0.0015998767,-0.0020747085,-0.0023461172,0.0082156314,-0.0001744651,0.0017645158,-0.0019792902,0.0059097293,0.0051756143,0.0043849895,-0.0003693342,0.0057516368,0.0044171141,0.0028568652,-0.0082544755,0.0049537771,0.0031242819,-0.0018952724,-0.0043599449,0.0078052165,-0.0054560824,0.0039365103,0.0041087733,0.0019872474,0.0005920094,-0.0011023195,0.0783513784,-0.0071429742,0.0027243936,-0.004469254,0.0067208431,0.0040433448,0.008593059,0.0007461929,-0.0007959544,-0.0060941376,0.0068602845,-0.0017965263,-0.0085643063,-0.0018703248,0.0002325084,-0.0013806381,0.0043433257,-0.0033679532,-0.0026067362,-0.0049643784,-0.0019283753,-0.0018358291,0.0011850133,-0.0084357257,-0.0012745169,-0.0037960044,-0.0045371657,0.0060437636,-0.0072799117,-0.0064457945,0.0007191202,-0.0020512653,-0.0017790116,-0.0001787152,0.0012632247,0.0566034859,-0.0027747946,-0.0061217093,0.0000687723,-0.0088376995,0.0087326257,-0.0096856145,-0.002609288,0.0076488542,-0.0001046431,0.0077991663,0.0057130649,0.0005585708,-0.004382801,-0.0054586099,0.0051842343,-0.0080575186,0.0048084278,-0.0047535654,0.0020370807,0.0061145099,-0.0002725907,-0.0022597956,0.0014348195,-0.0001307613,-0.0054766478,0.0059239043,0.0050101268,0.0047150964,0.0001663802,0.0110488979,0.0030843619,-0.0040230239,0.0010394092,0.0000589266,0.1002630556,-0.0087063033,0.0043362411,-0.0045185096,0.0041650007,0.0008264139,-0.0035433027,-0.003676517,0.0037336759,-0.0009212756,-0.0003671044,0.0055936674,0.0035178178,-0.0053489683,0.006477749,-0.0002119189,0.0051855218,-0.0031139581,0.0038582873,-0.0088982248,-0.0012415165,0.0084027839,-0.0010733112,-0.0057458245,0.0074756226,-0.0037233605,0.0042687774,-0.0070435258,0.0073522317,0.0022083583,-0.00195356,0.0042983049,0.0096989978,0.0070567037,-0.0027436566,0.1035048207,-0.0000290547,0.0000060915,0.0032605987,0.0159313563,0.0031675848,0.0006057626,-0.000609399,-0.0005751866,0.0005718837,-0.010592124,-0.0023214036,-0.0067532026,-0.0001479437,0.0031905163,-0.0008125362,-0.0032838905,0.0016231009,-0.0120966041,0.0057530132,-0.0052953569,-0.0077128882,-0.0023853437,-0.0014374377,-0.0023464888,-0.0067486579,0.0014190448,-0.0043641147,0.0000340788,-0.0094542801,0.0014327584,-0.0033270443,-0.0020859708,0.0022530253,-0.0013722083,0.1228264882,0.0033220577,-0.0000620207,-0.0011731423,0.0046433642,0.0011042501,-0.0044127648,0.0048222513,-0.0006578781,-0.0027261901,-0.0076906627,0.0042492124,-0.0004926482,0.0007402131,0.0050364938,0.0010210185,0.0041308874,0.0073601718,0.0012015754,0.0080952539,-0.00089107,-0.0040642433,-0.0062248745,-0.0002546105,0.0041239282,0.0001107169,0.0002880204,-0.0060992734,-0.0023881768,-0.0012051646,-0.0041942836,-0.0011056477,-0.0064468716,-0.0006557915,-0.0010361817,0.0693636493,-0.001982006,-0.0019823952,0.0043524092,0.005767178,0.0000651762,0.0006373366,0.0016965026,-0.0054834565,0.0026746983,0.0118886673,0.0002561221,-0.001661247,-0.0021905978,-0.0039531934,-0.003429857,0.0023337965,0.0034041536,0.0002141715,0.0008158131,0.0088252107,0.0055276132,-0.0038892887,-0.0117518748,0.0087676181,0.0136790407,-0.0055183607,0.0089641326,0.0000628869,-0.0020602373,0.0070550855,-0.002243142,0.0031159481,0.0039336432,-0.003820128,0.115310025,-0.0000001566,0.0000005319,-0.0000006793,-0.0000009694,0.0000014539,-0.0000017326,0.0000000662,0.0000008369,-0.0000014384,-0.0000002219,0.0000003772,0.0000011536,-0.0000018308,-0.0000003563,-0.0000017696,0.0000010345,0.0000008811,-0.000000208,0.0000012516,-0.0000020446,-0.0000018161,0.0000013329,-0.0000004019,-0.0000016649,0.0000006429,0.0000001841,0.0000010667,0.0000015367,0.0000004441,-0.0000009988,0.0000005337,0.0000017154,0.0000001273,0.0000002067,0.0000339072,-0.0019729415,0.0006562138,-0.0033408625,0.0066988568,0.0038520891,-0.0066628181,0.0015767219,-0.0066480644,0.0066162871,-0.0012856647,0.0010365664,-0.0028959516,-0.0013966523,0.0045897396,-0.0002723313,-0.0001449258,-0.0060426957,0.0048637788,-0.0078373453,0.0011560557,0.0042309463,0.0035201285,0.0010434826,0.0022181749,-0.0053494002,0.0028403366,0.0017053045,0.0067641091,0.0052419331,-0.000848792,0.0012936058,0.0004434735,0.0027809054,0.0071068507,0.1035609675,0.0034924243,0.0064328838,0.0000389547,-0.0007895491,0.000780682,-0.0056816587,-0.002053952,0.0104513594,-0.0084720622,-0.0068290446,0.0048568461,-0.0092098762,0.0003730472,0.0016468675,-0.0018880473,-0.0098963078,-0.0063846519,0.0131453501,-0.0009954494,0.0050715622,0.0064013427,0.0016277676,-0.0087694531,0.0037140687,0.0025048499,0.0023743059,-0.0055644487,-0.0003954043,0.0100201259,-0.0070079117,0.0034312407,-0.0052336314,0.0008825389,0.0051523528,0.1554563024,0.0050344314,0.0012144016,0.002009272,0.0015285696,0.0038980019,0.0080467472,0.0010628927,-0.0015307621,0.0022297861,-0.0039166063,0.0002208931,0.0132425765,0.0050653764,-0.0004951914,0.0011715778,-0.0010209433,0.0003331493,0.0019824705,0.0062323974,0.0061731995,-0.0004170682,0.0042731396,0.0001680548,-0.0024604818,0.0019043552,-0.01004277,0.0021617133,-0.0019196685,0.0012207024,0.0028331559,0.0016995245,0.0042089715,0.0098417936,0.0074013036,0.1333468871,0.0038484926,-0.0004006594,0.0124802968,-0.0008152614,-0.0013700671,-0.009983052,-0.0026354904,0.000241624,-0.000516842,-0.0077021327,0.0071918508,0.0065158916,0.0004458846,-0.0019808886,-0.0014840951,0.0008853352,0.0132049,0.0076533917,-0.0094369078,0.0039534458,-0.0043110786,-0.0028191934,-0.0040002858,-0.0064701382,-0.0008851317,0.0030291761,0.0023468902,-0.009062081,0.003178633,-0.0037201935,-0.0017612443,-0.0076421204,-0.013758038,-0.0019776798,0.1397434112,-0.0000017435,0.0000001181,0.0000005432,-0.000000269,-0.000001172,0.0000013132,-0.0000004596,0.0000002533,-0.0000005807,-0.0000015233,-0.0000006641,-0.0000009889,0.0000006064,0.0000013694,0.0000000997,0.0000000053,0.0000003035,-0.0000011366,0.0000002474,0.0000003579,0.0000014679,-0.0000007915,-0.000000555,0.0000004268,-0.0000011429,-0.000000693,-0.0000004016,-0.0000002687,0.000000524,-0.0000000989,-0.0000001071,-0.0000011525,-0.0000009804,-0.0000008689,-0.0000420425,0.0066831177,-0.0002549038,0.0064580889,-0.0049810166,0.0006980208,0.0006049086,-0.0086291013,0.0076707857,-0.0029505152,-0.0069445655,-0.0176229168,-0.0117651984,-0.0066325618,0.0073293521,-0.0002610642,-0.0084603663,-0.0052860004,0.002599361,-0.0007794534,0.0053774537,-0.0023332624,0.0046081282,0.000440675,0.0047659222,0.005591303,0.0093655024,-0.0014619347,-0.0001080821,0.0026224628,0.0031782398,-0.0052064371,-0.0087756748,0.0103117014,-0.0111028623,0.2376403511,-0.0031228649,0.0009785493,-0.0037719477,-0.0061571653,-0.0004249218,0.0014407083,-0.0029366424,-0.0011613724,-0.0052034753,0.0064379048,0.0016964278,0.0066628092,0.0007501762,-0.002450159,-0.0046836697,0.0038913976,0.0019150519,-0.0051189607,-0.0002462408,-0.0033444431,-0.0001975544,-0.0035095095,-0.0005615795,-0.0062527032,-0.0012606431,0.009300404,0.0043001232,0.0062374712,-0.0043806101,-0.0026539069,0.001006529,-0.007858538,0.0040421631,0.0054515203,0.0759661229,0.0038283803,-0.0005248215,-0.0020320816,0.0049121045,-0.0008135502,-0.0045883225,0.0049887061,-0.0033799984,-0.0011914046,-0.0071056417,0.0042498144,-0.0011394173,0.0027365771,0.004894006,0.001452962,0.003750278,0.0068465296,0.0020360999,0.0079525477,-0.0013280748,-0.0050456485,-0.0045284804,0.0005793994,0.0039815645,0.0002383456,0.0013036598,-0.0059908874,-0.0039222188,-0.0010617594,-0.0030521693,-0.0013114685,-0.0065110453,-0.0019904222,-0.000762761,0.0730204436,-0.0002502297,0.0047863297,-0.0028054583,-0.000932528,0.0049049542,0.0074816863,0.003600619,0.0035034474,-0.0031984102,-0.0059320325,0.0059822882,0.0044967588,0.0005130247,0.007491842,-0.0031590102,-0.0033404056,-0.0049525137,-0.0003369084,0.0033906123,0.0066461256,0.0046486421,0.0030124825,0.0018994699,-0.0056001297,0.006083926,-0.0025874127,0.0024036632,-0.0043327036,0.0061660209,0.0018166483,0.0001511225,0.0013299235,-0.0000796373,-0.0044504764,0.0898398067,-0.0038159175,0.0012190773,0.0044608093,0.0013591069,0.0008496753,-0.0013489248,-0.0010996608,0.0046351455,0.0065924738,-0.003302813,0.0022191014,-0.0042206715,-0.0077459356,-0.0017359691,0.0057173902,-0.00538619,0.0086974643,-0.003198154,0.0037776871,-0.0040330883,-0.005700612,-0.0011822746,0.0061171286,-0.0007322005,-0.0034019171,-0.0092502041,0.0065318674,0.004144495,0.0017753904,-0.0039784004,-0.0001461711,-0.0027837771,0.0049938948,0.0031608376,0.0603046243,0.0017172004,0.001177297,-0.0020354795,0.0008914059,-0.0049509758,0.0012607763,-0.0018987319,0.0008707844,0.001033278,-0.0003475296,0.0031174324,-0.0016792376,-0.0004263576,-0.001579113,0.0016447772,-0.0011615811,-0.0028528828,-0.0024418499,-0.0046499183,0.0014883218,-0.0031967968,-0.0022099108,0.0052147363,0.0013281325,0.0073226671,0.0015014413,-0.0027766533,0.0019184357,-0.0004463703,0.0058174886,-0.0041881319,-0.0005422264,-0.0020646259,0.0017327159,0.0714524986,0.0023973766,-0.006810458,-0.0044324948,0.001542147,-0.0057548678,-0.0002643678,0.0029933408,0.0002128242,0.0058074218,0.0024513712,0.002518002,0.0034524557,-0.0015898277,-0.0005899065,0.000981036,-0.0065783604,0.0039603625,-0.0017836627,0.0026402409,0.0062840453,-0.0017273188,-0.0038229426,-0.0045354626,-0.0002477792,-0.0019073508,0.0073922273,0.0061302207,0.0002225465,0.0035980632,0.0021305013,-0.0013825456,0.0051207266,-0.0013497741,-0.0030279893,0.0893078239,-0.004223015,0.0020374718,-0.0032286242,0.0007274326,-0.001265257,-0.00093654,-0.0003269236,-0.0069648848,0.0047447182,-0.0047362603,0.0062968538,-0.0041126766,-0.0045705997,0.0057159543,0.0044011847,-0.0019872581,0.0048443551,0.0038339406,0.0011163065,0.0023863826,-0.0067978484,-0.0013576061,0.0056283692,0.0049723975,0.002549315,-0.0055872188,0.0010675959,0.0033981761,0.0041139491,0.0013885477,-0.0008970898,-0.0092108593,-0.0141578992,0.0053948141,0.0935429971,0.0034508982,0.0084361628,-0.0005621328,0.0008652975,-0.0016194742,-0.0000625446,0.0020831998,-0.0053565002,0.0063781811,-0.000318098,0.0074802059,0.0016310119,0.009611502,-0.0116150512,-0.0035036085,-0.0033094223,-0.0040373703,-0.0041857065,-0.0059196507,-0.0044020318,-0.0004018593,-0.0102673498,0.0002215178,0.0055695479,-0.0039784465,0.0045469596,-0.0206778141,0.0014068488,0.0003825349,-0.0049172912,0.0029463716,0.0012917309,0.0017755763,-0.0028728554,0.2428837267,0.0030721131,-0.0037302831,-0.0010706367,-0.0066230176,0.002927558,-0.0081380141,-0.0065530519,-0.0031925565,-0.0025901031,0.0046074589,-0.007487552,-0.0083846531,-0.0016175748,-0.0041657079,0.0055530339,0.0007888782,-0.008250047,-0.001536634,0.0015388114,-0.0022023298,-0.0049098311,-0.0004785412,-0.0042972904,0.0048330944,0.0087036462,0.0033392639,0.00126711,0.0040681423,0.0030562011,-0.0014281848,-0.0085977432,0.0014239599,0.0057730475,0.0010755499,0.1193963668,0.0012016752,-0.0030150358,-0.0003266763,-0.0053947944,0.002369423,-0.0010006928,-0.0040796212,-0.0007700825,-0.0015004721,-0.001208213,-0.001045804,-0.0060839614,0.0008368626,-0.0054033105,-0.0007631239,0.0029531435,0.0004099028,0.0011951053,0.0015973433,-0.0035429292,-0.0046264176,-0.0009072313,0.0000537175,0.0003355397,0.0035043098,0.0037325723,0.0008763277,0.0038176969,0.0017906093,-0.0007477775,-0.0017401494,0.0043282968,0.0050609756,-0.0040830001,0.0143191045,-0.0065943222,-0.0059381164,-0.0102404814,-0.0012440486,-0.00672607,-0.0024484199,-0.0057301829,0.0062210383,-0.002439751,-0.0089655565,-0.0026538533,0.0076153849,0.0009857465,-0.0062412918,-0.0007773473,0.0026472559,-0.0028699068,-0.0004106384,-0.0092165161,-0.0036889018,0.0032412221,-0.0013124344,0.00406047,0.0016208819,0.0045248333,-0.0061558112,-0.003104878,0.0012996388,-0.0028632336,0.0050904175,0.0004227389,-0.0023740078,-0.0073579614,-0.0015152295,0.175911503,0.0026647192,-0.0007205568,-0.0020605191,0.0017346585,-0.0037433657,-0.0040082232,-0.0027561536,-0.0014565815,0.002298122,0.0064684489,-0.0020678435,-0.0025324395,0.0024072804,0.0085566984,0.0038098073,-0.0041501388,0.0048305245,-0.0056046326,0.0042934389,0.001257388,0.0077648869,0.0029847345,0.0031076297,-0.0053566755,-0.0020322891,-0.0005547539,0.003344905,-0.0019507334,-0.0022182535,-0.0052775706,-0.0004474932,0.0132999563,-0.0038566895,0.0008387132,0.0863407582,-0.0059839826,0.008031208,-0.00514343,-0.0061947133,0.0003794738,-0.0046108616,-0.0020546374,0.0002520416,-0.004306709,0.0066048947,0.0041014957,-0.0037704031,0.0091921674,0.0140303185,-0.0029308835,0.0003605731,-0.0042390394,-0.0058732842,0.0012939384,0.00734539,0.0055905918,0.0054001612,0.0027418326,-0.0071736554,0.0075900937,-0.00150533,0.0133917523,-0.0042202042,-0.0025536603,-0.0058999355,-0.001616434,0.0098590776,0.0024609198,0.002313139,0.2348408355,0.0011716855,-0.0034182713,-0.0025837934,0.0132297797,-0.0124107394,0.0050573252,0.0060921437,-0.0010965713,-0.0013153651,-0.0012222846,-0.0147557498,-0.0032833885,-0.0042043364,0.0004485116,0.0033143016,0.0013175855,-0.0010439142,0.0040006091,-0.0042163459,-0.0049632398,0.0070040802,-0.0070531642,0.0006693418,-0.0063487354,-0.00045551,0.005173588,0.0122136297,-0.0063093011,0.0037154515,0.0057068344,0.0041157339,-0.0005928823,-0.0020150609,-0.0033120673,0.2336758951,-0.0023782083,0.0001588576,0.0013763828,-0.0075965321,0.0022808217,0.0047549485,-0.0051591064,0.0031379908,0.0005163014,0.0057652181,0.0055490443,-0.0060069612,0.0026421279,0.0048439418,-0.0001292406,-0.0018372373,-0.0015423491,0.0129287359,0.008225544,-0.0030091815,0.0041297185,-0.0021891074,0.0006681028,-0.0027651294,-0.0125044658,-0.0049108439,-0.0099093993,0.0101359253,-0.0101530492,-0.0061001611,0.0019161031,0.0062717722,-0.0044729296,-0.014069015,0.0457033404,0.0083443544,-0.000223245,-0.0008198701,0.0028450753,0.0028162736,0.0006500385,0.0063008612,-0.0005034139,-0.0068420935,0.005115755,-0.0052024581,-0.0022545626,-0.0009503756,0.0011802962,-0.0013203637,0.0045376839,-0.0005990363,0.005658443,-0.0172156866,-0.0000424212,0.0022783276,-0.0005095058,0.0058104715,0.0074549119,0.0025197335,-0.0021761537,0.0078332433,-0.005371951,0.0014027257,0.0007107835,-0.0003649121,0.002906139,-0.0056005019,-0.0016993351,0.0764995365,0.0030720472,-0.0020835385,0.0027230836,0.0022307045,-0.0042939072,-0.0006797534,-0.0049415192,0.00028538,0.0000048223,-0.0039523952,-0.0042366663,-0.0033685621,-0.0042879109,-0.0008052655,0.0025168816,-0.0030939857,-0.00276247,-0.009486915,-0.0011938264,0.0028875656,-0.0020719012,0.0000068356,0.0046058493,-0.0025317696,-0.0013508507,-0.0112878506,0.0002556071,-0.0005203774,-0.003545215,-0.0072978387,0.0108865028,0.0036314467,-0.0039038953,-0.0083148839,0.0877447965,-0.0000001111,0.0000003821,0.000001255,0.0000018652,-0.0000013039,0.0000019761,-0.0000028249,0.0000002017,-0.0000012171,-0.0000007003,0.0000004244,0.0000005444,0.0000009139,0.000000403,0.0000002277,-0.0000002098,0.0000013443,0.0000001594,0.0000015532,-0.0000000052,0.0000014026,-0.0000002056,0.0000006637,0.0000030705,-0.0000038254,-0.0000003069,0.0000021931,-0.0000019162,0.000000879,0.0000002206,0.0000000268,0.0000002347,0.0000004655,-0.0000009006,-0.0000399894,-0.0025036647,0.0015288006,0.0055838686,-0.0000968835,0.0008407565,-0.0022104712,0.0026612404,0.0047191653,0.0093662446,0.0045347319,-0.0048680829,0.0079442681,-0.0015255574,0.0052570862,0.0030239909,0.0020587742,-0.0047759274,0.0056640146,0.0082067825,-0.0073457689,-0.0022980202,0.0024949406,0.0050172296,0.0044316855,-0.0011350734,-0.000103197,-0.0069056402,-0.0026056159,-0.0052004455,-0.006063159,-0.0052297365,-0.003049794,0.0137594068,-0.0009306089,0.1604936891,-0.0065718326,-0.0005268369,-0.001412311,0.0056936957,0.0000467714,0.0024082628,-0.007906507,0.0018616545,-0.0026340718,-0.0088884034,-0.0046262561,0.0083882283,0.0056563794,-0.0012156453,-0.0012242989,0.0053907845,0.0029559878,0.0046646815,0.000407745,-0.0066575252,0.0017448539,0.0075434063,-0.0134298785,-0.0005695769,-0.0009265513,-0.0013682258,0.0011444194,0.0013387187,-0.0097964208,0.0056120326,0.0032190821,0.0007945229,-0.0035436354,0.0015283159,0.1281587946,-0.0018883122,0.0077626037,0.0101294387,-0.010118849,-0.0001868824,0.001067023,0.0068031547,0.0073340709,-0.0030784599,0.0015812256,-0.0051211317,0.004368719,0.0114880283,0.0054762147,-0.0063870636,-0.0071029706,-0.0001569513,0.0041366215,0.0099935065,0.0024685905,0.0044629978,-0.0002880343,0.007888754,0.0035514041,-0.0069178659,-0.007646371,-0.0023647032,-0.0030739299,0.001014771,0.0041451468,-0.0069429467,0.0041758279,0.0035843703,0.0022282362,0.0456019099,0.0008162926,-0.0086142531,-0.0035696736,0.002430469,-0.0025628891,-0.0042984479,0.0050436203,-0.0092883854,-0.000524734,0.0082031988,0.0000253757,0.009176822,-0.0071045436,0.0023871772,0.0001438896,-0.0015164108,-0.004010965,-0.011707228,0.0064363216,-0.0054952001,0.0077081243,-0.0052367594,0.0008146331,0.0010292726,0.0048884041,0.0029561237,0.007867949,0.008868081,0.0029309976,-0.0023786484,-0.0032997933,-0.0013331873,-0.0020005719,0.0076924106,0.1521259921,0.0009954539,0.0010815743,-0.0016165606,0.0032517994,0.0024721037,0.0019428597,0.0030362944,-0.002577416,-0.0024494328,0.0065102505,-0.0011041997,-0.0040920423,-0.0031041939,0.0001781273,-0.0001327906,0.0024221661,-0.0019183272,0.004111961,-0.0043062266,-0.0004665594,0.0055542935,-0.0034716007,0.0001436525,0.0011628618,0.0023930496,-0.0064975572,0.002694106,-0.005464067,0.0003486403,0.0025125021,-0.0025973705,0.0002091822,0.0003511595,-0.0022746006,0.0043098689,0.0054936138,-0.002645802,0.0045988537,-0.0005166134,0.0032850011,-0.0027446317,0.0012303548,0.0039611877,0.0019394991,0.0041155538,0.0079402997,0.0024932975,0.0011803751,-0.0022237453,-0.0042346123,-0.0009403936,0.0050177425,0.0034364839,-0.0087467496,0.0079577239,-0.0070488181,0.0011600108,0.0012758103,-0.0008519679,0.0010574695,0.0056660258,0.0022375366,-0.0005564503,0.0003790264,0.0009053189,-0.0008253552,0.0021734295,-0.0070578947,-0.0031693003,0.0624530615,-0.0007749083,0.0015901776,-0.0020579395,0.0033055831,-0.0034062218,0.0000404922,0.0035433908,-0.0055731826,0.0026451624,0.0005832583,-0.0042783342,-0.0028128166,-0.0017672215,-0.0005530515,-0.0027676708,0.002923572,-0.0018886026,0.0020136876,0.0052506212,-0.001574816,-0.0014344391,0.0026496551,0.0050984113,-0.0060095438,-0.0009820549,0.0030019325,-0.0026662838,0.0007989717,0.0039189012,0.0050969227,0.0025148808,-0.0009478507,-0.0078330187,0.0054006665,0.0550571902,-0.0030835729,0.002950901,-0.0056653836,-0.0034476677,-0.0000636833,0.001845215,-0.0007178214,0.0007493843,0.0002726894,0.0052495066,0.0012258264,-0.000869738,0.0031878077,0.0003981011,-0.0023999504,0.0031526882,0.0026116179,-0.0006915897,-0.0042583384,0.0024420455,-0.0026540514,0.0012840587,-0.0025474466,-0.0045028546,-0.0025925394,0.0025136704,0.004058268,0.0012877593,-0.0028369556,-0.0040010765,-0.0002999574,-0.0027249573,0.0021432792,0.0037605445,0.0615537695,0.0144243887,-0.0072931403,0.0022334978,-0.0024684718,0.0040249679,0.0057864207,0.0032378212,-0.0108478346,0.0046159548,0.0052989037,0.0002845919,0.0129869169,-0.0040970303,0.0034261891,0.0006755407,-0.0001369173,0.0057847678,-0.0095096955,-0.0118607793,-0.0009414625,0.0078510478,0.0007439861,0.0002140259,-0.0055074758,-0.0070606887,0.0098161245,0.0031246436,0.0015281695,0.0051185008,-0.0067589398,-0.0012989268,-0.0054418779,-0.0083975785,0.007287132,0.1907456417,-0.0069576351,0.000161625,-0.0029806296,-0.0099344127,0.0101613871,0.0006564982,-0.0057047877,0.0061448452,0.001832339,-0.0016917524,0.0053174693,-0.0132524112,0.0027110876,-0.0001137538,0.0043200919,-0.0031498368,0.0089093278,0.0020131291,0.0072446895,-0.005703968,0.0001276795,0.0049028267,0.0078724396,0.000236681,0.0074704623,0.0052510584,0.0044798089,0.0028568431,0.0016756647,0.0001416507,-0.0011563357,0.0048653355,0.0023102097,-0.0045032759,0.0502947298,0.0116196564,0.0034209569,0.0060195014,0.0003533175,-0.0107246354,0.0067692247,-0.0020346534,0.0005796327,0.0007016603,0.0038331457,-0.0025212874,-0.0018529169,0.0082950611,-0.009939668,-0.0003448807,0.0045664706,-0.0018385493,0.0064049232,0.0110240217,0.0004398797,-0.0013337658,0.0077846722,-0.0000356132,-0.0054253048,0.0015643936,-0.0066301097,-0.0045918061,0.0030855078,0.0004074374,-0.0022736501,0.0092606428,0.0072700644,-0.0007224839,0.005900488,0.1071329445,-0.001066754,-0.0023315897,0.0041340249,0.0058173041,0.0086338825,0.0057042939,0.0017328662,0.0016490098,-0.0028817277,-0.0030706282,0.0009402877,-0.0000182611,-0.0013307963,0.0009619394,0.0003938744,0.0007938238,-0.0028328573,-0.0031058131,-0.0084280998,-0.0026853908,-0.0080715761,0.0067319164,-0.0035965305,-0.0005977238,-0.0039238824,0.000749913,-0.0008278604,-0.0022734453,-0.0038200752,-0.0044250666,-0.0006217621,0.0031052681,-0.0085705377,0.0031566717,0.0670977319,-0.0068170875,-0.0040688252,0.0076177564,0.0041598547,0.0055271093,0.0034209932,0.0045308398,-0.002264503,-0.0036137084,-0.0036743002,-0.0029045842,-0.0030988269,0.0006327114,0.0016008424,-0.001390264,-0.0103532939,-0.0029072484,-0.0000647062,0.0031251525,-0.0049729808,-0.0054443651,0.0051948364,-0.0040041423,-0.0012462657,-0.0052783397,-0.0026604807,-0.0034527847,0.0001144671,-0.0079555433,0.0012043043,-0.005691536,0.0000995375,-0.0005227146,0.000676347,0.0690698556,0.0087382391,0.0016381443,-0.002729188,-0.0064908629,0.0035223371,0.0010263573,-0.0032546339,-0.0070737393,-0.0014045965,-0.0090280384,0.0049219029,-0.0009515826,0.0014872818,-0.0031817036,0.0006857731,0.0035601582,0.0010984247,-0.0087891276,0.0016425086,0.0007183603,-0.0050891486,-0.011341675,0.0049457002,-0.0035875538,0.0000535053,-0.0010391959,-0.0079367989,-0.0022072489,0.0008902982,0.006863782,-0.0125365816,0.0036468391,0.0070022226,-0.0032747801,0.1372715375,0.000718051,-0.0156350093,0.0011059429,-0.0096963139,-0.00501879,0.0013594432,0.0084482437,-0.0111191203,-0.0005683784,0.0062855855,0.0025323706,0.0044658282,-0.0010735903,-0.0050663953,-0.0007641034,0.0008160431,-0.0076656437,-0.0099605788,-0.0069876927,-0.0038628454,0.0002908714,0.0004735126,0.0021384338,0.0071020516,0.003049752,-0.0006435493,0.0029828154,-0.0033649639,0.0004977184,-0.0026918705,0.0056724832,-0.0045986011,0.0005496756,0.0003024599,0.1271059986,442.2305582525,-1588.4294293891,-5266.956061977,-28366.7189368486,3584.9127019003,0.7943579577,884.2608649159,-1929.9510814083,22679.4243865302,-0.955425061,0.5840290975,-6392.5436524513,30113.6250518596,-6421.1350451259,-927.6585249144,0.3341361452,-0.6893403519,5653.4833491568,22678.6205879343,2494.8291571249,-13701.7281817591,6283.9304856498,15849.6048364976,-0.6617215444,186.9829103336,2.4731300231,1.1396034846,-44.9074127258,32863.6177298746,4267.633395379,-2246.2978395687,100.6191202,0.1253117464,36951.3844940801,-0.4347648675,3795.8860274463,-7749.5797940713,-34429.3185554759,-2036.1377712547,0.2530134695,-7339.455834573,-26292.5300234747,2.845859513,-11102.3107772288,-139.8568938468,13108.4351925236,-5753.8192198588,6371.8567909763,0.7574213699,-0.1400483322,-0.3445196947,1788.4417438421,-4.9835984002,-5058.5277010668,-8731.2196238484,4610.6255442627,2797.1039899435,-3989.1438280647,-2343.0185055971,6850.3973499,1.5869798229,4748.0493292594,-0.5354453124,2091.972446573,-2332.2915891665,5921.4121063863,-34.3903025923,2808.7304509062,10165.0322931689,-4870.8688019053,-4196.8883844088,4487.5069513523,-3550.6279077954,-8801.5570394836,-2096.0908849214,-3454.4483687822,3885.0621338275,-7308.3656870797,790.5672724614,-5105.2898158335,-4766.149092185,1869.8838238632,19058.9036478057,-7595.9925583022,-10249.4273111434,2135.5303598436,1.365665668,-9427.938944169,0.5566538023,432.64110954,0.1329151512,-27578.5632766161,2758.5838128069,-4682.5494888159,436.5427832836,-0.8389237594,-0.0985202878,-94.0552099318,-815.012119784,0.0056223121,0.6103566605,-0.8418717535,0.9249137564,-4681.880010309,0.2108621039,7412.6768056506,9599.9645970221,0.4884475435,0.3329333611,-10.116177371,4265.2136033412,-30275.7808814745,26035.7810457566,-4267.9072911208,-0.4074888234,-0.1733705142,-0.0038756257,-188.6422776764,602.8806010494,-0.5192615508,-1613.674618048,0.6777358246,-0.3423467274,7468.1640811562,1505.6443785071,-0.1538673297,0.7269778072,0.4268634266,727.8432903208,-46.3357989529,-4849.0034747109,1.0599960994,0.8581506437,0.7426378052,-3568.9407809288,-0.4019918814,-13526.273197637,-2076.1503889225,3096.0756088305,-2987.3897803893,-3250.8187086485,15058.7956721076,1836.6181807862,-3121.7746067966,-5943.2408352236,4032.97161627,4.1824085963,3.0123595961,-108.4355379988,7.7977842795,6839.6252360454,4012.6079691679,-4724.4404622457,10440.9279419211,10529.7277861646,3616.1113923771,-6538.4638126076,543.6019375877,-907.9551711709,-8081.0378972896,-1533.6899318303,10830.4888395665,-7380.8917360552,-0.3366470394,4335.9966886545,-826.7250735049,10490.523027201,11661.5987766636,-9826.7882933051,-9229.9755704973,-1.5311172303,0.5588617108,-48.2379091868,-19.1100999604,-0.551650125,557.3451667592,-2622.5879115188,-8941.6891442119,-8.1964529558,0.462715046,0.3481044435,-19796.6064409638,-389.1623902928,2597.0827820084,6625.0331379484,-0.1170768986,-3.4589677185,0.2421923758,-7.468459944,0.0442521117,25980.7039369528,-1.8899987496,-1.2960289316,0.899798894,-1286.5890680136,6540.5718979308,1.1299528186,-239.258743544,4.7638220236,0.7287484294,-0.1035716577,28485.9260696458,-0.7652425101,10470.1122598914,0.2346720275,11053.807663552,-1523.5634193877,-1.2950882634,-17554.1224787167,-0.7683934256,1.1005966198,0.8118806981,8121.5537392753,0.923974094,1.3249745339,0.8356421948,-7031.0858190735,1510.0016353977,-2.2163549778,-126.0190429422,-0.0787772785,-335.1404872048,-8226.4088786716,-219.2694402335,1919.6895324074,22247.2676149846,-1877.0521202143,-3496.4663194934,5390.8873315698,1722.7995206909,-6543.6660954461,-1006.0649872569,-2586.8401576474,111.9835606394,-51.3343197161,1407.2027009832,-5334.5306974691,-298.2105491593,2219.0435578304,1217.34784124,-735.6905224311,3279.5217402812,9286.2077282674,5412.6876796518,-7271.4082824455,58.3836900994,9967.7252512784,12048.3768350084,-2178.345974873,3575.0258847544,-6107.0975092305,1.2369362493,-10912.9959038334,11703.0172702122,3137.8646842568,-3479.036789569,-13.0349190501,15227.6726954905,0.6447083587,5645.7686406032,5355.5342004346,-415.4761529735,-3829.2658507777,-17109.0235434241,468.4466078472,-0.6315197406,-19.4724823885,-0.6524769704,-26139.1942404949,-0.9253386651,-0.5604842089,-10449.5730858933,-0.857257708,-17109.1145321608,-11835.054594175,-0.0976523203,-392.5029177065,0.9605763277,1845.2687567455,-0.401355027,-9956.9434635932,-7131.9726889879,-2402.3239346548,39401.9085366294,82.4775526471,-0.0535392137,-0.3278130078,-2867.6125586725,6790.582143175,-0.956467321,-15125.9209133329,-0.0286636459,2136.6869750578,0.0074382918,10870.3601675977,-32589.8013200555,-1283.4925450356,-0.7437476472
   0.5865709158,25656.0989277204,-4598.4660275215,-1714.057171784,1.7552567025,-9572.9772929961,-0.0957406275,1.4634187792,-2464.2434640377,2707.1050863559,1183.3567757358,5394.6799915859,-20.6940184163,-1880.1689716657,1082.6834432124,4475.5004690311,-5493.5194937588,-28903.270015812,3044.3704826934,5.1611638015,5.2776473468,-1846.4673132723,-3651.5194663631,1137.6785323261,332.6048921279,-3919.4541092613,1938.8574435642,3106.2401847516,-5.1187786914,-7237.1266110976,7913.8737878943,-1273.4845923322,-862.9807344204,-875.8199637804,2831.4541142021,6715.2845004688,-1486.1911661985,-617.2458152535,196.976091285,7775.8013675673,561.1524141738,2258.3377340385,-33352.0339677322,-919.5246073772,-3576.7360381292,-1319.8706892457,-560.5997429686,-717.143948675,-0.7770633022,-17192.0141683482,-0.6627762879,0.612976312,-0.3874206587,-20243.5882265019,-1311.6269281754,2.8937963706,3313.503872679,-0.7134494061,-15834.2065970705,-16603.9146552258,-0.8043073246,28764.0898459849,-2.144555665,1.0237547055,-8996.8327074703,-792.2828673633,8672.3325912612,7410.3095527895,-0.3597555385,0.6864647176,21095.6491614228,25889.5096083737,-8498.191664381,7027.1938392121,1.0427722394,25982.9753580073,0.6083724423,3448.2903547132,-1737.1689785112,-2336.790459316,-1657.6765032893,0.528885861,5517.2130447248,-30069.476878988,-9423.840330954,-0.8902955162,-4429.948017034,0.9281398728,-4554.7915926477,-36130.9990980827,42034.0199295645,-1490.345449465,0.8968956671,-3691.191180095,-1481.5505112792,-5615.6537491881,4765.0198675728,26.2746390395,1876.8138373486,-3859.443691728,-2403.1377733728,459.1118879205,175.1335109181,-3703.6761282228,-1477.0675664645,-2912.2334594628,630.1686850403,-1532.6266489728,-2710.8013576628,3900.5966755743,-1613.740694902,14831.9807554912,5766.9837953376,-4588.5317463108,8265.5718200493,756.1323979743,-17305.1962795108,-6103.8635385605,965.7342220331,-4454.499056879,2084.1250050256,12314.4206534359,866.4360126124,8060.6607353633,-1106.1713885046,4032.0147264411,-12698.9204052903,10.9217708812,-996.8763240805,-0.4494682751,-0.4386619027,1365.4036512879,18449.4081400598,-5074.8818450026,12.7583584489,2525.9008902519,-7096.4935994651,0.5551443243,-5411.8344890083,2.2038908247,5329.0334307925,1.3536969461,0.8387201168,23.7848941667,20516.2037869634,2525.7149488962,-14531.1189182245,13223.0999931669,22071.4110646366,0.7984495276,17539.287822132,1741.3172818501,-0.7011664117,-0.4975426256,-536.6230947334,1.9288121989,1361.8201825595,-10976.1139401985,-1212.9488136757,-33348.6173339578,-1503.4528541757,-0.2242273585,-9308.144403677,0.2208335845,12743.9743455812,-2.9287663401,-37548.5504325865,-11652.5958551256,-36.474613216,33731.38451415,-3304.4952165793,-0.138558398,0.0316813895,2937.7437465968,2549.2589918089,0.7878370327,-713.9547114067,-0.2184738947,-467.873736407,-2366.5747636544,0.6108990567,5167.3372621943,-3285.2939651939,-46.9646478982,2031.108621627,-3817.2960626372,2435.5277659776,-35.3743585229,-2356.292504502,1849.9717274404,0.3010220187,5.3669430477,1549.4576740663,13160.4706048581,-2766.5950851649,3240.2155499981,11580.3868737908,10940.6208393539,-6050.0583420828,-1228.0986561058,-5588.782701361,1657.7638823157,7901.7893555114,13878.0249449668,-2501.272859975,6083.2051439872,2681.2658947472,1309.0871917195,3657.1326357342,-2147.2858569883,-10899.391289607,-461.9256257842,-16.3110615035,-1661.1938619889,-71.1733484851,-0.6774499033,0.7502904207,7.2586155404,-1441.453506552,-17199.4794171788,-4096.7347956894,-132.5443472024,0.283588574,-0.9047117535,3944.0842006891,-0.2403676929,-12.4506761554,0.6492658723,564.2891691436,-9272.8812475989,-4097.1604796655,-21939.7791289313,5266.9702909316,11903.9430600315,-0.3939677775,2610.4225217462,-0.9929370391,20.6594290997,-2.4373577887,-0.7987592495,14001.6816134504,-1.1533806774,-0.4089230923,-0.3047089329,-0.2544763341,-1246.8938065734,-0.9542078849,4472.2858150857,0.0268593627,-2126.5156098729,0.1281751641,386.37065465,-17301.3233525952,-13684.4912965282,-0.3478428279,0.2063415185,7163.0950196735,-0.6275318747,8161.7021493994,21650.2665890627,-251.2959222136,-0.1557951602,0.9246211953,-2564.9135103968,2428.0626964568,408.0656056518,-26888.8211612361,-18.2915221417,-3420.3329919423,16330.7496803886,-11467.7275163182,-774.2930986371,2399.7814766039,-7235.7680362545,30255.0656466209,8767.2826109248,919.8138752984,5427.7145305144,17174.5629870668,-15220.3595848297,-8127.0442744283,-8557.2483885832,-26626.1729431868,-8553.4443655235,5312.5630843309,23461.277057783,12148.7164770235,-15514.7148118352,-11436.201821147,15607.4955701612,-92.7249798321,11610.4810118027,-5005.1056984755,-264.7862770118,-35682.9146464974,18304.5262806257,309.138437599,19028.5206787961,1971.8970477343,-2.1912944965,-403.5702975825,0.9213707953,2.1443135087,-1017.1745129309,-0.3610825286,-13297.0141984949,1.8577755604,0.8523720141,-5681.2673616331,-6231.7123103753,-0.2038377251,1837.1318217938,0.4525074126,-16898.4506082895,-2177.2586366803,-13297.6612221411,-1188.5762245049,13432.0555797282,1615.4034022455,-28872.3939766687,0.2901353574,519.7213645008,22394.6467440297,-8626.1515396976,3.2001413636,-363.2596600636,0.0492840914,-0.0528504028,19814.1124437916,3190.5486383474,2285.2881048145,-0.4944995949,29516.8232128801,1.0031556103,11344.2783501095,-347.1511142369,11.6648912115,14946.9236517069,-1.1883311857,-2.2584447889,-0.0479703869,-16054.7078911643,2165.4120891029,344.0156311269,3048.6572559454,28.8278718578,-7180.080460691,-9.0124805623,-23.9643508242,-15765.5682808691,43.4440616016,-4201.5673729988,-2464.1416943139,-2412.2107206365,12695.4095511377,-3494.1485064723,-6269.5693856363,-3789.884951539,-1417.7330585469,7388.9392586428,3662.3949228405,703.3314651436,-75.2947577112,4851.7378955921,-7251.2118530378,12074.0453220801,-4946.111956224,-8494.8735629331,-2778.5295594522,-1002.960546559,7650.7148023034,12496.7696677703,16.8826324045,5235.8833191879,2768.0312531461,-17317.1394758662,-2236.3348075333,-1336.5552213559,-83.6585900889,-4682.5003895224,4757.6132027724,7721.049967138,59.2058348135,1.1453654431,0.2371110387,2145.9132818537,-0.4039959531,-0.0325024331,-1333.9725802155,0.2616153671,-2425.4507362053,-0.6342204925,-0.600790792,-16.7113987401,0.4485856489,1635.8417877609,5491.7218815458,-0.4124462106,-1.8112649159,0.5165961834,-2425.1776649472,1111.3263380994,7296.754884732,-22983.1751297176,6079.1397106766,-8229.3994878556,-1.0789235522,-7843.5586381732,-14213.2922490322,1.0778514003,-16415.4999954433,74.0987349938,3809.8559771235,21811.0356301118,-3594.2048132589,-0.1929879396,-0.4675077637,477.4763458733,-0.3756052566,3.3346390631,2698.0735547423,26.6870090141,0.0903789533,-0.4515687924,1.3436678249,0.3616432558,-0.1955414577,2493.0325649045,-0.2060700486,-0.9233672031,-484.5208996779,7.9944353974,-1.1367547447,0.9166864257,3249.3197977762,-4101.6835302227,4596.0862083294,-2054.0235322723,7059.8311842783,14197.1549205622,-9071.0098731688,7025.8218125926,-1691.5883400725,-22391.5929800489,-3602.9277744924,2689.1924646062,-933.7171272965,-6530.1924988466,4060.1246915394,4603.7203215806,898.019485884,-10298.5666298159,-1624.2660273063,-17788.9332587362,-10872.8617728383,-3255.0727867163,6037.2457217304,870.941901109,-7821.5395750998,-11250.194339054,-9716.3762337877,-12907.7230631761,3651.1613128185,1058.9580597825,-12815.788110555,-16061.3986687393,-14905.9273049701,-2967.94659814,-1.2042372235,-8351.8630285036,38.3301134652,-3200.9142042134,-0.7012741107,38717.4962381379,87.4972582924,0.0363761057,-12018.4946018586,0.2300593269,19196.9084549347,8093.5764635731,-0.4212101695,1158.3325897155,0.8035862474,7896.8504217214,-0.1436103355,0.49689158,-1173.4114900745,-1168.4496901935,-1389.9291385046,-3888.7741439026,0.1104246109,-3102.7879348327,5215.039522037,44815.6845518612,0.0592332266,-384.2281886078,533.8456799854,-0.9012716305,-0.2331210388,0.2485388006,0.5026099326,0.6246390943,-1005.5892168925,7817.4450696201,7538.7171516617,-8658.3734775806,-38911.4321032564,6379.1079361318,-0.281477228,0.0090355983,-1.1163833999,867.4613750952,-0.8326837632,12870.1790926908,3361.7695044211,-13118.8954491961,4055.7734427042,-0.7221842589,-4074.0650444054,-2758.6080342188,-2012.8313126088,-4581.0302472916,334.6176123381,-3387.4926659033,-868.3906717571,12699.2119010099,-5494.3733647342,14.1784272045,-4368.9036227247,11485.6137474452,-8984.1084196011,10292.0178672816,-1826.4459034973,-6230.7741498379,-1382.5807061917,-1793.9548926935,0.1695882558,590.2999178718,-535.7859317134,-2121.0909259412,9002.9455503128,602.80737807,-3296.6372149437,-3516.2934459997,4247.8772542361,-4835.2697778391,13082.622438124,7077.3612612768,-13411.0526882954,6436.2541451988,1708.6449324941,-2736.9954549961,-56.0032142667,449.2739788557,0.387663283,-1.116503151,-12242.4267821326,0.6873414675,2638.0860627861,-3225.9253890537,-3145.0018191647,748.0935221378,0.1428584957,-1.1701496189,-4980.6256495955,1.1430703963,0.0337071251,0.9105517724,-1.568068589,-2.918051242,-3144.8402071085,-6.5599563048,-8939.3450189174,-510.7795619755,4257.7333667905,-6284.5784123459,0.3106372426,10653.1942890284,7.4834452494,15393.8529286736,4.030824334,-0.5445252065,7444.7772156055,-1.5697206667,-19.7445306933,4.377435737,-0.1121273507,-209.2994611907,-0.2304648483,-1270.8858829015,11334.0689767251,9980.35235401,-4.1546270059,-7230.1137765859,-938.5711607789,-0.1746822819,-4498.8738996545,-2277.8540073555,-1653.9901976475,-34169.6534242116,-0.6020753196,0.2448461314,-0.7755569972,0.5414009828,-297.6506089011,3.0896320967,-826.4759150388,10206.6750805233,2582.6578734885,-8578.0053257611,-1677.0870767564,-4823.4538526661,2092.1651158443,9772.7472614278,-884.9654016453,5.5044212279,-18.2280336289,-1978.3260241897,-6109.5737567348,58.5153183192,11405.3741710723,5590.9817194457,9367.1693611115,1170.36607402,-3008.8042907772,-3702.0347100251,-3352.4967254405,8767.7276077187,5984.8846440201,-97.6090314666,-6391.6356840427,-6932.9581364779,629.6169316462,1097.7193236806,11189.0678716181,2119.5275778408,1023.8585014826,-4579.6617687332,2556.7494256986,-0.3801582301,1201.8232911776,9.707325134,-3359.3530689968,0.7593124793,-40236.5158996086,-37132.6000870865,-12025.2781487803,-0.9434574967,-0.0521925668,4.8440240109,-9.0826428946,0.908963775,0.4825734189,11878.1460710759,10555.6643088599,-37133.5108525397,0.3364885527,-29351.276655788,11045.6485428156,14775.1009452212,-1.0568194584,6.8230177479,-11405.9273532339,32728.9867152556,-0.8220995231,-3678.4046547045,38.6947028462,-4865.5137024878,-0.5801364825,-14789.0476819516,4580.9593526386,-0.3351144289,7675.8246051923,-24.6653099313,-8180.8854112689,-7680.1354829646,-15734.0242589456,2122.3930854344,0.2429365527,27451.0752816607,222.4060836591,1601.2703336493,15366.2329996087,-75.7903551433,237.3478557563,-5349.6464655824,-1.0465197001,-1.2311685233,-2.7353640057,9677.6476854584,9.9888717466,12726.3020971216,-1130.5878364906,-1.7572634718,5060.4565088753,-1296.5053415492,-2132.58407098,3.6252059018,8175.777697673,-2113.9318202633,-11350.2966651254,-6021.5785209346,-2695.6950072947,-5020.3090055816,5607.0853737571,-3965.31606953,-12543.0076345853,-152.7577526678,-1579.5333770679,11179.4182327873,-4280.6893350403,166.5885529549,5707.8557338232,7454.3957359938,-10418.9107140562,-3875.925545117,-180.7556857,-11557.1796352408,-131.8907117409,12897.2482437467,-3726.8750393503,-6165.9935782406,32250.052386142,1805.2273544087,-0.4502245744,-0.1787359416,0.3275026267,-1.0294001358,-4325.2884453643,-0.3081060369,0.3588200995,0.3949258906,0.3030859396,-0.8153468074,-0.8435559518,-1.0901981773,0.2846193018,0.6987005476,-2.0338518444,668.5537881737,0.7971183728,-11448.981096678,-60.0746899176,0.3555533098,0.2312636098,0.9002650046,0.3409438912,14958.193130095,-6343.0119259221,0.0446781046,0.7024297663,0.4710810386,-0.4932446446,0.8329892883,27.3807355701,-0.5644840641,0.370919657,439.0624985865,-425.7607226408,1.1937196618,1.4850989562,1.1272004707,0.5854198905,8756.0255429896,-0.8032648582,6317.6435511064,-34563.2916081377,-0.7353632312,-0.6311304428,-5008.3832838188,555.3512198973,-4650.2913939271,-0.0247966203,162.4900778945,-100.2666327862,4925.5180495979,11448.7934133422,-9273.3330879852,3452.8425320346,-746.564637339,-54.7583490235,-3201.7285225509,347.0148886611,220.8528739116,-1798.6589747391,6280.522003767,-2121.2939787805,-7874.8786598725,13923.8551662437,412.834345108,-1943.0839039536,-11895.8978938073,-5186.1781104416,376.9479480814,12708.4928657014,12676.5592135552,6819.4454994077,-5483.731124247,-14322.9531507844,852.1170647644,1527.7440886103,-3105.6692309018,-1492.4854505642,-77.7713485492,-23123.0225360413,8252.7025933222,6919.5673294764,-21512.2295383581,74.8271710753,-3952.8230091124,0.8131540651,0.1731145599,-3.8892730643,881.4759224962,-8446.4750825251,-2602.3925526366,0.3775303418,-0.4433446433,5460.005930112,-1821.596935286,0.4479430215,-0.4782594438,-0.8623833751,594.2613049184,-14699.9495397018,-2602.5476745355,-3408.0735317816,33913.1442118529,3849.9360941148,-1.1356891057,-0.1195480806,3.220595332,2156.7678209307,-3828.6613259591,1143.3173622109,1176.918452213,0.6874518544,0.1487234208,225.1516435549,3.1959431699,0.4610973656,-0.3303370781,5230.5145054918,-1459.632053495,2443.5211059858,25.3744649071,-29.4350619434,-0.8165225288,-8114.731032833,6.2678889127,2792.5795064394,-0.6374999493,-15684.407067159,323.6570783202,0.401313153,0.1561981715,77.5615137539,0.9122628288,7550.5060623727,48.620690026,-4778.1915334813,676.4253369035,4005.786880253,-7793.3975788156,-3754.302324803,-15035.0385957654,4494.2227526832,8.4316855271,1024.601903011,2906.0896471362,6528.1934293278,7630.4776598002,192.2579803513,-1621.3615159647,3703.4702197126,2561.9108501362,2241.2053453519,1391.6230078459,-3363.6845917502,14344.7533099604,-2960.8617681796,8113.1707163791,-1493.4225616625,-2855.9567076506,-709.4513661583,-561.2694753883,-2406.4305064867,-3209.5496555778,-2707.7624575962,-1889.7446388067,119.3382323464,4198.9155356493,-9937.8461312904,-5498.6700796989,-0.9055053985,-1.6361968133,-1.0720193383,-1777.2644696137,0.8006275563,9593.2468970524,3.2528913298,0.0200258849,0.5689881103,1055.6946686433,4973.9556645244,-0.5716703543,0.7224617745,-0.6391670994,-3571.3251453155,-4.8165493563,2.8226564134,10514.5464692392,-0.6205188136,0.099673058,0.8823761251,-2598.3977321639,2763.1114090985,-10848.4388587061,0.345640838,-0.5830048304,-7038.0645893036,0.9295884209,2195.0364582169,-0.8474732768,8191.6990923644,-0.7145225901,-0.9409847498,-20551.7079717294,7.6410639824,8396.1587979551,0.1715022697,0.1626968406,5443.637953892,-0.7775126409,-11990.0644071385,0.9132524948,0.372364167,1060.2727196664,-0.211664702,0.2602626483,-0.2609187306,19.2180053446,-0.0563735204,-15934.6669243997,-1060.0683895979,26834.3101309431,4973.721927066,-641.475735134,7526.1268510744,10921.7494930763,3405.9179486504,-16579.327846187,-1181.6910075062,-86.6957898374,-3956.0530402709,-19668.0466259334,2583.718366463,-15441.8151054596,11543.8566838624,-6623.6096292269,4573.1422360189,3308.7864279486,-15859.1492901604,30985.0354989032,8017.7501289996,6317.0962211776,-18757.2047426517,-10751.224579157,-37683.6480783014,4256.4890157003,4993.1508339505,6634.2404229493,-2893.5520013024,10540.8068379674,-40071.7439153415,21619.7103595013,-32981.6949971466,1.6853550177,-1267.6095044878,-0.0521904648,6920.9597519826,14585.4891596907,-56.6689970255,-9.9336440441,74.4314859814,-22.4908896654,-1195.5772646301,-0.6378555773,1.0455267164,-6666.759726387,-3509.0978652805,-1835.1016838956,0.4833756219,0.3374105391,8.8311960441,-22.9271343284,-6523.294330652,-22784.0425452239,-0.8516724847,3893.5074542897,-1.1378230137,-581.8126232383,-8350.0021520735,0.839133304,-2.1679120552,13109.534451111,1.0931440166,-0.4658190572,1376.6537608181,-974.6121228638,-0.1923350026,0.9148415048,-3130.1482628158,1393.3430229642,9695.6855772314,1.5291328845,-2202.9696957949,-983.5688857678,25474.659048603,19754.9159040571,0.7960051669,-1.3946008993,0.0461237585,-1.1813905946,12349.6297872735,-1775.1658647556,-0.2192701782,0.3491397381,1197.7061340042,-1140.1234793131,-158.4509716474,4466.4044774949,10.4528420301,0.8149448408,3763.7730632144,6040.8489300774,-2028.4738487613,-2544.2454365684,-11730.5731267467,-11434.1058146882,3035.3280174381,-15721.849501815,-2481.6311955642,-527.1987358999,6049.5406790254,-0.0140848383,6017.1147215376,3485.9174097366,8161.1235019074,547.5322041034,1906.2175235978,7093.8595158578,2855.8400758571,-3885.633591317,7182.2676227578,-7235.8697264269,-6842.4177628767,-173.5226659221,8854.6329032934,-4697.0713962678,10547.5855951682,9682.5066265102,-0.3163095821,0.4073932649,-0.3945299488,-11848.607134528,6821.9635460761,3.1317029324,-0.4875411858,-0.9763231219,3.282653017,-0.7622574582,0.5954452581,7816.658533152,-1904.616271976,-2209.768710274,-1.2720782875,-0.9027744084,-6860.0618873012,3306.667609542,1.9758432482,-0.052938899,-8114.2563535041,-856.1407820065,3200.8587517129,-0.0817814206,-2.0880832854,-2061.2292889448,4953.1814732469,-11501.9104736061,0.3801652756,-0.2863112715,-244.7933714844,6.1014463181,0.0046218515,-396.5006904721,-0.7805747628,2641.7999366392,-6809.957833264,654.6990173268,-0.8155532745,18216.3268269434,462.0858188062,1275.2065205321,7677.4052784366,-0.7669971871,0.0616412565,79.0632122865,1.0306292552,-9127.3092669553,-0.9615749211,-10817.3778645202,0.2226214308,8.3493851548,-512.9034291486,1898.6087085117,3424.5110477925,8292.3316749704,71.745669567,294.9155829342,7956.2418076351,14092.1053718057,-131.912056516,111.2031732661,6005.7256411793,-2.0932439332,6705.726664833,4397.0091755211,-26165.7352817169,-2607.669106062,-6226.4321773206,-6305.8273081263,7485.1237541493,10549.46690705,-962.3796424511,11188.0762782099,-4074.1550970119,-10810.3413579725,-3725.8020560874,-13275.4701190154,3811.9631333727,2271.5878146869,6450.2803099013,-931.7493657655,10175.32219616,-6588.9693706224,31.2788134486,27353.9156491314,19598.1986860569,0.0148066479,-259.9514623665,30699.2059187796,-0.3748789707,0.5629406556,0.6888203373,0.4582491583,33.9977576125,-0.6549127537,0.8878695941,2955.6122239733,-6524.381468409,-1.4828868636,0.816259048,-5280.6976795875,-6.1645725784,1.0252870341,-0.9440375837,-1495.4699297874,-320.9040525672,-34798.301142563,-0.3906742569,-0.168144746,399.643622136,-17861.5684928373,0.5367864303,-5987.5787983857,-0.0420191671,0.9593928697,-0.1684772649,18.3134893096,-0.1312369437,0.7063689721,-2995.2023388449,0.7408237648,19905.951958727,-18.8550130328,41751.2735396065,-3096.0127062312,14122.1306872509,21330.0525532037,-16862.3400284549,-53.2311354675,-1118.2126125545,-1571.614067054,-10400.8547710365,-1156.9155447698,-1337.1938980215,-0.0140663058,49.2368030997,-2583.7021736174,-4136.4244843554,-1490.8385722086,-9301.5584821448,-126.1919223648,2026.9955002892,8700.1509636155,3379.9693647044,44.4550505578,3236.0748048758,-4414.4685744931,-79.3746181972,5884.4194813668,2552.4432324549,-9030.8761223257,-3750.3173902573,-7137.7674936101,-2111.6233576533,4851.3577881398,-2380.659585932,5068.4873615177,-15645.9728380552,-15285.2649587917,-494.8602837094,-965.5754518361,-5155.467178664,5063.739044565,-25.0962946586,6929.3490462416,-723.088164796,4396.4274303963,-10120.7856304636,5408.3370547792,2.0516522163,71.0269812566,-0.3938285804,-8711.6732521281,23642.5322516247,-7.1844875453,-0.2019340323,16764.5840596909,-205.3817817076,0.8011765736,0.3599272213,0.61970252,6.7164668259,880.2061478063,-27211.1169822016,0.4184083708,-5.8605361741,3.4535720437,-204.5405932185,32822.677712585,11385.5723435907,-0.8860511323,4330.0664493212,0.061117727,3078.2763258255,20502.863457989,9375.3682444193,-0.5294778443,-1914.5782128368,-906.780767989,0.1826840702,-6.7515856077,27101.1779047099,-12932.7993453658,-0.178121738,1871.8565196735,-5877.13734327,826.843064847,4196.7014259858,32441.0289598993,16721.3156392749,0.6534004165,14320.7353810219,732.9927368575,-0.1294765956,-8629.9182914541,18328.8845264153,-3564.4546084504,16099.9990591563,-9758.8077683829,0.222475197,-717.3624551223,-2129.5331995844,57.4768619416,5.1617560282,13612.7915039467,-10038.8906435791,-1751.0201415174,8518.1427907979,-3592.6558288011,556.2299457427,-2203.9634375781,1567.5714369635,16438.9696137389,-3889.561579415,-267.800816483,-2.4459757166,-1631.7457458446,-4471.6991284873,-10684.1742829074,-8744.9049166436,-3058.0712444375,13197.2637918419,7780.2158857872,-16550.34895488,10896.6408202671,-36.4758779355,1754.0416507625,8790.7242676131,2648.4905002176,5490.6209089849,-0.1695636108,10938.3075250047,10257.7197179577,-7.8630287021,-8695.0965949978,9.1083631909,-0.775430595,-11503.3327266391,0.6968567627,-0.655147425,2924.3488306158,-2326.8952413219,-12928.447957662,3320.558929457,-0.5553011359,-0.9623252015,3.3300257505,1692.7626400955,0.4353058945,0.6999961415,-44.2255982546,-0.5306314392,-12928.1705105678,0.313875951,-3547.4965961744,32043.8088124433,-1.3132070966,5.9083529631,2163.6680355915,467.9082042896,-4819.2122706497,3510.7904178009,-0.5334081824,2921.3438866284,0.5632645571,-0.5710504807,21.9173315431,-0.4917292832,0.0957011898,6152.4772262883,0.5224635717,-6677.6119704136,-0.6108454985,-1442.9242835963,5225.7776259777,-0.7173148253,-0.4926908722,1.3043373379,-0.9359383131,-8085.6977547421,0.4481499716,-1218.4636668535,-7311.7507094674,0.1679189794,-0.2649465578,-2005.802528772,4.1525120477,-0.6105053651,-5320.1453150822,183.4410451284,-1515.6495483652,0.1057396002,6552.6617282578,-3469.1214288198,4874.0312048724,3842.3865213581,177.5266526496,-4209.4515312554,1940.8198354852,-13008.0846894729,525.133432317,-3512.4239106035,4429.6886315957,-5626.4580352674,-14300.4692680197,2404.1315386965,-648.2364079624,1624.9159931412,-3159.7054841306,-5248.1685193041,-7531.3387595959,3108.2341573894,602.2526519863,-6254.2802583528,-861.0852765079,3594.3192805896,3040.2870050472,13624.5473618935,12187.8944211674,23514.9959116093,-0.4200841951,2925.8057982292,-0.1789274862,0.9094696782,-0.742617831,9629.2016334028,-3933.6917315661,-16.4010734061,0.133302054,0.4532127593,3465.1284867935,2178.6561115669,-722.9679494366,4137.5032153691,-0.940131368,17252.7878374009,-0.6890418781,-16.4831155989,-5190.6698456897,-877.9002809578,3991.9622324073,-135.277776373,0.283408386,-5132.8410799643,26531.2611955361,3122.9353894725,11173.2835249099,-16.5844444812,1049.8849039713,0.0838832761,-7346.7944213514,-0.9983868165,114.7724711656,-0.0879712899,-1160.7058830252,-0.7313984833,9.8886334194,-0.6333408568,9.5505034071,5587.5663577136,311.3853729352,-0.0900628569,-4154.0862175213,767.8110820157,-0.6046175737,4989.5722998091,-3476.7485693801,-699.1894149532,-621.2906450249,-0.6475156696,9237.639759493,5979.7493904296,72.1562538731,2937.2027585076,-1244.6292072083,5587.6155901306,6059.9999148447,4580.1597041165,2235.6587934041,-0.8816492946,5069.0057027095,2.6665166729,-472.5400398103,-108.8968160746,1797.9485663105,946.5796673896,-1568.4187908316,-4937.6617839647,-1665.8503634194,-3006.0412988026,-3097.8395011011,1213.1648174841,4760.3147110379,-7867.0841205139,-2287.0208664688,5813.170900939,-3160.8192829404,-7575.8672888264,3066.0575888284,1662.9431448201,-1342.3495935726,-13780.7593940106,3482.0271831629,-3159.2598082984,-229.5780424983,1597.5561593184,0.7285662279,-9792.131052237,0.109444642,-26196.139023069,-17921.1759704724,-0.1025611158,-1006.086927953,0.8432630954,-0.4463332265,-0.1417395584,-570.3198088537,-2.4446437974,11779.0413739909,-0.2758763214,-5383.3900772139,-4893.373744204,-1006.836895884,-0.7804072785,0.8261454821,-0.1530824169,-42672.7142446281,-0.2694494319,0.5996425414,3143.5622308213,-3968.1271511406,-21.5006284655,-99.8083996409,11236.4357887706,-9337.9070518924,0.7458744653,8.4900135411,4789.1056747725,0.0800068062,-1868.0644303901,-1.2959933786,18.2382292344,-3390.8618047523,-6510.3025291132,893.9474425534,9.2119363507,219.7300586857,0.3779474808,-11.1265110366,0.5925120156,10184.7093485518,101.345109243,0.2261275559,0.2659570962,0.8064297108,-198.747421451,9424.1880853304,-203.5466750329,-13760.1414863247,-9320.5544894102,-11324.5295133622,-1815.0253749613,-357.1445623504,7822.7154223999,8.807875218,-1162.2844200362,7683.6744086751,-1993.3914073496,-9354.7571407452,-1672.9553689482,6782.3031713195,15043.094575835,-3411.4945900954,12475.5894621098,-14932.4930903332,5552.3854858954,5.9289581187,778.4615334643,-1618.6009066462,14341.2145306552,-1095.5106205876,-2493.3512987805,-12520.9387784589,5473.0406047141,-0.4481047917,3105.2466749045,14237.3060948192,-5172.0192785669,-106.0235575754,2.0293164589,-20121.9465228095,-27899.0378915179,-0.608548004,-9740.648328702,-0.1200646677,0.7008684073,-0.73945043,0.7133424863,-12200.449800458,0.6053037104,0.9876544605,-0.7920138372,10320.1945965782,-0.077438601,-0.3503990862,-1406.0643519913,-61.8042440717,-0.598767112,11.4177893365,6703.4493190583,2431.4754966004,-0.5024572416,731.805049424,442.0866517276,1.0724043629,0.1221508632,0.2366505123,0.2989089896,-4.1832247134,-6.9220148283,5788.9403828197,21.3191763441,-3844.7394423918,-0.8160990901,-5693.0295125932,-334.5384882583,16219.9174501945,4751.0353765909,2397.9912397628,2677.1834270037,0.1312153137,-23634.8880963518,1.017921169,-1091.7255405737,13010.3047334346,7815.8493061104,14354.2636335995,697.1614432194,0.5227778808,25.8129743702,215.6155940844,-4986.7212615032,-15805.8907223882,0.766016965,-1590.0908794506,-12783.5278069694,-22868.5468401007,-1566.0909346263,206.3314100249,-1869.5352129809,6472.1567208269,-2864.7867804626,7011.9332553439,14440.4367192645,10668.100792856,1555.5034017431,-2618.996005971,7555.0384340948,-8133.4503385854,-2822.1733325351,-8880.7642003266,-8777.6401488901,1517.8222523025,6.2648328778,8082.3970397784,8910.0347617981,17949.9010518114,19129.4336834856,-1957.7489283524,2505.5810668811,-4515.9610101297,22055.2945531331,35.2124045786,25709.1561538369,-2262.2975413157,3282.8834206469,-0.23152848,23201.0626249648,1.3235300635,-7.0386852548,5019.4681106789,-26201.6697313888,21858.2403133559,0.8717712891,-0.2070901846,-10238.4183983186,3740.3708997881,19.4701677217,-0.1666577026,0.192267301,6813.1782536517,-0.2038011762,21858.0605951828,-0.510009849,-1372.9371707647,0.475456175,-93.5967114764,-3.1744239393,-10.7115329692,-5111.2277624927,-6233.6722037786,7782.0891862121,3621.176794763,0.203855508,1267.4731926715,0.5044335307,5340.4104520777,0.0312699677,-0.7410946831,6437.8107737221,1582.964890616,-1.1787371925,-1492.7489289502,3795.6903847493,-5996.107765748,-32185.9814978774,-3288.7434903662,-2195.6118825098,-0.8156763242,-6139.4803383239,-7518.8631487779,-2441.3977436934,-86.6383071631,-0.6605233154,1.6320302759,-1408.2001858415,-2253.8376793941,-22.5001926769,8397.4123455963,10320.804506551,0.5494216065,-10447.23294878,-2089.7225831051,2214.707170938,-7365.8573739642,10721.3432458328,3541.5969532795,-0.6624425429,23.505700114,16549.1083475549,-4397.0395984667,633.4088156081,29136.8721167658,10108.2288020413,-9320.5267570337,1048.5653186647,4475.3520736741,-3574.9436123321,-21054.2441558316,-2628.503020111,6207.4210756476,-2139.1797531998,1537.20440887,-5513.4242825417,15826.4523870898,4961.8890203815,20299.9359846855,735.0499330891,-14686.6801995357,-157.9035375201,0.3721749127,-1.1015642934,-179.5483093945,3029.1006353794,-0.0710182407,7217.1943478124,0.1545474172,79.9573371344,3354.2692984285,-0.1435759093,-1617.8536374097,-13384.7281134929,0.5720416796,-16057.5901109491,-0.8697696256,-5495.887486608,4676.0980096267,79.9158398992,-11406.5386528289,-36.401408335,18.7045899696,-9896.1287958077,-12.0657443737,0.7906184981,5552.4251031013,-2507.7261468493,-0.2596519712,4758.3401578919,10842.7788763208,0.3115494177,-1032.735506253,19817.4197968928,72.0949749951,0.8926643833,-6855.8214679925,-1149.3293166653,-3636.3162557301,-0.7637501232,-16481.4091797339,0.1155515325,-11.5370230449,4836.9889061561,-7.9813206277,3026.4335166581,0.0748387681,7035.3645339493,-4310.0005041849,-4621.8256675088,31886.1700246,-0.2326373706,3.0451986964,385.0639276348,-3003.9831281664,2786.8181579637,-7766.8047065366,1008.8695478249,835.9263282375,-455.0800555987,-1259.3220778972,-534.902877672,9595.744168146,1890.6791249898,-8870.0440664234,-1072.9339423323,-20549.3036128547,15826.4464065755,-3408.0549811359,-3460.2629276386,17835.2785876916,-2180.260395341,-7672.6520660273,-1713.6019032532,9819.7356441096,1980.8247225394,678.3442422604,-12221.3249336622,5124.2271785472,4210.5633211915,-3921.1379335016,-8824.52785793,1371.8326630707,-17500.5430270012,2803.7939238199,-2611.4970539801,-121.8594579493,0.0140213554,-0.5788333201,-1861.5191882445,-1239.4508598159,0.4078550655,8226.224494441,-9.8103726896,1297.3408780924,0.4310485621,-0.3729500187,10697.1365927814,-1280.4427970596,-13663.1852870342,0.9126634251,-0.0416123985,0.7790447683,-6989.7264769117,1297.615501538,2779.484715625,-7796.0477009945,-8147.2719520588,-1.407626105,-0.1797713843,495.508058261,-0.2821900799,2085.5762540405,564.1176040531,-1.0627429743,-1.5372120301,-911.8706985648,0.1167030545,0.2076004113,-4073.7092829954,-0.6957028101,17210.3429107686,0.8105242216,-29070.3081963569,0.5580444675,-1.583539673,2.6937907397,2.6399470521,-12837.5044222982,-0.4912434725,1040.5373547127,-1927.8338972761,1.0731290269,13813.8835383208,-22.2006520724,2416.2026924349,-0.7947423439,1004.4560235017,-802.4797585928,-26.2568282247,-4460.0059544926,2399.3369334246,-10491.1323620438,-1248.735168741,-5746.1090976305,71.7274826953,-1537.989937299,9525.0833909321,-1955.0833337168,-3289.7184885213,-2377.4995908285,6871.0435811721,5453.0979044524,-4687.1909629793,-5305.0440794078,3714.8322727656,-7604.818430172,-3654.1862676461,-1389.2720320155,3599.1258593139,-6749.093846796,-598.1886551219,14579.7751503269,4652.0486809985,-29.6287424298,2149.3387386962,5059.0531831589,-466.9819651424,4219.1865514952,3911.7837067449,-3626.101183526,-2005.2441906125,0.572831559,10.4297065179,-23578.6216677479,0.8973752505,-6808.9765516281,-9.3658409636,0.1634617567,0.7458255235,-2366.011948423,0.1464465481,32244.1381887577,791.3000396774,-0.1776375654,-67.152870573,0.1086070149,240.9123178092,-2365.430225097,0.2702905166,-0.1652794769,3302.4939291024,-0.2014385474,-33375.2610365674,29820.5506454519,1088.2318274496,-461.2947471445,36008.9407191791,-25531.0319826685,2331.6245264726,-0.6209309575,-1747.8195229634,-8.0607177229,155.033063353,-4.4181029495,-0.4141094991,-1519.3820368852,-40789.0172743169,91.0305063798,-3117.1709732613,1.3325548481,-4.8897008617,20280.9680607274,0.4983915455,76.6229008444,30590.9206481222,1807.4720059063,23.1605113559,-3156.1031338697,3693.4978621905,-0.0976055855,0.3897303934,-1493.5835892104,-12849.6710216633,1275.6117823189,-2779.2476604329,-340.3659364069,9832.4558419332,3976.304454412,1714.8265547093,-12194.3206724138,-18.0663512587,958.2490015511,-1566.6263240784,-320.6243677146,-8917.0786299193,-5370.7274998789,-6546.45728953,1433.5495362954,-5690.5836538808,7096.3982769718,-16629.830541294,224.546684196,3994.4377900746,-4210.2144677996,-3288.8002433233,17974.672557367,-4618.0552577803,56.93413014,-11394.6022209719,-0.5159880278,21239.9494238726,4838.7327424858,-1218.8694972957,4460.2834682349,-11505.05312755,0.4037701439,34318.1534187888,1.3064333685,-0.9907763988,736.9205982891,-4839.757423293,0.5122874781,11305.8860164347,234.2713441358,-22038.4367939382,-0.637364831,-0.5034750364,6616.9793587565,-111.2344191994,-13262.3396908957,-0.9425981154,2792.4336649551,10586.9895672717,233.5278624256,26057.0538159163,10693.9205517913,-24981.7521533727,-14867.4156878874,-3881.4340027663,0.8091450727,7.8558159512,-0.0084161803,-1741.2581451822,-6068.4471869364,0.1895835531,-0.1753607442,-3680.3914695437,-273.8735319268,-6401.3809646191,-0.2264343127,-5355.6651955806,-0.9765535928,5304.4415579364,603.5766362326,-12480.2934663579,-15602.8348584611,0.5947043702,12015.9128997819,253.8303899831,-0.7987964672,-1475.800874297,4160.16651489,-35679.7340604,0.0826161194,-0.0860617893,0.1091140476
   3405.5388526868,1555.1921961921,-165.571864213,27.0366837645,11.3959781297,-0.3273390798,-241.8831591779,-13615.9594117082,-958.9860730132,2.4517595112,2138.2348814418,-1746.784841369,-4722.0708587927,3730.3710415903,-3783.5934016863,-132.2699068881,9054.8962850555,-8165.583184861,821.3835301843,21121.7007092701,3594.3518353333,-1627.0130638036,7892.1133815847,18435.5306723273,2500.5371973938,-14820.7012997149,9671.8269315778,-26.453210735,-10081.936230136,-13874.3177997888,-5919.235992582,-12510.5461548075,5036.8004185487,-894.3247054185,14.1284969617,0.3174132625,-326.9926476753,-11262.6710623918,-0.4910017848,5.2692163535,2151.8403026592,0.8762347912,-1169.6482979498,2.0350896598,-0.4712939008,1395.1203102362,8191.4691376512,-918.0619072369,0.5061162945,-0.3523785698,0.5151760746,-2145.5462820101,-1169.9727931967,523.7204768049,-18417.3600413176,5871.6977332212,-0.4618422286,-0.6799649332,-0.5005230639,1.4974781919,881.4542663705,13.0624664635,-0.1850997275,1.5096420077,-12.2881121048,511.1389566381,3.1554199155,-6626.8429589591,-0.9446450438,255.6217660117,-0.9738900792,-5267.1178225588,-0.9731936778,2442.2549755987,2854.6714226955,0.0925960747,-6306.1100989024,-12980.5038301089,6741.1379366063,11.4950119123,6936.9833483021,21961.684074559,-2386.4550271054,6225.7236643117,0.3482389976,12356.7966515557,1174.2138073205,-7920.3200199007,1545.3517958863,5325.7199105317,-3873.8231477572,6486.3684109457,6479.185638684,2540.1621145483,9918.067001652,9824.2319878186,1144.4931167214,2178.8767919468,-98.8578086446,20.8503631411,-3803.1559740583,-2410.288418875,-11213.4808353621,5527.4615862882,13697.0945294878,-5684.7922500645,-6124.2367654505,-1256.8140756737,10053.1272603039,-257.9921979437,-5879.5071941128,5608.3891382161,6990.4832696961,-6293.5426693805,2580.5643516178,18.185882948,4116.3096858037,-16031.3160953075,8142.8028824874,0.5011270145,5471.7548703648,7725.6438559231,0.4890485195,21.5945763495,708.4689177713,0.5106295652,-2411.8344670879,38.0304704706,-4650.5944217893,0.3418867241,-8811.0882503391,-1.7076346004,-19.5193714211,-744.786856086,-0.5651019831,-11192.8096534528,7203.5292220766,38.1133677586,3165.7214362415,-9125.8044629163,5867.7636184064,-8707.925520841,1580.7418870042,0.1778469455,-8876.5145542482,-0.7334691163,0.1634681608,6395.1132458178,0.6862537149,-7286.1742757317,-0.8518046301,8064.6835420673,-39482.9421933292,0.4483752227,5096.1851546418,0.1646152231,5110.683486136,-0.2081055556,-11030.6663009659,0.2133467208,0.8082981094,4029.987218351,473.5067634914,15201.912941581,-4243.2006895546,10223.9014886925,146.6583714632,603.0741564339,-0.8049123495,0.7701452139,-2.3263679413,150.1053886945,8576.9801227313,92.0497464504,11095.5451233384,2684.6640729087,-7176.5702913551,4051.2767411093,8031.2881057384,-574.0060010938,12299.2184017337,-12574.5419623552,-3631.534593152,3319.8480430635,10282.179977924,-1871.162967274,10944.3032139912,2041.4548469226,-18709.0925660984,17389.5967122766,2468.1700754407,10382.9528009124,2754.0996330878,-6303.0145648612,1854.4276900983,5878.5501294995,-7536.7584386797,-8667.182369192,5289.4506816609,4944.1933674743,544.4981873144,-5181.469296949,-11743.0161637509,-4938.5241941864,1619.8944618409,-345.228983562,7963.7008167197,8823.5685290452,7681.554784662,1908.9496455673,-18715.221812145,2674.4813049609,-5851.4943141126,4514.643547117,-0.6320116662,-1.8131205868,1081.6255644939,-0.255347896,0.8102148231,-0.1839135228,6440.0791430048,-368.0187267682,-5851.1665008612,-3594.4329423578,0.2404921672,-0.9326224473,-0.6176718298,1.3021950671,-8751.3451054921,1599.8409277976,18476.2459793395,-17.1206283136,-0.5997905513,-4385.8833525021,3588.0892026689,-0.021464686,-2502.5138057019,-1.0027205129,0.1601967004,-30264.9548732714,50356.1089507084,1824.3214499586,-906.1030085078,-235.7368407811,478.6387980408,-15.5227159023,-1589.7896989569,-1270.0494555884,1259.9887929666,-2020.1365060417,254.6464432903,11537.9705362603,-0.86617101,-1646.9785540813,0.1455032494,-0.2852022576,2773.1354988033,-18770.2704101678,4056.362084052,4689.9989371097,-4225.3583810842,-29210.3400989272,1307.1721705261,8660.9756496706,9350.3323571107,3610.2795161102,-8401.3873218047,81.4769958084,143.8750133375,6349.7127385605,-17277.5046038474,4203.8547391504,-8059.9299433848,-3564.3596086701,17592.2201852445,3226.9062111045,10070.3723202771,-9386.43750304,11775.3611363334,-10318.7298394574,-18583.4616311212,1915.3683162343,2341.7353233449,4411.2801824487,4043.9035216661,-5400.0411268751,-6467.9254104726,-5330.0183185185,1220.4859055497,2163.2456728805,-9.117329004,3967.452047752,652.5061738588,-118.8896149107,-0.4259927255,24020.7668718704,38918.3374481753,0.8172285676,-3900.5570219767,0.2389168205,-4844.853474816,877.3869588488,-0.6680967222,10.5730692634,-0.7389856541,2982.7664108874,0.7380597207,1.340935586,-23475.1623451667,7708.3828917921,8904.3349200321,-0.6625318022,-2857.8543404226,6142.3147868967,-2992.0114350464,-27404.0251435554,7529.6446609131,-0.107874665,731.2457298843,-0.4112008605,-4663.0795086709,-2348.7709413497,38652.7934095751,0.1696666969,-7558.3948181584,12580.1314049119,-73.7186290199,-2384.2359868267,-34784.9687387848,4824.8403501812,-29770.0262970984,7749.1545256559,-0.3471797776,-4106.7124235504,-5327.0433838919,33111.1888749708,3290.5940167703,0.2414034975,0.9242799499,-0.0581344697,-9.7384041953,5834.5973583103,2866.4180454855,484.1588298429,6316.941955963,-565.2171888094,7365.4362917572,3623.5469076935,-293.1023601241,-2917.9053268717,23.7249590057,1030.5073955714,-1369.80973222,-8.5424285348,5347.6759973013,-8913.720727155,-4012.4383963317,-733.6119518316,-1064.7423338724,-2886.628203958,443.4987498607,-4368.5719122847,-8624.1598313573,-12551.8171102865,6412.9791214335,6345.7689497509,-18082.5230067376,-4363.9583670036,-472.6625592777,2051.0574426584,5574.6718283166,-1595.6903725404,-11263.0650919081,12772.9803723922,-4231.2124802999,3838.0134744945,-29441.9961548378,28.9127663668,-0.6699231123,-298.2285978495,-3117.7996001242,2.5775224947,275.7334398031,-0.6878802858,-0.4202765226,1991.1971971624,2130.6766819774,-1686.0508616248,-1420.4491213074,0.5128111101,-0.6719615356,0.495117603,275.7372079325,-20083.7881901283,1430.2425884856,-928.4201954149,-0.6367391262,3.2559372057,15207.5789747972,19.4252147274,8954.5887819983,3911.6375299139,-0.5695769093,-7698.3947823699,-0.6135379495,-812.1331065801,7.4452176521,-39371.5849749791,-0.6975762591,-1534.1005492319,-0.7564738046,13444.3317569614,-0.6478470595,-34496.9397261234,-0.6706288486,3.4902342924,8481.2105893874,-0.9530889959,-0.541291621,-1303.5094717646,0.9524459531,219.3620328109,0.9482975904,-0.4953772931,0.9484069816,-9898.1075105786,9449.6833485242,-5346.7814387044,-8317.3732679453,-2376.0571527839,-4551.7148111625,-5177.4430405002,4797.2940217011,1395.1026448182,-69.7404303994,-430.5619756661,4431.0015229082,-75.5164065185,-5499.6915381968,540.6319776792,4109.0840332592,587.5707628972,-7543.5594053357,1217.3093473147,-19632.8547857096,-8457.4849918724,3481.8437959727,7470.272329045,9333.8913787022,1039.4379146739,-3032.8335252708,-7797.7974391687,-185.5134957792,344.6433256294,-1073.1396372541,-2361.3290956505,5792.4330142797,-70.3525282375,3434.9624312261,-6880.2324610136,-0.0517941592,32.5638017862,-7265.7164806486,8959.8837710923,-0.7401310182,-2455.1207261067,-0.5510751055,-22090.9593354069,-76.1679658472,0.240658039,15955.7046070756,11539.258722998,0.4537384903,4644.9390500084,-0.0811089942,4586.5769465365,1768.1929847757,-22091.3603745071,0.6179838711,-20798.0601762628,-1.2598583646,-0.3400702288,-0.8217424877,-0.0421131663,-4517.7298756801,-4.2518001948,0.1199886893,-5389.3449058797,-1.1949186889,-0.3872327134,-1972.451886809,-3977.7701190868,-0.3342582618,-0.3162787855,-28910.2571869494,3498.1914882761,1877.9581125641,0.5281060048,-1494.6023325956,-11.4109936991,947.7311035389,828.3424696462,-0.1328896918,6.002931664,0.9704328695,13755.8460626224,19570.3705919048,-979.5515780773,-137.453792118,-1.0730204545,-284.4924691857,-7169.2677508682,-26.5717129554,3203.3492045195,11014.2259219216,1788.994377425,-20484.5420124557,-235.9029666236,-11262.3547685818,-10143.8132858239,7919.0415652515,-12649.0056179501,862.011324423,-10760.351339429,8835.4395545539,-27502.082111454,-7569.622300981,5607.9208075648,-5902.0830937392,14091.1286571284,-4924.0297988125,5643.5661846032,-2493.7872808904,333.6226396814,-902.8674144027,6091.2067193199,7638.5674792386,-13.017851342,-3731.6807824724,-1238.4358386193,1330.0991646746,5804.4573953522,10008.5512160525,3876.0668927107
##end
biasActivation=0,1,1
[BASIC:ACTIVATION]
"org.encog.engine.network.activation.ActivationLinear"
"org.encog.engine.network.activation.ActivationLOG"
"org.encog.engine.network.activation.ActivationLOG"
