encog,BasicNetwork,java,3.3.0,1,1425320659807
[BASIC]
[BASIC:PARAMS]
[BASIC:NETWORK]
beginTraining=0
connectionLimit=0
contextTargetOffset=0,40,0
contextTargetSize=0,16,0
endTraining=2
hasContext=t
inputCount=11
layerCounts=11,17,28
layerFeedCounts=11,16,11
layerContextCount=0,0,16
layerIndex=0,11,28
output=-0.0257241084,0.0001909527,0.3624117959,0.2322053047,-0.0000342928,-0.2384229063,0.226300292,0.4634682616,0.8177920947,0.7124199975,-0.0886550156,14.5519768496,14.7997779574,-14.6418269602,-14.2819264086,-15.0332029428,-12.3091434715,12.4735350944,-14.5823999845,13.4302348526,-13.4349947797,-13.3407949123,-14.3033225961,14.3652490052,-10.4015271832,-10.3909706222,13.5389159218,1,1,0,0,0,0,0,0,0,0,0,1,1,-0.0257241084,0.0001909527,0.3624117959,0.2322053047,-0.0000342928,-0.2384229063,0.226300292,0.4634682616,0.8177920947,0.7124199975,-0.0886550156,14.5519768496,14.7997779574,-14.6418269602,-14.2819264086,-15.0332029428
outputCount=11
weightIndex=0,187,635
weights=-0.0086439142,0.0042301424,-0.006978704,0.0180764197,0.0085109308,0.0214880249,-0.0172623997,0.0047630202,0.0329286235,-0.0114309726,-0.0140277131,0.0119478736,0.0071184762,-0.0025413391,0.0175391982,-0.0051356402,0.3816940745,0.0000012019,-0.0000006073,-0.0000012691,-0.0000006325,-0.0000005412,-0.0000000549,0.0000020561,-0.0000009009,0.0000016693,-0.0000017727,-0.0000020621,-0.0000012626,-0.0000006271,-0.0000012215,0.0000011178,0.0000002008,0.0000206323,0.0037973496,-0.0386139417,-0.0065317938,-0.0195695894,-0.0159583235,-0.0137999008,-0.00618082,-0.0285659724,-0.0199538804,-0.0115881795,0.013648769,0.0024547096,-0.0185880562,0.0130797741,-0.0125815734,0.0045870057,0.2939962869,-0.0081365943,-0.0185910425,-0.0025452635,-0.028484427,-0.0064711402,-0.0007151012,0.000987452,0.0063164644,0.0297423547,-0.0166530587,0.0043841927,0.0138609276,-0.0077517496,0.0272578433,0.0184400007,-0.0011017044,0.3903500558,0.0000008201,0.0000000142,-0.0000000411,0.0000012154,-0.0000007254,-0.0000002932,0.0000003985,0.0000004485,-0.000000162,0.0000007919,0.0000010552,0.0000008885,0.0000014817,0.0000004422,-0.0000006494,-0.0000020339,0.0000010786,0.0013328791,-0.0069679053,-0.0036870707,0.0276226224,0.0016713864,0.0043069532,0.0170261106,-0.0164627388,-0.0056025559,0.0048136637,0.0018591282,-0.016901928,-0.0015392601,0.0160109817,-0.0065532562,-0.0210767017,0.1403977173,-0.0029299128,0.0353722447,0.0235646251,-0.0326441986,0.0168638159,-0.0081164857,0.0168308023,0.0502170728,-0.0014339967,-0.000737999,-0.0018158675,-0.0071148149,0.0233781345,-0.0058861743,0.0122651522,-0.0207108529,0.1943427878,-0.0035553086,0.012284633,0.032025293,0.0115343127,0.0370065827,0.0003002027,-0.0158636368,-0.0084765933,-0.0198499744,-0.0034005006,-0.0184674928,-0.0432670074,0.0130110963,-0.0323213404,0.0012342543,0.0258572457,0.0966436536,0.007046754,-0.0109139405,-0.0319999896,0.0248540792,-0.032669571,-0.001214224,0.0308555635,-0.0040903332,-0.0151188593,0.0017024777,0.0086937581,0.0208193333,-0.0046353302,-0.0061180049,-0.0120644457,0.0190739088,0.0716380545,0.0041970706,0.0122098306,-0.0066428688,0.0229240503,-0.0071903502,0.001662727,-0.002977158,-0.0127206225,0.0138177652,0.0079503117,0.0015416808,0.0029989607,-0.0122000192,-0.0049428493,-0.0178601632,0.0078308314,0.2817252832,-0.0093990094,-0.0017528367,-0.0012855194,-0.0140443731,-0.0014077113,-0.0013892832,0.0061784575,0.0179090971,-0.0122927745,-0.0031236232,-0.0023277521,0.006194227,0.0020653168,-0.0127071766,0.0084392688,-0.0082913099,0.2192624639,615731.819148995,-0.1714686488,34505.078332498,-1404043.192963574,0.56470926,152372.0159170987,-505.7575336166,1049447.0226282047,-1370739.3032805375,-39192.3564205613,-652115.5094077957,-43843.7503550563,128559.0352468951,-43741.9764161293,-179382.8897223647,252286.1560582193,65328.3673412716,-329946.5685726807,-207849.19690691,-290584.9087528566,64003.4689436728,-161485.1116472666,210280.8493568592,-76046.4012368069,168125.4446598516,-66237.7112071825,75831.3259989872,65583.0283123956,541432.0000254656,0.9738375769,513701.9209897396,-753831.2373733814,0.2913482823,-515592.1808626476,448558.7539628709,-26641.4681794457,-1371273.9751052656,-221709.4799935924,97167.5051679579,21067.3301629158,84250.0892436344,-12028.2634347215,-51600.7499558753,81193.5003921267,-23767.6049497937,177389.6366693059,-201696.5580410775,87235.3907217188,59564.7775644814,-143946.3179770966,-52730.1531265176,-46545.1985942731,-84913.3286201434,-28213.2497905299,2188.634838264,-12629.0700548222,-65012.1054355267,-0.0068727093,49132.0376971606,19415.937240316,0.4119258371,-56100.1974555829,-744479.7508267695,-971366.2406275041,1192992.6196996064,609940.6689115735,263454.0476113052,29307.1901721712,-42456.7390452582,49381.9353973874,350265.9531588017,391829.254228478,21055.8359604801,50543.637493383,92786.3243380147,-183369.2147352656,7758.6922024752,19538.0536595428,-88010.3847155438,30286.9874225158,94824.4862861806,-42924.5980628431,-14874.8665053261,-71406.0606167855,547720.6193541426,0.804608862,268707.6018938651,-605933.1778153552,-0.3671598887,-261322.6347057937,721909.7782451516,1040395.9282888421,-1355630.388729978,-462899.9673332903,282218.0827479187,-24193.1493992588,-93337.5762337416,36998.7356855312,-204847.6956416106,-473754.2664967371,-43242.2755375122,-411333.9666211972,196431.9669905194,166240.5054583072,79856.9011726056,172740.9053299054,45506.4507479656,50251.2448484415,69018.3114146778,-47461.4259971652,-86615.3035011851,-18897.9267973123,336512.9308420073,-0.649657509,-5754.3411559863,-225080.5403661107,-0.9006205228,1009792.7695017477,-796781.7177554907,1799057.898663551,-1369050.3387789268,121039.4956001269,-1551265.9504173312,-56295.4601668937,-7132.3885190412,-54345.8043861169,-285955.0024931387,44053.9641346317,19710.4474765673,-210863.0451078644,-65695.6159947503,-190617.3093947604,174142.470892183,210036.0027255433,-34773.4812393954,69766.2811593095,-31481.346498748,-12648.9336182772,-57294.3775497526,-51988.3737032445,-5241.6959207509,-0.3028125568,-194316.141039876,706727.6926983054,-0.1468609453,316412.7665609912,-1219217.843144693,-866527.7826240234,2160504.0917636966,814763.8980732599,-834681.2529779614,4088.4912999984,96496.8356763806,50614.5804646672,173829.27362987,-321431.7168049457,7805.4921380253,-78946.0074204639,-119112.5119195232,67490.1342156633,-17268.6102262692,175836.6381394751,-34795.245890452,-55056.0310510015,1307.6263203529,66944.1972283494,26341.7150499542,14298.6654576322,611529.4503930163,0.0527372419,259110.6497901197,-1659515.547641849,0.1028236401,-268957.3555588972,351278.1088208857,201932.4500131588,-682597.7477248608,-192469.9533875204,-191806.1717382158,31674.5232935725,20496.468865984,-10503.6267349976,-28171.6006523784,109522.3806453548,47408.8694305576,97925.4279587458,-264738.384117489,-63848.1615609707,29648.1197578803,-87007.6069458331,71150.9850304618,-27116.2629165919,13535.3944713176,41522.3665828392,19605.6835441399,-15512.6988560455,-17110.9200834092,0.4599975851,225000.1960715098,739454.2009815059,-0.9425237384,-2072439.8235653758,1006802.977053701,-562415.0026945737,607699.0476827264,293111.2398360832,-327337.8854337344,26433.8685184346,3530.2847444536,-78433.946818956,244465.8757262002,243081.0009969024,-43217.8715128098,-396110.9641286052,-361408.6571976004,324507.8605274518,111140.3957532746,5640.5973272379,-116399.8765176246,-7729.7829086988,54209.4669996145,54666.355197205,-28171.1806009416,-5054.7401842388,1067638.9373007992,-0.6081472563,-47002.5736629692,-638985.866615998,0.0701421632,-41661.7631020366,513965.8839481777,55102.3294709668,-1242577.038306971,-502375.7354121803,70762.1190252284,-63184.7175668991,-14924.4803001479,-60888.3060125805,138883.9459402684,-214091.254660903,56409.8134834976,-117338.7154824652,-372047.3839300491,35050.5857602472,-277666.0149698319,-38154.4602765783,217995.5665361327,9329.8946191889,17744.7859724484,1781.9997007431,25335.0880923703,-36789.2185751404,243378.3379301103,0.4926020943,449509.967452161,-987704.9492554003,0.9541424695,-564100.7498176353,1911614.0480090568,644473.8467793465,-1549730.667394482,-801659.3161878501,-244226.245499591,-36399.9672104628,-225631.2570733334,-54024.5720892128,-37033.4218531047,-5170.875606526,-10217.0164347354,-221924.2925042186,-246523.2141671327,143056.5759326786,-37137.3776104287,-93237.8016027874,-20253.6864281673,25604.9764355767,700.6396117302,88608.655398503,62130.101720118,23479.2342992208,-1156689.0011522307,0.6360589545,788055.2691292322,-1986673.3136302365,0.5566187568,-663173.9027675977,959726.3776929942,-513387.7001076807,194534.9042853898,314771.082470344,607976.9896946584,-12545.8081782351,140499.6671809039,83206.0989287219,-50441.1198580248,255068.6482663603,-58406.3726095372,349599.1604706042,-462495.49264675,413154.9557247328,11237.0056511947,-13522.7493894139,29406.5659107255,-10540.3569130515,-17389.0757556207,-35543.5107224212,-13156.1037138324,-60859.1540828836,-453952.5087582171,0.0913885443,839634.8032780217,1101702.2363147966,-0.9711297875,-690090.8874565241,683186.5567567503,768535.774637406,-1179073.405447345,-334930.1055413687,-947411.5393477554,28053.7851210746,134467.6296675368,-37655.5970916273,-105752.1251843492,-78017.7614642927,-11157.3157463151,-122500.4075723498,-179657.5342442489,9526.7313301624,-168540.3030483272,129796.6383939766,-73062.6563306777,-4910.8834236764,-6079.0126520512,-29231.1589525413,-26395.6448882672,-34111.4469321817,-398188.556109885,-0.9098697231,550083.7475967833,-308462.389106882,-0.9350634129,-757747.5326355746,1333301.3671774336,-82580.1767759536,-859561.3974260541,-216447.2617806253,610097.190209497,-10393.594967112,57099.6277316249,-58747.8396737627,88907.30175737,-151291.9402354686,-9933.6599780558,-54912.6847304194,-263121.5481025415,284844.3350177629,173821.542881298,127117.52083453,133462.0028781489,-126871.7401701566,2994.340912397,62016.8506397739,-3160.1171340592,13396.3640996815,586453.0298724892,0.7013761758,235891.5589112622,-1223245.0985040402,-0.671675292,398604.3389333708,967952.3059894583,-297208.2119907112,233820.0016473477,16109.0350301199,-1224230.5449120214,-8085.9020634527,462761.5665464153,-6878.4717794268,-178154.8041971188,-152291.3930966415,-20277.6084158482,-251286.5633541179,-188834.8633735614,307393.9721458462,-225954.30519036,-216691.069644038,199984.1881261973,-19046.1510281894,15840.9181253395,-11257.7076408142,-46243.698361763,19762.2786065024,811076.5515548188,-0.2295108583,1414260.7555284111,1721169.4121404877,0.015096512,-985515.7343118238,614206.3152150084,-1179198.9507176585,-3193454.8992603775,-191111.4976197274,-418954.54379155,-14842.9469741194,-355901.8716180229,-9353.6047333514,52980.0921487539,-96124.7945471071,3043.7426373007,57546.2249705228,-332103.1718601972,165684.105804559,275583.2487801156,67971.0087477982,-250082.0013689251,36826.1006650678,25588.0403165687,-39332.9538549447,7398.8782720741,34200.8972721914,912624.4279638251,0.317188261,-1218745.0362759228,-2752793.2034774167,0.8359704188,1477243.3197385035,-594634.1134555005,506768.3997476467,-1276207.489668245,195863.4580394253,706199.6833887892,-54728.8615086066,-77010.9393565423,-33075.8645067713,-100092.2324890029,-221126.1496621516,59607.2717548277,255398.6342298306,214593.3474997138,-285294.6163443022,2373.6767407369,5373.4715287049,241018.8717551335,-4323.3416093605,8653.4357638831,21391.0855643252,-18484.4854644699,-30017.4442944256
biasActivation=0,1,1
[BASIC:ACTIVATION]
"org.encog.engine.network.activation.ActivationLinear"
"org.encog.engine.network.activation.ActivationLOG"
"org.encog.engine.network.activation.ActivationLOG"
