encog,BasicNetwork,java,3.3.0,1,1425324343710
[BASIC]
[BASIC:PARAMS]
[BASIC:NETWORK]
beginTraining=0
connectionLimit=0
contextTargetOffset=0,38,0
contextTargetSize=0,14,0
endTraining=2
hasContext=t
inputCount=11
layerCounts=11,15,26
layerFeedCounts=11,14,11
layerContextCount=0,0,14
layerIndex=0,11,26
output=0.0176158795,-0.0000166181,0.4394919762,0.0354215167,0.0000855948,-0.863528797,-0.2209157093,0.3315652668,1.0634958498,0.8977487299,0.5789401337,-11.1975178512,12.7442503555,-12.9685513746,-11.7332805869,11.3258176787,-12.3040768352,11.7548810129,8.6313256147,10.7441787461,12.5666436979,-11.4788896123,12.0501193914,-11.1397822731,11.0225774688,1,1,0,0,0,0,0,0,0,0,0,1,1,0.0176158795,-0.0000166181,0.4394919762,0.0354215167,0.0000855948,-0.863528797,-0.2209157093,0.3315652668,1.0634958498,0.8977487299,0.5789401337,-11.1975178512,12.7442503555,-12.9685513746
outputCount=11
weightIndex=0,165,529
weights=0.0193745398,0.0065546574,0.0357203203,-0.005156074,-0.0159722024,-0.0272689023,-0.0098262648,0.0109080233,0.0111501738,-0.007412766,-0.0242585528,0.0314407559,0.0488496949,0.0038210664,0.2385920244,0.0000051334,-0.0000011543,-0.0000010133,-0.0000014424,0.0000022088,0.0000017735,-0.0000018964,0.0000004195,0.0000015525,0.0000017961,-0.0000005066,-0.0000002212,-0.0000013833,-0.0000001096,-0.0000156203,-0.0316123088,0.0050858979,-0.0085024114,-0.0017216122,0.0233606778,0.0244927625,-0.0098717457,0.0015962514,0.0116240776,-0.0250720274,0.0065851642,-0.0207233768,-0.045232299,-0.0143154612,0.1986829181,0.0293180788,-0.0043881527,-0.0059737303,0.0103371004,-0.0073524854,-0.0032380093,0.0104634951,0.0009207072,-0.0042907966,0.0090821584,0.0053624266,0.013481724,0.0020199044,0.0050337622,0.174023964,-0.0000052146,0.0000001689,0.0000026173,0.000000426,-0.0000004458,-0.0000023447,0.0000006104,0.0000010598,-0.0000008118,-0.0000037997,0.0000004657,0.0000021234,-0.0000040563,-0.0000006978,0.0000226037,0.0253923591,-0.0137463124,-0.0135955152,-0.0109906137,-0.0015407745,0.0496591875,-0.001267946,-0.0119224279,0.0016250091,-0.0084887214,0.0055517999,-0.0039678767,-0.0188095805,0.0015286108,0.011364229,0.0521160644,-0.0008885986,-0.0269850142,0.0284946885,-0.0136500327,-0.0054213998,-0.0022807142,-0.0010001263,-0.0145561786,0.0336929073,0.0139639929,0.0024531501,0.0036359116,0.004722957,0.3338553191,-0.0031560569,0.0042172967,0.0050324422,-0.0417721911,0.0229303426,-0.0051484444,-0.0301671535,0.0150345418,-0.0098928951,-0.0265138935,-0.0156024721,-0.0119025677,0.0542230504,0.0304108583,0.3920460896,-0.0503902082,0.0001649552,-0.002075899,0.0004310635,-0.0062503564,0.018436716,0.016126168,-0.0193760561,0.0074652685,0.0100022551,0.0009036635,-0.0163637703,-0.049286073,0.0103197707,0.0894706687,-0.031182039,-0.0011396091,-0.010172234,-0.0069625845,0.0140699901,0.0028815732,0.0036575514,-0.0252470768,0.0135154309,-0.0158138488,-0.0247695471,0.0023632279,0.0146106397,-0.0014815162,0.3203204688,-0.015637763,0.0097921131,0.01497428,0.0302014291,-0.0181440059,-0.0305717777,0.0148924658,0.0392010396,-0.0125478531,0.0150274152,0.0214891144,-0.0075043208,-0.0302675474,-0.0221581845,0.3336592814,66137.7747866522,0.1580206954,-7460.7420152553,-70514.2757174002,0.1071697695,87147.5883469636,1200.34654218,13300.1306026542,54307.558102916,36694.2940478314,-93116.0368043227,2742.6262037183,35212.2235582339,-4073.5489464846,-35223.0978741505,15947.7195813314,11830.4714305195,-41160.8800395108,16832.2859765064,-12839.5140874822,-31565.2003165992,1803.4540468727,7735.0621250968,-10985.4512321684,-401.5954676694,-15981.5252663795,-11895.7080689242,0.8257665661,59374.7272026588,-9429.6224688911,0.1194775379,-103015.4161482197,-30579.172912597,-68845.5878324751,-8610.9356541946,23829.297658783,37065.5387813074,190.2152186187,-38340.4663458969,45253.7290906651,-18680.1932841571,19323.379153584,-29286.4939187216,215.1316732703,-14812.7237791631,-637.6088894304,-24207.9326401506,13697.6833445603,23894.5526751671,-8918.399004551,-21454.528137484,-3711.8417617836,-23692.7935137568,-0.1878521329,60454.7146603704,-20024.3221783251,0.6405017701,-57307.3629085591,55776.4373271566,-25695.0846455307,61073.1537931897,-29630.943677406,-24270.136876291,7682.0864661212,15958.9787224224,29550.5626046217,-3350.607926175,12822.7770898591,-24281.810280942,-22720.4849356599,-5935.7712335203,-2777.2916284741,56739.4538944108,-7842.9030356215,2835.610993387,1546.3484958868,10976.3933709832,-19121.8334048984,-26799.7077643813,-0.5243938687,69439.0717676628,35896.4773986396,-0.7970908785,-99287.5837712346,25890.4466627904,-50018.3265964403,-38300.9261682015,29698.9394193255,-29372.380071338,-220.4115868836,-1755.3418630761,22700.5155494244,-7554.9880712282,-1289.9034048255,-24094.3463914545,-10772.8057704556,-7099.4160035102,52824.1118277633,-33084.1290314186,-334.9606784756,-16879.192759397,4648.9427051965,93.3994393748,-1884.045151459,46087.3962635174,0.9127850574,-23841.2400448503,-159271.4024327124,0.9878406869,-55527.7484626547,49796.4891999279,49309.069452888,36167.7604313111,-16401.9094518654,-71045.3750489806,4540.8996620334,1971.4186721416,2124.19143417,-6113.0836780035,21726.7613073817,22123.4346078104,9567.1078789573,4558.2381014722,-20471.2778506209,4873.1899243038,-12797.3404441796,25066.6494150026,1554.4508047753,-9476.2224649239,-619.6463381647,-34977.0423588669,0.1012714784,-35128.5278563538,-90876.9392530412,0.7526791066,26377.3520590107,-30566.914902581,14292.6849655972,98396.9835901166,59817.9695338058,28691.7571322779,8004.8691695037,29444.6678011104,-20950.8770539734,-15069.5801140387,5221.7896160806,27017.0990117598,-21836.6544485527,46370.7202572285,-11218.0757273505,-600.3083019662,9657.7062045983,25793.0918362186,21625.3793923675,9694.1454136173,6692.6099326235,59021.6997032535,-0.6244919857,-59203.701585331,-133273.2669165715,-0.531476174,86572.7433716503,16644.142553554,20196.7788497311,105273.9563980637,-9504.4616341197,-49937.7967213547,-5790.6939357801,27003.7121327672,-10661.6831684235,6088.6857645224,-18605.3820907091,-12586.8817641359,2296.1171055408,-3042.0914304448,1625.1971336951,27044.1837635037,-11891.9141110815,8513.9755782565,5233.6460537459,-6956.8553814695,4917.7207175291,-260.3452592779,0.337762473,105438.1071351039,109550.714180672,-0.6894623274,-122143.9499782712,-60982.92379331,-61533.189724323,33966.1517609121,264.2083068759,-37301.9613953888,4832.4600921858,6545.1032166293,16783.8711101886,-5858.3992285685,-7852.1499748366,-19504.8897398074,10645.3547682782,-32758.7531935457,2334.5029573075,27095.0633129583,1093.0053094708,-15444.3703033624,4749.8192194966,477.3555097285,8441.7997083538,-30180.7358529193,-0.0146414604,-25634.1760153235,63276.9877112244,0.1172413798,10065.1992361449,-31797.2892617807,11780.4943717388,35481.2638071439,43674.6536062973,13376.8969664491,9288.1603118735,-3367.2186500392,-29991.2134368118,-3643.5251962052,-11675.8155226504,46447.4132880869,-20593.1480733075,-6073.8144403991,-4687.2656139085,13115.1243083075,15545.2892554185,21516.7362887916,-8135.5026995679,9783.3524010107,5089.2352092805,56315.6638608828,0.8634014768,91195.2203471723,65483.5927243694,-0.4728646961,-120996.9475216036,65734.2965279167,-85910.707531038,-139087.2908250442,-3724.925616455,65310.127536189,-158.0400842977,-0.7068291367,20076.4685889784,19323.6516892242,35807.4075893486,-19655.7306962892,7604.5804585641,-5080.6872509782,31519.9674085282,-36359.6070402229,-64.9942907618,-12071.2783480607,6517.2046323935,-7984.5372892848,11238.0651027595,-55227.2965964957,0.794840927,79391.2604397494,55030.1332054487,0.1120209054,-96166.3692533485,-35680.6393720255,-25753.4914629926,128367.0163477878,38833.4351961334,-97731.0626122296,1513.9389150728,740.3093560175,15771.8578577057,-33212.6447229581,8050.6341760849,4384.6249990816,-40856.1624505195,24691.0287028129,-17811.5527662129,48435.2305298837,27490.6913607924,-26905.6392473941,-1181.0871191579,-934.1666747184,2992.5322223652,57734.9047798526,-0.7066574906,38553.879795545,93088.3953176692,0.7232400798,-6874.7470047348,-53223.2379993287,-47662.1358510454,-70288.639272159,-2727.5600847905,-25057.45642598,-1858.5832033446,-12798.6269384384,2446.9644353343,26075.5576231238,-7267.3986197373,-32874.6828401541,18948.8068863077,2036.698858121,9676.0660526276,-22635.0152301965,-29386.0082940955,19606.472644391,-1662.6173415765,-4353.4265335343,4982.1674715259,-91063.2498453827,0.2061285391,-61287.0380034746,48457.4541619806,-0.0221720131,148697.8961506657,-35053.71649605,50859.4932214016,-41451.3082481937,9618.3964619817,90313.8739347156,753.3424110438,-19857.3795761948,46952.1504125496,10545.9928726757,-16084.4927569806,-17953.4097728687,-7219.1244318183,-5610.4552314483,30535.4879421106,-30496.5541454364,12551.7251343356,6622.7465661535,11977.2085619766,1455.768514571,5417.3637709159,-20745.8049316485,-0.3517026174,-57186.6258687337,6297.4066161621,-0.4633933843,20498.5552769392,-4918.9570963405,757.3082736036,-42005.4396439294,43946.3133829366,21526.5770914077,-1832.1000945641,-8291.6873192887,-19376.3614873911,9144.0854456546,-14840.3660704244,-2810.7877957681,33037.6666257624,-11196.7844516524,15848.7604594342,-57206.0439375853,19895.8233952936,-6443.2501038282,-3078.1916444951,392.8934195812,3426.4330364041
biasActivation=0,1,1
[BASIC:ACTIVATION]
"org.encog.engine.network.activation.ActivationLinear"
"org.encog.engine.network.activation.ActivationLOG"
"org.encog.engine.network.activation.ActivationLOG"
