encog,BasicNetwork,java,3.3.0,1,1425320468477
[BASIC]
[BASIC:PARAMS]
[BASIC:NETWORK]
beginTraining=0
connectionLimit=0
contextTargetOffset=0,38,0
contextTargetSize=0,14,0
endTraining=2
hasContext=t
inputCount=11
layerCounts=11,15,26
layerFeedCounts=11,14,11
layerContextCount=0,0,14
layerIndex=0,11,26
output=0.2295736783,0.000078006,-0.2702948485,0.0217953156,-0.0000570209,-0.1555985405,-0.0436650622,0.5643401101,0.5904729909,1.0463235855,-0.1303252791,12.4563317492,-13.0194594067,12.9014256244,-12.0259196745,9.6763779751,12.5870779397,-12.2567677587,11.3270223838,10.6640324024,-11.575736363,-12.4847883981,12.8616624869,12.1342439281,10.6244483004,1,1,0,0,0,0,0,0,0,0,0,1,1,0.2295736783,0.000078006,-0.2702948485,0.0217953156,-0.0000570209,-0.1555985405,-0.0436650622,0.5643401101,0.5904729909,1.0463235855,-0.1303252791,12.4563317492,-13.0194594067,12.9014256244
outputCount=11
weightIndex=0,165,529
weights=0.0063349365,0.0025673373,0.0028601649,-0.0076760773,0.0164519055,0.005377965,0.0157983036,0.0017441561,-0.0317705062,-0.0189628647,0.0024896732,-0.0268397592,0.0227833596,-0.0029723756,0.2525697373,-0.0000056065,-0.0000001875,-0.0000013907,-0.0000014744,0.0000031523,0.0000103362,0.0000033003,0.0000017578,-0.0000013285,-0.0000017931,-0.0000028864,-0.0000040893,0.0000007878,0.0000005846,-0.0000002517,-0.0123775862,-0.0054698251,-0.003367519,-0.0037895352,-0.0086595785,0.001971974,0.0070998732,-0.011538388,0.0052667289,0.0283118271,-0.0047231407,0.0016521839,-0.0053977342,-0.0026403936,0.3721310801,0.0056724343,0.0142155181,0.0076789085,-0.0098642755,-0.0052156294,-0.0058458388,-0.0033508203,0.0040003482,-0.0060990363,-0.0174711214,-0.0081625483,-0.0086669962,0.004352717,-0.0288193954,0.0819250361,-0.0000111675,0.0000080546,-0.0000087302,-0.0000058588,0.0000030979,0.0000165484,0.0000040188,0.0000017483,-0.0000042993,-0.0000019963,-0.0000100315,-0.0000037418,-0.0000030211,0.0000003166,-0.0000007708,-0.0160162,0.0042087583,0.0095581171,0.0041371769,0.0034881763,-0.0016638662,-0.0129836995,-0.0062002335,0.0103425339,0.0170179726,0.0030874887,-0.0072452407,0.0010783774,-0.0057013886,0.1893463787,0.016170785,0.0204197723,-0.0142250065,0.016840054,-0.0179107491,-0.0062421786,-0.0378643584,0.0132080786,0.0019446007,-0.0114609755,0.011672409,0.0273952046,-0.0169357799,-0.0277876126,0.185683892,0.0166217398,-0.0244812518,-0.0354125486,-0.0106877922,-0.0012331002,-0.0082552627,-0.0107397429,0.010336518,-0.0022841746,-0.0031813865,-0.0018705157,-0.0026508288,-0.0155698214,0.0132351357,0.2806131325,0.0123362652,-0.0009718487,0.0220365916,-0.0016345213,0.0161424067,-0.0084780772,0.0138641814,-0.0097960894,0.0220160524,-0.0068957539,0.0029807059,0.0036629075,-0.0046871726,0.0101271123,-0.0236204784,-0.0165781561,-0.0172159591,0.0055007787,-0.0229252427,0.0130469977,-0.0019801508,0.0103418536,-0.0182730678,0.0158257526,-0.0021692276,-0.0079238503,-0.0052207889,0.0074969559,0.0346226444,0.2299601789,0.0037726048,0.0071817355,0.0138300949,0.0351154327,-0.0123865719,0.0149278631,0.0162295493,0.0072049112,-0.0238890353,0.0210763446,-0.0031037754,0.0197850112,-0.0058512759,0.0049014561,0.4337573341,-17596.0355196114,-0.0281650871,-35348.0219306095,-101558.7448797754,-0.5860560686,-157029.6096264648,79836.5001603134,6510.0408564655,-2282.3902154483,91709.0938572647,42949.7212629232,4420.789629574,4407.2645097774,65988.8042057792,-11214.8757270997,28905.1510052165,-120625.8862619752,54221.0704869576,-9109.2194394914,9808.8082494237,-30149.9880613927,5332.3735306832,49772.1342843229,-32626.0263539054,-10329.784390663,6425.7681829997,35280.173023002,-0.4133069401,34664.8740206707,-34530.8507967154,0.7353393468,-42715.3371595955,-2719.1515573544,-36095.9063844241,85524.8220860239,4951.1816970385,-38733.2696822633,3249.9317450449,2427.6362059508,97383.9944597416,-25867.128310649,45897.0824895837,78261.869342173,2805.8604836676,-25703.0849669928,-21841.821787585,43708.0765267881,11601.5771659147,-27351.2791461208,13556.655314999,-36820.9241197492,-17998.6367055331,23943.4752880085,-0.7484377947,-12722.2382644631,88253.0545911424,-0.5763714958,16883.96971066,32182.7490825107,48594.6240647369,-16285.8923459055,-77377.4242027038,-8500.7246063346,780.96372169,17113.7208477781,22576.6586944622,-7476.5202981416,-10841.9598484959,48884.0666559201,2583.6431750802,-51303.6956541895,-30780.7493387528,43060.5245654576,12125.6417219063,-51609.7720625442,-12557.6345358753,1901.513253893,-19789.3669550516,-791.859072701,-0.7619351642,86219.7929668543,145141.9473153262,-0.9092613975,-138093.6342625016,10882.9286219885,21823.1001849434,-45484.8276723936,-43964.5414605692,-13096.8215669016,-3054.6803855684,-28275.8274594541,-30354.2304495092,-20150.2048753913,27362.2321926813,42801.4431871544,-30561.7039464009,-5459.5192854454,-6441.0317543789,35989.6412934944,14787.9696287513,-50281.0244725154,2664.8981334552,4508.1213711103,8020.5629735282,-36281.2552843034,0.0800447726,-57349.1762592826,42600.3189370768,-0.8011598777,11567.9342168014,10367.512239991,-11846.1569581207,-23448.4826019528,23550.7868508568,52418.0919720694,7052.393825748,-28548.3668133405,-2264.3740350876,-5673.6560231008,-29454.5433228732,-74064.7994128145,-1568.9741241395,32372.9109013515,15508.058369592,-47407.9185961282,11924.6529633825,30575.1673520077,4680.070015882,2775.869782427,286.7225460346,-17977.697657616,0.9130618298,-37294.9793927208,61965.2230469264,0.8509034915,131403.7851104429,-66534.9592152937,14094.398664264,-144992.1268578247,-17018.1546286409,75868.1383024232,-1345.9968846505,-19166.2729145812,43430.730340151,29104.5514446689,-32621.1477076503,19310.7106413845,-13724.0373472969,-48967.112132756,1007.4560026411,30570.1201537761,-27641.115069927,-1117.4865663666,-18278.5013915706,6997.4242525452,3688.8412764878,-150506.828467305,-0.9914902598,-131612.3765935964,93634.7277316185,0.3080778266,60320.7195306506,-68874.2720524668,23786.3855269478,120009.0557781683,13278.096555488,14264.6001145134,2042.6499423131,-11617.4676563489,23857.1697807213,-17034.4474910186,20174.4470017572,13101.2568022393,14129.3442092728,-23833.4731287798,-26475.876459049,55799.077198958,24393.7625369186,-60066.2013045227,-1071.8450057477,-8662.573495392,-7803.1620467123,87040.7396459402,0.5116272115,54188.5523800931,26887.5667456823,0.4693731068,-55632.4974764516,58593.1950054318,-11818.0160823724,-81090.1533894191,-17816.5622317096,-114411.2779031984,-2622.9663313978,-5189.7733669574,-46763.0954690338,-8812.1807516687,-15537.3345858843,-3948.4644566157,23509.1641700142,28179.7080535414,32082.3386078651,-39630.8637522328,-8545.8459249712,10663.1527067056,2292.7521115647,4195.0613261418,-3955.3167721608,26829.6743842917,-0.4614337569,-44532.7616491274,-118436.8968893417,0.8848141707,34166.1382745066,47047.1186246445,15952.4393366998,139247.0527833817,2292.7813303493,-11441.2849894974,-8274.7004579648,8110.6763074444,24062.758510414,-1617.4803343117,2953.548148157,-55408.400463051,24539.9203004067,4114.9215567089,-8488.6396321811,-20498.748269752,-2332.4860960865,-8011.5385139541,-6826.8957596094,-3989.8467085014,95.7643024671,-34858.3400043025,0.556756574,46424.0042142017,69209.7106798307,-0.7135385688,-112292.6011185205,-64850.7050023213,-33907.2692694723,46257.5566380348,28308.7794827495,-20403.8933795522,-9259.9241868731,-55158.7848113441,-29900.9710937224,-29469.8720318798,-17751.0973782792,-40746.0643477455,-25709.8534616846,35146.7918802018,920.2897215698,2448.5353346813,12888.0641006491,-29984.4440176931,-1350.7841478796,706.4570848386,360.0653259824,-77368.9229063507,0.9935584654,19400.5185831328,-66549.6388010553,0.4858128577,-39658.2441462929,4012.8417695078,28339.3813035463,33743.2445326391,265.403590456,76358.3705112898,-2317.0947889726,23482.1204658199,-55389.3219458203,-29327.4078782277,35809.0578342086,-21993.4932173014,-9979.7465039091,194.4792385941,425.3416952147,-1917.9752525298,18600.9595151978,-7632.2902870283,6873.013443327,-10117.7203727491,4762.7338303333,-33252.8781168772,-0.4459122962,36192.9365061958,-27488.6960814677,0.458654811,-74217.1607910328,81030.0339749047,-28728.5460047982,59512.8429502116,-19751.6230763298,26576.1762924389,7537.2766686771,9681.2413626427,-72844.2167312009,3420.8577730603,12395.7789373406,-12129.200170334,-5131.477136031,-9188.6048707007,28925.53231196,-45375.8833933339,-27816.3682081218,26741.0149019037,-9118.8582421146,3635.1734350515,-13761.4724306104,-74517.7943555711,-0.4080235857,19791.0303021192,4796.3024835986,0.6465319733,-103180.5574928906,-61092.9368383511,-38132.2436056561,58869.6229225699,19130.1240333615,74115.7879305894,-278.4678515101,-48489.1027753568,-75546.7653968679,-14827.9877307346,39629.2271600955,-95912.0662572486,-23647.3897583076,-11894.9636898219,-9053.8739202037,23051.2404236416,-18292.3138509261,15113.8464520544,-8685.4529936593,686.1431057046,-9673.3095603208,-15424.2396738146,0.1019382102,-51481.0973671073,15786.0669291819,0.2030517979,229142.4477366502,-18840.4453878418,59615.4297554032,-90843.0521427455,-41328.1957500996,35450.8060304472,2106.4814064599,29963.446273064,-11539.5812590114,5709.9373687241,2335.9547456625,12272.843435725,1622.6405585938,1616.4056490677,-10545.9361832509,2667.9249951635,-21344.7812768586,10019.7318032459,775.385436535,-4460.7254757083,-4497.4194203997
biasActivation=0,1,1
[BASIC:ACTIVATION]
"org.encog.engine.network.activation.ActivationLinear"
"org.encog.engine.network.activation.ActivationLOG"
"org.encog.engine.network.activation.ActivationLOG"
