encog,BasicNetwork,java,3.3.0,1,1425328625424
[BASIC]
[BASIC:PARAMS]
[BASIC:NETWORK]
beginTraining=0
connectionLimit=0
contextTargetOffset=0,38,0
contextTargetSize=0,14,0
endTraining=2
hasContext=t
inputCount=11
layerCounts=11,15,26
layerFeedCounts=11,14,11
layerContextCount=0,0,14
layerIndex=0,11,26
output=-0.2539784774,0.0001083363,0.0744498478,0.345646584,-0.0000459241,0.1202251925,0.0922814011,-0.2461607845,0.9675329735,1.5614349995,-0.0604917334,-13.7566825167,-13.2914202804,-12.7950487721,12.6408482634,11.2899090448,-12.338123769,9.8096766081,-10.5667077646,12.2148978747,-12.2289758567,-12.5610388393,-12.6462130217,-11.9918146086,12.5560106608,1,1,0,0,0,0,0,0,0,0,0,1,1,-0.2539784774,0.0001083363,0.0744498478,0.345646584,-0.0000459241,0.1202251925,0.0922814011,-0.2461607845,0.9675329735,1.5614349995,-0.0604917334,-13.7566825167,-13.2914202804,-12.7950487721
outputCount=11
weightIndex=0,165,529
weights=0.0211226867,-0.0392153581,0.0317580902,0.0340683308,0.0089333804,0.0153753052,0.0020705447,0.0118196027,0.0051830946,0.016380391,0.0310908486,0.0124607199,-0.0164639709,-0.0021944423,0.1997330691,-0.0000055402,-0.0000019543,-0.0000002048,-0.0000004909,0.0000012081,0.0000013149,0.0000018238,0.0000006415,-0.0000005846,-0.0000014142,-0.0000010611,-0.0000003198,0.0000014276,-0.0000006504,-0.0000010397,0.0305328476,-0.0020249923,-0.0220114017,0.0010147241,-0.0038275303,0.0234117772,-0.0126235617,-0.0161983124,-0.0045385375,-0.0149694885,-0.0190199668,0.0042096907,0.0131863045,-0.001052074,0.3158816143,-0.0044244414,-0.0031086271,0.0114282248,-0.013107558,-0.0026457918,-0.0324641056,-0.0039507554,-0.0212326099,-0.0042377358,0.0132841592,0.018806393,-0.0148429918,-0.014622225,0.0016477577,0.0657987662,-0.0000032824,-0.0000016478,0.0000016839,-0.0000022971,0.0000025813,-0.0000000056,0.0000029438,-0.0000003024,-0.0000004099,0.0000030015,-0.0000008442,-0.0000001651,0.000005544,-0.0000028443,0.0000075348,-0.0059366754,0.0074436879,0.0036147658,-0.0201011576,0.0157021174,0.0082859716,-0.0063700793,-0.0180078059,-0.0128703094,-0.0208789266,0.0006416115,-0.0013735602,0.0049113865,0.0023773524,0.1566202381,-0.014202976,0.0014740559,-0.0065239385,-0.0323332848,0.0211166567,-0.067824539,-0.0070542411,-0.0098206759,-0.0216217821,0.0167795526,0.0492755369,-0.0099500358,0.0098301503,-0.0007283047,0.2213810282,0.0134599558,0.004423132,-0.0357131569,-0.0178574208,-0.0186830214,0.0164152767,-0.0541665712,0.0077643363,0.0391674503,-0.0112100327,0.0002974086,0.0110297182,0.0066083718,-0.0085071324,0.5072062865,-0.0589518187,-0.0099830437,0.0022398028,-0.0043994389,-0.0171283812,0.0035610844,0.0492062589,0.0080191491,-0.0041320338,0.0097217946,-0.0278322169,0.0050542306,0.0170071174,-0.0014910953,0.0538308876,-0.0261014728,0.0026417443,0.002090484,-0.0133641994,-0.0205212258,0.0283936217,0.0380336639,0.0134595881,0.0209267054,-0.0140638462,-0.0590432247,-0.0238369235,-0.0027262382,-0.0001958687,0.2833646337,0.0131160833,0.0037112817,-0.0116357865,0.0111185181,0.0013786652,0.0079155972,0.0167439023,0.0207547588,-0.0213091892,0.0099662926,0.0034773966,-0.0058333301,-0.0090025941,0.003687971,0.2148117829,-120472.7407284782,0.8327215454,275720.7779036382,336046.8832398499,0.6915869419,-97669.1663958354,-345198.6892493261,212560.2098005985,-79376.6077181049,-126748.6922830918,868.3793673794,1878.5037934768,-59624.5233230533,38568.1988219464,-35591.2615157158,-28266.9935320909,126196.38880997,1102.5712770492,-95789.3197740201,-29169.5711966735,54407.844979565,-2849.649823261,-32933.0303442027,-40003.9042446202,8550.7561523343,-23630.9331541066,-246884.0129835636,0.3667812923,-23855.3181215002,-111346.0317187534,-0.3217852146,247758.2296540537,-62735.2649598597,85839.1170139148,177750.6336519035,-189407.7605175077,249887.5928828718,-5527.6307486144,54518.2167929318,127605.434711728,-45179.1524513247,57791.406354177,163707.7256562485,-2960.4967565663,62247.324722141,-390.8056336747,-80729.2258001718,-11804.7825566226,-68361.4249386654,-1917.3347827252,-33450.7695947188,-6365.8330151442,-1102.2924109376,0.4357865427,32523.3828055749,180594.2289669386,-0.0487985293,-362580.8170643201,203809.5624353039,-122157.1383455394,45038.3813682208,58834.7733296624,-97864.0440872831,19779.6416277512,-54959.8586025476,-65388.0035911957,14221.0884492317,170000.7485487968,-133622.3439336711,86585.2002228353,-37583.7337122495,35598.3253752364,23338.4590850848,24900.0504831608,-71524.3810935578,4793.827954319,23956.0318403096,-37322.0458975138,-62623.690139987,-0.6570585907,77645.4393781962,26707.491164937,-0.6953844257,-188054.4354967198,-155269.0423653283,6779.3838966541,-52218.1000035899,-17602.6287291218,85727.7756675888,-5227.6988630889,-59116.9611033283,106391.7530379315,-18256.9539551367,2852.9982434904,98916.7268502187,14873.4111728037,-31735.449808754,-2475.8014336394,64106.8097257795,-1640.3676108783,-19043.4077040312,2567.1240482692,79.8298425082,23501.6982430186,187165.3361455602,-0.2792246798,374270.8465991852,17516.2656989152,-0.7430228278,-42044.8761116991,-135964.6964281534,-70577.8133510751,-95582.3537177501,-211903.1901978043,-90611.6580104079,-5612.9633266999,-41406.3410083731,-12323.4596600151,21036.8357200336,79790.0154278666,-87599.9334508183,24061.0874923732,37875.7073924681,33149.7699506154,-77105.4579711564,-36604.150314585,-67465.0838886862,13910.4587509443,-16366.4114063709,9905.6449233936,-175893.9388057123,0.2395407318,-207644.6799451882,235895.0511201134,-0.1224307289,223285.3014466568,-152793.7406257216,94167.3799203535,214978.370676144,-28114.5864912696,-7537.1871146205,-8891.29555781,48073.1573243066,48655.0703296133,-28151.1414666651,-4450.6828681864,158422.2643100544,-24721.3301068397,53444.2977209626,-71431.6481777949,23615.79489141,25266.9953172223,7561.870563664,898.681114043,-3795.0906191975,-3997.8279567913,135949.1803486086,-0.1215688062,-92702.6938077556,-128222.705208821,0.531150409,69441.8693183655,141813.4925464402,-100856.3501185397,-77375.6796829717,146180.8413826098,179936.8355100209,13147.1978153484,-33710.1405882942,74828.1810435575,38858.3711701127,-23476.9039634832,90293.7435242911,-60622.574810884,-53150.3569836755,7771.8920050391,122163.9829415111,20870.0431134749,7845.0232008944,-23416.7231391481,14177.8750758584,-13900.4713316051,6330.5810980971,0.2205570801,252768.372371592,108436.8444846736,0.2694993486,-113758.9410909919,106131.4072033942,93563.3037293915,-453605.5451359916,-177944.0368876691,-5413.9363402427,-1384.3650061235,-41917.8212630749,96896.5732748405,18776.9647979209,57421.9221511584,87734.3761108384,53499.9767707852,23798.1887627677,27066.2700668407,-110337.5699907634,17081.0598080287,28847.6453283853,-5992.0873998784,8859.6235678833,-2569.3341667198,103631.7472950582,0.7317832011,-180799.3611079947,-315939.4763917025,-0.106921238,317563.4620404136,-12524.4188909386,96641.8864298092,-158305.3337384891,45046.7125345442,99808.3836537502,11382.8769623836,-12549.1971181759,-41787.3994893611,18799.0862145865,-26702.5147676957,-128753.6630615562,58620.5384014395,14733.470513747,-84877.6131451533,39314.0398180071,-60061.5567519242,115670.3766665154,-4437.7414775594,-1673.2058531856,-4098.299058892,194943.5019224245,0.2094767769,271005.5044956938,227179.7433220208,0.7584668803,-225542.3041213376,-114395.6911149189,-78803.3555677151,-263373.2539794767,114500.8847323086,-209444.5574888819,-2037.2188527645,-51961.8769987549,-6817.4512895937,-60555.8294618453,-4277.4256659895,-72929.2721181437,-23817.4806170145,-66123.2735638085,-6370.74890126,50373.8771491893,3321.9880322842,42900.7652008934,3066.2086086266,-21557.3417490725,4469.7117191693,-211574.9687097858,0.2317099106,-11324.6314320612,241424.6826719326,0.9552882881,-164988.6034544712,-148720.2799232172,-120672.2903207105,72265.8067072213,245342.9972737416,177444.4857336158,14612.6609459514,-45553.0781009117,68065.6289961049,-6503.2964111299,50847.6236544776,133908.4425024189,-36099.1825245707,49101.6144301892,87178.0885455947,63192.3019541358,26627.1563235744,-44088.3183311534,-12547.089414413,-999.3542837484,-1039.6719240291,-91430.6936511193,-0.8197206295,-12916.2740970665,-109965.1054024345,0.8232025923,-14990.6862623768,103085.3837107676,41873.5506714324,-147860.5193855104,9663.4299350871,112662.0017233075,-5544.4483390725,-51332.8764040015,-36660.2395591481,-16132.2302277211,7955.9923497123,-112838.69569063,107964.8122968225,-72635.1316940247,37127.7422942227,23261.1484653763,-10159.3316744057,-46750.7396056616,-2220.7606932956,-6068.2327464052,-9028.3813956501,-190345.3926739141,-0.9257699089,-88765.4582221257,-285878.445687106,0.585734364,-311406.7896388918,169382.4589244569,-148217.1937353334,236409.3494083834,170186.4990274079,47950.2730851368,-2309.4146729216,3028.7906575563,-51229.9236179028,18129.362209447,34420.8472282072,-99480.4640091166,60687.3272178991,31419.4124789205,24321.0327794997,1245.4613184016,24632.5770587575,-26872.9939213192,-33707.5208741414,24156.6893111089,10923.4644124848,84481.1020694727,-0.9161852961,-74954.1662385326,-40290.5258170511,-0.9124460672,145178.6644463873,-72284.5805375347,-68882.3973835174,4980.5313368632,153687.8321603116,-65446.1729322615,-9447.2449782328,116683.6095963654,-63922.2970709288,-61289.7962903596,15902.3642343053,-150628.0307806944,-60706.2818195336,16933.841816599,30087.1663829645,-91656.4829662741,-7145.5878702026,-3473.5829430408,-8405.1937574288,17077.173083051,7702.5543103731
biasActivation=0,1,1
[BASIC:ACTIVATION]
"org.encog.engine.network.activation.ActivationLinear"
"org.encog.engine.network.activation.ActivationLOG"
"org.encog.engine.network.activation.ActivationLOG"
