encog,BasicNetwork,java,3.3.0,1,1425330879180
[BASIC]
[BASIC:PARAMS]
[BASIC:NETWORK]
beginTraining=0
connectionLimit=0
contextTargetOffset=0,137,0
contextTargetSize=0,35,0
endTraining=2
hasContext=t
inputCount=50
layerCounts=50,36,86
layerFeedCounts=50,35,50
layerContextCount=0,0,35
layerIndex=0,50,86
output=-0.1592856696,0.0822986774,0.4527007576,-0.0297066048,0.6849996124,-0.6470284434,-0.0096027184,0.2381387472,-0.1202401523,0.2104076088,0.0001903961,0.1541719886,0.1399671056,0.0354038363,0.2580023228,-0.0000050917,-0.3328893082,0.0566250842,-0.1234717333,0.3244151723,-0.1197131996,0.3032528379,0.0925429056,0.2329803809,0.4361123176,-0.0201126085,0.0356756026,0.3362011985,-0.0288967325,0.5649064256,0.1152371992,-0.4193392957,0.1543477809,0.0553258518,0.0000619588,-0.362674222,0.4325482439,-0.4896274562,0.1704265299,-0.0665830517,0.1517445374,0.0783803487,0.2775658404,0.2944928319,0.2421870042,0.0839930502,0.7030999327,0.3169923299,0.2866101894,0.0908284684,-10.0092411605,-9.6373759194,-3.308954175,9.8141048294,-8.7534585495,-10.2132081688,-9.2405268443,10.4953590685,-8.7650521329,-10.3387750209,10.1875587155,8.2540024986,11.6112431318,-10.9191745881,8.7472287825,-10.5691946008,11.0781304576,9.9201533409,-10.7672699114,-9.6397202733,-10.0872471772,-9.3098861415,-9.9255358414,9.4613694115,-11.0844032657,9.3835063906,-9.4997085406,9.3000241269,-7.5266350909,-11.4773130212,9.9006869411,10.6224342999,-10.6153652088,-9.857496223,-8.425918552,1,0,0,1,0,0,0,0,0,0,0,0,0,0,0,0,0,0,0,0,0,0,0,0,0,1,0,0,1,0,0,0,0,0,1,0,0,0,0,0,0,0,0,0,0,0,0,0,0,0,1,1,-0.1592856696,0.0822986774,0.4527007576,-0.0297066048,0.6849996124,-0.6470284434,-0.0096027184,0.2381387472,-0.1202401523,0.2104076088,0.0001903961,0.1541719886,0.1399671056,0.0354038363,0.2580023228,-0.0000050917,-0.3328893082,0.0566250842,-0.1234717333,0.3244151723,-0.1197131996,0.3032528379,0.0925429056,0.2329803809,0.4361123176,-0.0201126085,0.0356756026,0.3362011985,-0.0288967325,0.5649064256,0.1152371992,-0.4193392957,0.1543477809,0.0553258518,0.0000619588
outputCount=50
weightIndex=0,1800,4810
weights=##0
##double#4810
   0.0015813575,-0.0000025237,-0.0077423254,0.0071425674,0.0062988283,0.0093514844,-0.0051568786,-0.0030185187,-0.0048421892,-0.006796292,0.0023698913,-0.001097015,-0.0022973726,0.0004272957,-0.0031286089,0.0047770774,-0.0055117914,0.0011253515,0.0015708502,0.0024945655,-0.0036033985,0.007303383,0.0024800637,0.0026945642,0.0070055269,0.005794191,0.0003830766,0.004976851,0.0005019326,0.0009373926,-0.0006837498,0.0027651154,-0.0008998024,0.0002305911,0.003804041,-0.0041550864,0.0015856102,-0.005200785,-0.0029505903,-0.01100783,-0.0049854493,-0.0049075945,0.0041162853,-0.0000323384,-0.0030422049,0.0001286774,-0.0167674067,0.0020810026,-0.0020052652,0.0060942867,-0.0022721092,-0.005280218,-0.0005223931,0.0065052976,-0.0051219529,-0.0001868578,0.0005509012,0.0056148689,-0.0044471292,-0.001152185,0.0054392729,0.001558461,-0.0065386912,0.0005750583,-0.0009651064,-0.0004480757,0.0086810269,-0.0045088403,0.0112967526,-0.0082182271,0.0018142335,0.1639658339,0.006102202,-0.0012524434,-0.0075399534,-0.0065101675,-0.0003088719,0.0011271214,-0.0057154035,0.0014723413,0.0031952246,-0.0051147774,0.0135746677,0.0005889089,0.0013147135,-0.0028396428,-0.000443549,0.0001238349,0.0031064052,0.0009645286,-0.0056795791,-0.0029591444,0.0014939618,0.0049254641,-0.0015426397,0.0078757012,0.014344239,-0.0122095054,-0.0059285897,-0.0005990758,-0.0027495443,-0.0044809757,0.0017656119,-0.0051801172,0.0005361188,0.0002440205,-0.0034771483,0.2765558098,-0.0066982006,0.0030108276,0.0114320119,-0.0016617854,-0.0001529783,0.0006314859,0.0017160663,-0.0066349724,0.0003464821,-0.0071895345,0.0024064773,-0.0016844425,-0.0028523261,-0.0033985179,-0.0019507202,-0.0022242569,-0.00342569,-0.0003756515,0.0007257411,0.003712658,-0.0014485104,-0.0075657695,0.0031429937,-0.0013072971,-0.0036481705,-0.002172412,-0.0043297465,0.007983472,0.0022497944,0.0018316689,-0.0008083356,-0.0017859747,0.0060934109,0.0004245448,0.0007017569,0.032743326,0.0030680984,0.0028363484,-0.0052296397,0.0075394697,-0.0093350594,-0.0015789127,0.0068855321,-0.005011133,-0.0079135102,0.0024542872,0.0052129844,0.0111118157,0.0027390671,0.0014205464,0.0043579882,-0.0070340937,0.0043293852,-0.00197245,-0.0027431193,0.0029285097,-0.000045923,0.0012895541,0.0016109986,0.0021694844,0.006126504,0.0083030384,-0.0061333964,-0.0041163699,-0.0067190581,-0.0019260902,0.0028462171,0.0054654861,0.0012908403,-0.0032981267,0.0060713185,0.1733085325,-0.0014931449,-0.006163702,0.0022790467,0.000897928,0.0201721604,0.0117999341,0.001790712,-0.0013844594,0.0054277289,0.0017458884,0.0006869206,0.004941079,-0.0015881193,0.0033253024,-0.006381494,0.0031516297,0.0054861895,0.0022734344,0.0166676686,-0.0016316206,-0.0018213938,-0.0070174842,0.0020275356,0.0015924506,0.0042340337,-0.002062137,0.0076989944,0.0012708197,-0.0033076921,0.0040691536,-0.0032154844,0.0009677751,0.0043456329,0.0016135529,0.0082523563,0.0715391094,-0.0024111285,0.0075536486,-0.0012239896,-0.0032946227,-0.0053416635,0.0029158917,0.0028755855,-0.0074332611,0.0055285607,-0.0092743758,0.0086759676,-0.0033056861,0.0027217447,0.0012390337,-0.0074479401,-0.0079714447,-0.0014137129,0.0029722428,-0.0071129752,-0.0032038595,0.0009866133,-0.0055877446,0.0019570377,0.0013057513,-0.0010653798,-0.0062242871,0.0031925039,0.0035467979,0.0059818407,-0.0057006693,-0.00671035,-0.0006898675,0.0038370844,0.0008338845,0.0033808453,0.0276918351,0.0014939498,0.0003494068,-0.0021465671,0.0108477669,-0.0054722108,0.0033600736,0.0039202546,0.0060112934,-0.0050603095,0.0022623035,0.0026137283,-0.0002281538,-0.0001373916,0.0010287188,-0.0010674476,-0.0111672391,-0.0094441573,-0.0076479677,0.0059985672,0.0018110735,0.0002368885,0.001799472,-0.001549496,0.0025879302,-0.0055788742,-0.0064445943,-0.0071271785,-0.0010839598,0.0031260507,0.0053305266,-0.0073445008,0.0069831441,-0.0071772098,-0.0069315353,0.0006434931,0.0878518642,-0.0010626688,0.0060881638,-0.0047156132,0.0060234832,0.0032090431,-0.0036649252,0.0011235336,-0.0018910959,0.0000531475,0.0002402477,0.001277321,-0.0007541297,-0.0062195672,0.004849003,-0.002331701,0.0019372345,-0.0043246404,-0.005372058,-0.0030797187,-0.0041861952,-0.0003957276,-0.0016440502,0.0010792841,-0.0043956316,-0.0047833428,-0.0057000435,-0.0025865542,0.0024112916,0.0032711105,0.0059408019,0.0019196365,0.0034431535,-0.0024869626,-0.0012539269,-0.0035682169,0.0187220546,0.0031568936,0.0010303366,0.0102466789,-0.0023055151,0.0069459943,-0.0106061167,0.0043997962,-0.0026107254,-0.00997877,0.0034685311,0.0035072991,0.0045683662,-0.0080590081,0.0032345211,0.0021487406,0.0011413084,0.004367223,0.0061429542,0.0030104719,0.0142943885,0.0006043871,-0.0028474549,-0.0007508271,0.0089398243,0.0021498089,0.0062624419,0.0015699461,-0.0137744533,-0.0053775632,-0.0055809997,0.0047919085,-0.0004049559,-0.0082817085,0.0143299949,-0.0006834034,0.2825599433,-0.0000003582,0.0000001335,-0.0000007109,0.0000005426,-0.0000011855,0.0000004264,0.0000000985,0.0000017091,0.0000010928,-0.0000012781,0.0000019784,0.0000000583,0.000000996,-0.0000001183,0.0000011049,-0.0000002932,0.0000003691,0.0000005922,-0.0000005067,0.0000010759,-0.0000001871,0.0000004578,-0.0000011139,0.0000021604,-0.0000014025,0.0000003336,-0.00000262,0.0000008398,-0.0000005324,0.0000005886,0.0000013249,0.0000000228,-0.0000005284,0.0000003832,-0.0000018672,-0.0000062426,-0.0046244971,-0.0042963785,0.0012981809,-0.0006294092,-0.0129960278,-0.0023125731,-0.0026939072,-0.007086578,-0.0033904612,0.001382603,-0.0015196107,-0.0021792591,0.0010850823,-0.0008749242,-0.005862367,-0.0038924395,0.0018088681,0.0028615136,-0.0029887682,-0.0061463168,-0.0002611316,0.0013946117,-0.0025602261,0.0011663598,0.0050599245,-0.0089068983,-0.0000782639,-0.0040205534,0.0043789831,-0.0010029897,-0.0070699798,-0.0027852931,-0.0085866688,0.0030397029,-0.0004704888,0.0613276753,-0.0042333907,-0.0028215729,-0.0071436067,-0.0032067915,0.0037038501,0.0037650033,-0.00570837,-0.0126883008,-0.0038097553,0.0009543851,-0.0019823177,0.004907318,-0.0047335267,0.0095164708,0.0055836191,0.004493558,-0.0007744701,-0.0001575937,-0.0042669769,0.0021502611,-0.0069220742,-0.0011954228,-0.000469419,0.0055177756,0.0017462758,-0.0001369939,0.010000169,0.0065354955,0.0085223822,-0.0056709919,-0.00816257,0.0037789376,-0.0100275531,-0.0056019551,-0.0019607221,0.1067313813,0.0017440462,-0.007291556,0.0097811012,-0.0038374378,-0.0024116511,-0.0070429316,0.0040812741,0.0003487965,-0.0060439727,-0.0009169837,-0.0055905868,-0.0061154265,-0.0056169733,0.0021342366,-0.0022190943,0.0112060271,0.0048003781,0.0038748062,0.0014549842,0.0013808703,0.0003216013,-0.0001830215,0.0049352337,-0.0026024701,-0.0064027752,-0.0016743634,-0.0043478633,0.0035597709,-0.001316383,-0.0035107685,0.002372447,0.0032303911,0.0094307049,-0.0022819141,-0.005468768,0.071345002,-0.0058782136,0.0021565493,-0.0021692276,-0.0013617579,0.0087216898,0.0052425697,0.0011443647,-0.001837022,0.0009382353,-0.0078437937,-0.0084540924,0.0058774712,-0.011643825,-0.0028330422,0.0011275584,0.0044696222,0.0028951118,0.0023466869,-0.0018217995,-0.0116915797,0.0064208159,-0.0027934941,-0.0048135541,-0.0037794651,-0.0016454896,-0.0032614892,0.0029551067,-0.0018550568,-0.0062571443,-0.0032285761,0.0140919313,-0.0078936555,-0.0067892101,0.0011005864,-0.0060107316,0.1373375017,0.0000002097,0.0000002245,-0.0000006564,0.0000009185,0.0000006518,-0.0000009378,-0.0000012007,-0.0000010041,-0.0000007959,0.0000021351,-0.0000003329,-0.0000008679,0.0000008929,-0.0000010118,-0.0000014549,0.0000000887,-0.000000374,-0.0000008325,-0.0000003839,-0.0000007093,-0.0000006125,0.0000000992,-0.0000003075,-0.0000006636,-0.0000007457,0.0000002309,0.0000004426,0.0000013331,0.0000001187,0.0000005374,-0.0000013409,0.0000000793,-0.0000001735,-0.0000004531,0.0000009226,0.0000031918,-0.0012468053,0.0081008498,-0.0084400818,-0.0115578605,-0.0054478744,0.0080920851,-0.009028553,-0.0058476361,0.000322195,0.001070351,-0.0120593643,-0.0077844106,0.0065094879,0.0023529477,0.0023854994,-0.0012722025,-0.0153077368,-0.0064477585,0.0047263174,0.0028724927,-0.0009536168,-0.0024899319,0.0028774716,0.0023719109,0.0005917734,-0.0001787897,-0.000918873,-0.0049611717,-0.0057758472,0.005888659,-0.00449546,0.0071617053,-0.0001123926,-0.0003415143,-0.0058236724,0.217908104,0.0035950284,-0.0005436186,0.0034741862,0.0051618306,0.0022161661,-0.0002927893,0.0027711562,-0.0041246528,-0.0008993382,0.0002825243,-0.0042276142,0.0047510836,0.0036720899,-0.0035979598,-0.0002197118,-0.0024439244,0.0013048297,0.0016246932,-0.0030060939,0.0010860124,0.0013047391,-0.0029655222,-0.001643798,-0.0011469638,0.0075794333,-0.0031159629,0.0047175875,0.003101278,-0.0005737196,0.0018355899,0.007040981,0.0043303619,0.0093980573,-0.0078479907,0.0082699381,0.0765391638,-0.000297813,0.006062749,-0.0049840801,0.005949347,0.0024185072,-0.0035482451,0.0009330031,-0.0019358164,-0.0004406352,0.0002377761,0.0009023693,0.0007206002,-0.0062306634,0.0048183045,-0.0025174042,0.0019577472,-0.0045303029,-0.0058975401,-0.0023755511,-0.0041947158,-0.0006199193,-0.0018528974,0.0013776479,-0.0047456201,-0.0045658418,-0.0060261974,-0.0024847796,0.0025773211,0.0032154193,0.0055184412,0.0016835554,0.0028611081,-0.002711529,-0.0014612606,-0.003458502,0.0263518514,0.0075863165,-0.0031301827,0.0007022512,0.0019829251,0.0035768778,0.000424624,-0.0006304432,-0.0000643993,-0.0061945855,0.0056640483,-0.0082904189,-0.004911012,0.0023455882,0.0007255013,0.0004768439,0.0026007775,0.0016274271,0.0008009665,-0.0040595976,0.006353543,-0.0048440998,-0.0042038883,-0.003364673,0.0002716023,-0.0040775479,0.0076314098,0.002156674,0.001853729,-0.0044954626,-0.0115742625,-0.0074204067,-0.0032419877,-0.0000204251,-0.0024825117,-0.0095804662,0.1066543395,-0.00497675,-0.0028610527,0.0013651334,0.002108514,0.0005586367,-0.0009940929,0.0053368641,0.0081835068,0.0049974572,-0.0024117179,-0.0047245321,-0.0011933938,-0.0027584248,0.0103027634,-0.0062316667,0.0039154725,0.0004807785,-0.001829973,0.0086008469,0.0008915112,0.0008374059,0.0007091435,-0.0088125239,0.0096203072,-0.000379693,-0.0009214865,-0.0025512279,-0.0032700679,0.0048618837,0.0019746488,-0.0056390038,0.0029463534,0.0054227497,-0.004832934,-0.0031238975,0.090751865,-0.0009236857,-0.0036783881,-0.0050006198,0.0014323715,-0.0005979403,-0.0038741743,-0.0057540308,0.0026239188,-0.0003083806,-0.0020184913,0.0036235351,-0.0016179071,0.0052114859,-0.0004827874,0.0048672817,-0.0020324313,-0.0002310018,0.0023027433,0.0034759402,-0.0029829849,0.0023297526,-0.0013179181,-0.0014557331,-0.0012811502,-0.0016577345,0.0011305566,0.0066050377,0.0014975004,-0.0009625865,0.0010157369,0.0009325245,-0.0044273686,0.0034606012,0.0004765134,0.0025782915,0.0479626802,0.0006332147,-0.0044145465,-0.001963223,-0.0010609444,0.0049652752,-0.0036017164,0.0021693826,0.0034294267,0.0001489064,-0.0035326434,-0.0041659883,0.0054475331,0.0001843626,-0.0049703052,-0.000250497,0.000616084,0.0003423863,0.001067406,0.0000300427,0.0054907747,-0.0020289689,0.000504957,0.0015393768,-0.0017219158,-0.0003919388,-0.003165093,0.0040257157,-0.0012610126,-0.0053888171,-0.0028393539,-0.0011898992,0.0052721687,-0.0051692095,0.0118401973,0.0024354008,0.0605274126,-0.0093669604,-0.0007511864,-0.0056700322,0.0097414327,-0.0033867808,-0.0070064735,-0.0052905514,-0.0005884249,0.0007168744,0.0002813267,0.0012828191,0.0041531037,-0.0003034756,0.0018664484,-0.0043314454,0.0053770027,0.0022543442,0.0001685142,0.0036915918,-0.0120508373,0.0029884196,-0.0007871188,-0.0047770235,-0.0005634732,0.0027707841,0.0011045322,0.0074192234,0.0020023949,0.0020283914,0.0060666199,-0.0040377087,-0.0085954199,0.0025727878,0.0035160073,-0.0080311939,0.1145207976,0.0039696825,-0.0055601622,-0.0044288618,-0.0095116006,-0.0009815562,-0.0046653553,-0.0014065836,0.0064140528,-0.0027918671,-0.0037659806,0.0207510691,0.0005775793,0.0003079486,0.0001684807,0.0077388061,-0.0009193522,0.0007789897,-0.0035151009,-0.0000562969,-0.0083512588,0.0028952955,0.0026360793,-0.0097940925,-0.005556478,0.0025333825,-0.014123275,0.0052221369,0.0045197731,0.0099582414,-0.0016279503,-0.0031823056,0.0001313963,-0.0033174623,0.0019643715,0.0015774979,0.2119134142,-0.0039396715,0.0071681567,0.0018991547,-0.0052090381,0.0027433218,0.0018526161,-0.003110515,0.0040652587,-0.0082525795,-0.0017546316,0.0030284281,0.0004040181,0.0067808218,0.0088838752,-0.0006612309,0.0015948773,-0.0075352636,0.007659904,0.0020439395,0.0011164963,-0.0035232892,0.0037250594,0.0067851431,-0.0000892397,0.0056228073,0.0033181068,0.0032280088,-0.0063809495,0.0008292412,0.001013464,0.0052074542,0.0052483367,-0.0065900949,0.0020553835,-0.0004648348,0.0404590955,-0.0040729867,0.0041111451,0.0009659329,-0.0021591163,-0.0023789805,0.0008784405,0.0037347027,0.0016396358,0.0005062704,0.0011698138,0.001871151,-0.0040317142,0.0037766173,-0.0003752828,0.0008633109,-0.0005730749,-0.0039077602,0.0047334316,0.0003808133,0.0027820482,-0.0028662622,-0.0015292357,0.0022022969,-0.0036779371,0.0047265036,0.0015834755,0.0038520224,-0.0026467115,0.0018513189,-0.0006346589,0.0064899566,0.0017640571,-0.0018740245,-0.0032792396,-0.0040191562,0.0106266057,-0.0067797086,-0.0024580989,0.0021026984,-0.0002098437,0.0058715993,0.0021874293,-0.010478024,0.0052448735,-0.0020301936,-0.0116966416,0.0024894456,-0.0002092057,0.0016103173,-0.0019503736,0.0042974845,-0.0104168124,-0.0043845311,-0.0013159896,-0.0001867954,-0.0047706081,-0.0017427083,-0.0006166295,0.0010232692,-0.0067082639,-0.0042033497,0.0041813798,0.0021727294,-0.0024387817,0.0053377642,-0.001245074,-0.0013193587,-0.0099563836,0.0130901261,-0.003284438,0.0036668359,0.1291097165,-0.0031965657,-0.0079609259,0.0029450729,-0.0007401693,0.0046479104,-0.000149442,0.0078200048,0.0029519167,0.0110342667,0.0013627837,0.0004693269,-0.0056907666,0.0101056861,-0.0006632038,0.0025461612,-0.0014155744,0.0076297796,-0.0063636582,-0.0021989375,0.0026391602,-0.0079261766,0.0004475506,0.0076547857,-0.0015863888,-0.0062016734,-0.0009106356,-0.0010418538,0.0015073396,-0.0007160714,0.0049055379,-0.0027705324,-0.0046009257,-0.0035972057,0.0057386338,0.0076226953,0.0722987829,0.0118577371,-0.0016782894,0.0112266023,-0.0018683379,0.0018233939,0.002370468,0.0043118918,0.001496835,-0.0013349383,0.0026711637,-0.0009101946,-0.0004077446,0.013806507,0.0035027786,-0.0057317885,0.0013043698,0.0011803405,-0.0047043846,-0.0039043294,-0.0037298949,-0.0063685829,0.0003906425,0.000287455,0.0058614184,-0.0127033656,0.0089873727,-0.00046879,0.0046333963,-0.0124066723,-0.0027588201,0.0019855435,-0.000808014,0.0022888851,-0.0010852457,-0.0025366434,0.1834326848,0.004793378,-0.0035693301,-0.0082929882,0.0055027998,0.0030368558,0.0018256395,-0.0018878431,-0.0043298713,0.0102232301,-0.0117678171,-0.0053924921,-0.0024482433,-0.0027465034,-0.0025969897,-0.0015687961,0.0025982506,-0.0059869554,0.0002816951,-0.0111763513,0.0104799612,-0.0051413678,0.005420273,-0.0076379198,0.0003316415,-0.0083944267,0.0087726476,-0.006790756,-0.0204434355,-0.0038446346,0.0078439094,-0.0026005582,0.0027261129,-0.0003600754,0.0031287636,0.0027339621,0.2304516688,-0.0022725747,0.0061222201,0.0019256929,-0.0039208722,-0.0057397793,0.0092432329,0.0102103515,0.0071224455,0.0124081169,0.0023396148,0.0055034667,0.0056322604,-0.0045443012,-0.0006676197,-0.0002107135,0.0039443266,-0.0006568157,-0.0083430951,-0.000497089,-0.0056616919,0.0015628838,-0.0049592922,0.0005725148,0.0002922216,-0.0002587502,0.0052881793,0.0057835682,0.0138089104,0.010232948,-0.0022955884,-0.0073296685,-0.0024098069,0.0069425717,0.0091242375,0.0028429794,0.0580095168,0.0071197922,0.0099817064,-0.0010719915,0.003027206,0.0011252014,-0.0079244769,-0.002539734,-0.0075267657,0.006910862,0.0006307372,-0.004025635,-0.0030884159,-0.0055747228,0.003237415,0.0087271226,-0.0023165915,0.0085300268,0.0032959627,0.0051318944,0.0047290379,0.0010796322,-0.002291817,-0.0029029067,-0.0059731408,-0.0006507763,0.0112229084,-0.0058223946,-0.0080979895,-0.0019527158,-0.0066343738,0.0010100782,-0.0023156688,-0.0068090616,0.001872591,0.0016163794,0.1877852428,0.0008892011,0.0005359959,0.0087377653,0.0071285636,-0.0011151347,0.0068671539,0.0021350197,0.0099423858,-0.0010203786,-0.0071246829,-0.0012270983,0.0007918454,0.0041729692,0.0018156344,0.00621223,-0.0018857796,-0.0012659624,-0.0114531508,0.0054290409,-0.0002774915,-0.0054486408,0.0078609412,0.0033634493,0.006624935,-0.0042774437,-0.0043924586,0.0007818962,-0.0051300647,0.0039519704,0.0007537806,-0.0023050669,-0.0022592525,0.000565295,-0.0025655462,0.0011128955,0.1211548132,0.0000007446,0.0000007344,0.0000010156,-0.000000317,0.0000002903,-0.0000014688,-0.0000003707,-0.0000006248,0.0000002148,-0.0000008579,-0.0000012559,0.0000001881,0.0000018663,0.0000002802,0.0000001092,-0.000000119,-0.0000002874,-0.000001151,-0.0000000903,-0.0000000365,-0.0000006695,-0.000001677,-0.0000003546,0.0000010299,-0.0000011205,0.0000008639,-0.0000015356,0.0000003652,0.0000015494,0.0000006685,0.0000001524,0.0000004875,-0.0000001936,0.0000002118,-0.00000073,0.0000027297,0.0010720302,0.0045116161,-0.0074546698,-0.0135662971,-0.0057282061,-0.003869027,0.0032953247,0.0032401002,0.0018854358,0.0065372599,-0.0043118213,-0.0069204047,-0.0018553419,0.0014841949,-0.0001168562,-0.0015308241,0.0045508665,0.000684733,-0.003867782,0.0006558217,0.0123970684,0.0039505597,0.0049311409,0.006206384,0.0030978408,-0.001685797,-0.0028689183,0.0052931681,0.0029572104,0.002493477,0.0002131064,0.0006964875,0.010395968,0.002061481,-0.0022008671,0.1012517468,-0.0068271659,-0.0008409164,0.0060155175,0.0000934844,-0.0039183675,0.0056960286,0.0026503093,-0.0027519175,-0.0030490004,-0.0068813481,-0.0002974856,0.0029088391,-0.0046936844,-0.0083025084,-0.0019660588,-0.0100691584,-0.0036559289,0.0020280313,0.0000493,0.0010300642,-0.0018368127,-0.0070728249,0.0027746726,-0.000892123,-0.0071851306,0.0044113192,-0.00719797,0.0034556663,0.0054504036,0.0016531395,-0.0015799286,-0.0052990725,0.004637652,-0.0079057237,0.0008738387,0.0796003191,0.003167822,-0.0135294098,0.0056690502,-0.0082287338,-0.0002595351,0.007076492,-0.0046863355,0.0000716838,0.0050319236,0.017499208,-0.0021493527,-0.0020146756,-0.0044151493,0.0054107877,0.0061043357,0.0027016649,-0.0048819639,0.0000358513,-0.0043929792,-0.0025736898,0.004752703,0.0034472314,0.0140647801,-0.0094003776,-0.0029382955,-0.0000495524,-0.0022699413,0.0054557072,-0.0097177629,0.0050853268,-0.0045028768,0.0000351783,0.0012388992,0.0025049897,-0.0064198866,0.0851795624,-0.0014538799,-0.0012761575,0.0077671875,0.0020441866,0.0033363458,-0.0077644117,-0.0055781599,0.0042972947,-0.0012113015,0.0036499874,-0.0039418093,0.0025663795,0.0091116191,-0.0063523678,-0.0056438447,0.0023477057,0.002886442,0.0062420383,-0.0097617974,0.0030520673,0.0052557287,0.0032300368,-0.00083712,0.0026393397,-0.0003628965,-0.0069917994,0.000648431,-0.0068711607,0.0029710849,0.0064704948,-0.0031926996,0.0020331389,-0.0047585521,0.0054297889,0.0051933899,0.1128653172,-0.0010144343,0.0035614565,-0.0027467292,0.0015671571,-0.0003599452,0.000602642,0.0021492874,-0.005419081,-0.0019490986,0.0026687593,0.0051730673,0.0013921125,-0.0000827391,0.0065725748,0.0022260193,0.0037976088,0.0028399753,-0.0008361625,-0.0035681802,0.0046398786,0.0013466177,0.0003195946,0.0000707957,-0.0000608971,-0.0003475947,0.0023512834,-0.0036871826,-0.0096101797,-0.0030067755,-0.0020038233,0.0023793672,0.0001180068,0.0016264334,0.0041703147,0.0031934378,0.0968191609,0.0025248846,0.002795276,0.0024751353,0.0037649937,0.0061528749,-0.0005367597,0.0011212826,0.0007197502,-0.0007303889,0.0030794876,-0.0078252939,-0.0000978297,-0.0074821587,-0.0035454338,0.0058079306,-0.0073783113,0.0054068331,0.0071735101,0.0085375323,0.0039837781,-0.0003991823,0.0004743848,-0.0026297022,-0.0016732605,0.0018745103,0.0033710571,0.0066933091,0.0025249988,-0.0019581519,-0.0107585343,0.0032895105,-0.0020796077,-0.007666166,0.0061447628,-0.0016641418,0.0868337198,-0.0010980126,-0.0011303632,-0.001035168,0.009178119,-0.0053951145,-0.0010408447,-0.0046226522,-0.0017160395,-0.0029352332,0.004455468,0.0024410955,-0.0017484515,-0.0031140375,-0.0079569239,-0.010609767,0.0038363483,-0.0040683342,-0.0008901546,-0.002094461,0.0006344613,0.0009420538,0.010589664,-0.0029096749,0.0025773527,0.0064518769,0.001607776,-0.0012648896,-0.0006036501,-0.0007196033,-0.0012013702,-0.0023283364,-0.0045054168,-0.0059231287,0.0030413353,-0.0025503806,0.1125991864,0.0021952792,0.0000943486,0.0009899856,0.0012080007,-0.0033930473,-0.0051833892,0.0036015903,-0.0031726312,-0.0024354827,-0.0011697119,-0.0023542291,0.0048825732,0.0011438459,-0.0008719723,-0.0005762869,-0.0045132182,-0.0002709031,-0.0014785957,-0.001600864,-0.0016894897,-0.0028323053,0.0018841961,-0.0021961333,-0.001323972,0.0071159362,0.0022660229,0.0018977761,0.0037868933,-0.0045117865,-0.0016035571,0.0049958712,0.0030114824,0.0047427542,-0.0021064365,0.0025277024,0.0819209031,-0.0035812932,0.0046262106,0.0053770444,0.0014713541,0.00104074,-0.0062408933,-0.0053101645,-0.0014821053,0.0100932348,-0.0033568484,-0.0096797689,-0.0047569003,0.0030194545,-0.0152465535,0.0030829543,0.00633846,0.0093128098,0.0056843665,-0.0056153064,-0.0052421817,0.0085208941,-0.0016805894,-0.0084878718,-0.0101837906,0.0012795305,-0.0104273611,-0.0050097611,0.0022159185,-0.0018365652,0.0053288796,-0.0011228908,-0.0013209086,-0.0089467765,-0.0000562853,0.0039583712,0.1145645457,-0.0070573272,0.0004748436,-0.0011260116,-0.0062229445,0.0075729094,0.0058884538,0.0052041296,-0.0022871696,0.0114717511,0.0095921825,0.0072825519,-0.0041984263,0.0106847891,0.0000918357,-0.0042253738,0.0001654722,-0.0015244516,0.0023776908,0.0069700187,0.0007154529,-0.0105073529,-0.0074108482,-0.007581549,0.004999334,-0.0016116118,0.0066240467,0.0021461151,-0.0000843527,-0.0015444055,-0.0005355652,0.0004508265,0.0034873518,0.0060483371,-0.0041713419,-0.0094077647,0.1112267454,0.0016349846,-0.0086669992,0.0060900589,-0.0021962706,-0.0046056049,0.0002429865,0.0050205866,0.0032096141,0.0017850087,0.0000887746,0.0024465839,0.0008286194,-0.0068732636,-0.0030244224,0.0026736535,0.0161482598,-0.0004589324,-0.0031861305,0.0047455757,0.0077849571,-0.0021900115,0.0085346789,0.0016219462,0.0069623665,-0.0029294481,0.0021845884,-0.0015769169,0.0112518751,0.0116811354,-0.0048059254,0.0081908823,0.0029515968,-0.00023899,-0.0035039534,0.0039046119,0.1262450352,0.0010382344,0.0038280682,-0.0051550216,0.0069948912,-0.0049319211,0.0026211058,-0.0024975879,-0.000295816,0.0013719342,0.0038393974,0.0029882451,0.0047284484,0.0025081086,-0.006319517,0.0053575781,-0.0084126935,0.0040505248,0.0004346203,0.0070712863,-0.0045893115,0.0046344169,0.0019739752,0.0032396901,0.0006410658,-0.0045801908,0.0034117589,-0.0055608335,0.0037057573,0.0012512488,-0.0050542031,0.0023672739,0.0035644095,-0.0052125118,-0.0057921246,-0.0008040147,0.0514089449,-0.0009040106,-0.0004077374,-0.0070586692,0.0025805685,-0.0094602218,0.0012134361,-0.0013413152,0.004140873,-0.0024840565,0.0079749738,0.000735425,0.0010607388,-0.0028818366,-0.0079162119,0.004329915,-0.0081859817,0.0027577923,-0.0075991022,-0.0003902404,-0.0022605763,0.0049748721,-0.0029418838,0.0095868804,0.0039295477,0.0022146638,0.0062678379,-0.0038118416,0.000979038,-0.0006472159,0.0035907924,-0.0050948265,0.0029469349,-0.0019176343,-0.0015851825,0.0024038911,0.0559010469,-0.0008694748,-0.0009566787,-0.0018856297,0.00231345,0.0002640537,-0.0020285262,0.0032083459,0.011426454,-0.0072609483,-0.0001622135,0.0048875851,-0.0143361436,0.0052808964,0.0028149189,0.002829378,0.0060562719,-0.0081745971,0.0051708233,-0.0015691517,-0.0048239101,-0.0001403261,-0.0070351054,-0.0026840036,-0.016263566,0.00331374,-0.0062271916,0.001426201,0.0034646266,-0.0063333483,-0.000901774,0.0051057124,-0.0029463379,-0.0031061743,-0.0009721532,-0.0040084772,0.102036643,0.013320048,0.0056890719,0.0106937335,-0.0043264799,0.0068893731,-0.0081158727,-0.0120170583,0.0074476554,0.0020546297,-0.0034011365,0.001533485,0.007021145,0.0002235248,-0.0044008687,0.0010680971,0.0025327157,0.0027007375,-0.0003102037,0.0048765306,-0.0010225273,0.0037692737,-0.0014417528,0.0026569962,0.0012749294,-0.0035122189,-0.0020458429,-0.0021614348,-0.0118350349,0.0024914934,0.0044660172,0.0007286709,0.0039083369,0.0017853299,-0.0052290967,0.0047949841,0.1746838165,-7928.7587199751,1211.7895370317,-35498.9659983835,5439.2362554704,-0.0689639185,-4.317993078,0.0124823387,0.6838104138,-0.825947224,76.0270148523,0.8949952579,5.2610193597,984.0808682078,1651.7031946381,1469.3908911373,-0.5075847887,5661.5834942895,-94.8945463763,-0.574692184,-56438.1272114464,-1.0843022674,69246.8416212463,31.8927720906,2.8731793548,-692.8122149679,-0.7671414111,-1.6559429505,48594.3370089058,79.3531683698,-3482.2771724024,-2423.179850477,1.9237503534,-0.3897753696,-2819.4733892083,0.800055713,-5537.6747988106,49809.8881407115,-1030.9224052257,2.6158282463,0.6379356426,-3.7611656465,-2.9102211835,-4610.1784938625,3182.259586909,0.181315612,-2942.868001245,1534.3210165226,57281.8477871289,-5794.3276492336,535.3516102574,0.5331418924,75.5891956147,7283.4412682816,-24459.0753576031,-1243.5979395783,-3834.9828685094,-5009.7433911745,-11520.4350044993,-513.9592183357,-5091.6097806191,2651.373128304,-13993.524322276,-972.7978857211,-1924.4064910258,1296.4914822444,-1.0484391011,8198.9074313803,106.2844411909,-6897.0039397094,1030.3926519395,-6300.3299629805,-4267.4231365519,-1168.2828517966,-0.2136976338,14645.8217887119,-7716.0654833134,3466.8749110746,2796.6737034483,-825.8205785695,7228.1834578018,-325.086714995,10782.7474827015,-7251.126345055,-8096.9832642093,9558.0839962572,-2938.7622158524,-51055.4751629195,689.4974431322,0.3990327183,4943.5664627752,-9183.4581732927,-5.4498607354,8.3411493949,-140.3404300545,84335.7788901829,591.0950477953,-0.4858462812,-755.5215121085,-2417.7153244329,-3769.4661325062,0.2742851536,0.0276717228,-0.9417994192,-32492.0268726008,84337.2676851287,-0.6741825202,-1.6420354619,-73030.0491075447,1022.6678810305,-2712.3435797201,-5870.440097126,-5932.2741210119,-635.1862940145,620.1677598714,5143.7222367424,-0.3300737306,0.7557072982,4250.2846508013,0.3403962764,1.1598989534,0.2531497899,4161.5158731386,1174.8261091178,12.7214634193,-1.0978086267,3268.8778987993,-3807.2607185558,0.5627566023,-33210.8288206049,-1.3659743885,-0.4471341064,-4062.0247241606,-105363.0277989746,-8550.0455732436,1159.113828612,241.3732287394,-0.0809816673,0.2085673236,6098.3182054158,-6834.2872679793,10971.2937978476,2686.2299032945,3.8930446032,12010.4320910893,-953.5252335359,1832.6594238739,5858.1399963041,-1463.3950426985,914.7787281268,1154.8103143943,57.5857697649,-5282.686486434,-3727.0165806049,2882.906935809,-91.7089821559,-1377.22354573,-2865.2698489991,3415.0662059768,5526.0017250538,752.3460464991,-3392.9610637698,-2008.0294121558,-82.2053036049,8980.3005533531,-11037.3099677072,-3925.2837779899,5510.4553191487,-4276.5598991678,-3360.9740450248,10058.0247599097,838.076500932,-6001.3508649533,-2312.5875271851,356.7612811323,-0.048667113,11547.8894305219,-2421.1974080364,-6.4026690683,-862.1041685418,4107.0528066458,-1253.6918695727,-0.1192506216,-0.7541595718,0.5243678306,-833.5686629852,2.9604183249,-1682.767586441,-0.0374678653,49752.2300235714,5341.8077140562,-1254.6034105701,-5868.4042899155,-1137.6807239047,1809.0518487415,-61.5667171679,2129.1478041821,0.6866404317,4289.4407376924,35757.2609736778,-779.5597318229,-290.1738075303,93.9507381488,1503.3577426523,-1560.7607717949,-85.0141542136,9191.776999814,0.507665349,-7637.5691000349,352.0622745425,7532.7633991856,0.4169027722,-49159.7625603163,1.35851372,3856.4127362206,105462.6356954634,0.6867122923,1201.0217838944,635.1247466318,-629.8535012324,-53414.0633167678,0.677106264,0.7913136991,0.5656650464,-4089.9705948219,3737.3911700476,-4168.0190924487,-5474.7441698904,4.682714301,961.6752487348,75.02466577,-28.7981931465,2373.7120410029,-3275.8090967514,10083.6115345087,-6164.6900650711,-1694.697665535,2054.5951658558,1393.5233049341,-675.1566056896,6154.1336068224,-17572.6113899344,1998.5327535693,-5550.9563991056,3194.4619588115,4286.9257593156,-2424.4456420459,4284.6624118024,-7422.2120618133
   -57.6961355523,278.930093151,-2.6207381038,-7820.3512254476,1379.1020133583,-3697.1291407987,-4319.5831587994,6470.6936411574,-139.1053523135,11302.8631637195,-58961.4757614725,-5648.2063541413,14456.6227011024,-42.924311131,29928.7296824067,0.2894282794,-1465.590416153,-0.4518159134,-17249.6170315112,1.3345164731,0.0807251006,-26.2137772957,-4822.1212208165,-5834.1352585945,-11.1170173299,0.4437154694,0.6143541663,-1225.8358454802,-17249.4078577453,23626.8088088325,-6051.9741039958,303.3846492832,-196.4529464308,6773.632571103,-1294.0576871823,-36829.0902448191,-0.8758778759,-3105.5800652172,30239.6139909512,13201.9902408309,2892.3209944014,-329.713445809,3521.6169990713,4127.7972600566,-0.6755978683,-18425.5926226646,26.8179436054,137.6870921012,-1.5780743331,23169.0204468054,-24370.9096503614,-910.9868108942,-38293.3994969405,-0.3386065028,52112.7174880901,-2704.9987052364,34561.0637394404,-7024.849550702,-2147.9573011721,2975.120584309,0.3146655353,-1885.48213044,5702.0750614495,3027.832528045,-1176.0017510516,-2872.1676389918,6176.312725531,-4072.1383606152,8430.2193140427,17.070651161,-10634.2639856716,-0.5583797894,353.7145205806,-10515.2053977616,12455.5792268403,-5478.7900417873,-2862.9296484595,3325.8874766077,3121.1158834811,-10240.8188817942,-985.9659085283,-1689.5334038456,7758.611932861,-8102.248080052,-7.2298388737,4851.0011480628,125.8158281696,9820.224149789,-3181.441330899,8545.9730140945,-2111.4085210544,785.4287154743,2005.4217777908,-18753.6791523542,-6621.317139046,1957.632847863,7779.6795945067,-11668.5371200053,-86.1084546538,-3687.4695455306,537.2828297982,-2.2781130985,10871.0183719856,4.9884844028,-0.5909695722,13957.591845746,0.4859745126,0.2124365142,-9046.4048739152,2289.0469656601,-196.3722020906,-0.4460294039,-3242.9370333605,11.7544281718,0.2996199003,5611.7497244387,-78317.5358037212,13354.3814931936,-1496.2434486709,0.8742588195,0.7754619912,7477.6864102693,82047.8812830569,-1637.8326205259,22.5849983947,-0.8414892716,10151.1780034883,278.883530446,58084.7412092923,1.3971584443,0.4912597788,16853.8752939297,-0.6566195227,-2491.8520491933,0.7088762861,32691.3548108552,44336.0148795664,25.7616497521,-36.162982093,-2.2432098722,-8494.7012494245,1397.5627222405,3591.3640383534,-6075.231837924,0.2065562435,-0.1957615581,0.3111870021,-4233.8528839857,-3951.3365613798,4781.0437874943,0.1343285841,3977.4197062189,-3422.0941000051,-1661.918431228,-2614.6671650461,1754.9129791166,3172.6439365984,0.3585180222,5591.0347074621,4865.8065342348,3230.7968574893,-2008.1133409062,3.4458390545,-3357.2162705851,2456.0069298633,-1004.9536739085,-5422.1004084011,1709.8034978493,7273.042240032,3544.5986101321,-10212.0707871581,-3849.6248289163,2230.0208106885,1897.3591995825,-7015.8699542873,9713.4200375961,-3939.5521556292,-0.7154369319,4.0178418316,4748.7733534739,-2900.7448178932,-8754.7284222024,23806.7287143062,10.5906150613,0.6630060654,-14.7970039901,-3969.94969815,-0.3963437778,-4.2812360933,26938.438832797,-1246.863294018,733.9742788434,-0.07094048,0.8861536854,-0.9320567202,0.7733072234,88.1672665093,0.9673054223,-313.894245749,-7749.4354202517,-1246.2845089154,-1052.6805033775,70405.5393771956,0.2365759003,-15914.9634109979,5.9640579248,-0.3807472579,49662.4702381001,15.054693187,-1.8913119171,0.3782430522,-271.1174885775,-1.3249886206,713.0192789926,3483.3617397991,13187.3987520995,-0.727689017,3112.6975710679,-1360.9349859208,49.4029748966,1.5612089313,-419.6671652435,69474.3239666058,0.4972040853,14040.691365646,-628.6958789955,-1939.7754930502,-2407.7618742381,13539.1364419462,-3121.4945894035,9343.6126510762,-47028.811018106,0.8877793962,1644.2710543525,9146.1198238417,-181.4381273501,6672.3657150675,-11842.1285552725,3814.8019349256,-67.3821104074,-1366.7018815302,2176.7136378771,1854.6601379684,-2523.3306204816,-8004.1742027806,-3662.6220119179,-2678.3156772659,-111.6656621493,-789.8176631267,-825.6459016372,-13686.5329464009,1013.8419107991,8789.0487508409,-1418.2087242124,2953.8765776449,4524.0081010646,4677.9695480145,1086.2443296363,-8015.4829426102,1455.7438587802,2792.1261249349,2483.3050881969,1608.8777025083,-3780.6401323737,1267.3669691199,3516.475951459,4558.3501623554,-16815.0953236307,2160.2362466492,6.6382886252,-656.3310664011,1626.7185993221,-39.827101787,-19.6886826417,32668.3207654738,18186.7598036259,-20537.8678912476,-4334.0801426192,-0.1904094366,31808.9536305869,-15478.0084170904,3933.2889362612,103.7403405575,-0.7750627773,-518.8430518227,-129.9132276903,-20538.9967496657,-0.3758411879,6495.6200596576,-9699.5040399296,-1314.8450762441,-119.8183251473,17767.9056051489,14808.5608752585,-17245.506495349,5688.4863358892,-0.5465179174,1.8560131404,0.5904064709,0.0617917842,-116.3712113198,4077.0819515248,-0.9285744802,4973.3745773985,629.1651210441,7806.6438855454,7889.0174861183,2.0893611691,-95.1933003295,6155.7502328885,11792.3606534086,1952.3059281273,0.0933907801,-1309.5331213597,0.2975683723,-32894.4402989235,32.7182895924,-33730.8380393642,0.8451231001,0.3698318226,-11377.8334827786,2201.8099542947,-2109.6423853582,2376.0799041301,128.4175971341,-5228.2535348943,303.870210739,7345.2147721017,1145.2106634624,461.829117077,-425.5673599828,5439.229981467,-6357.8224681421,891.1861075873,-18629.8510734286,-3782.0925078144,-2920.251890714,1230.7804426522,-4438.1701426559,2103.7790928176,-788.2972352335,15329.4618964507,-6758.2873687496,-725.3812033011,1092.4166330497,854.9860429816,-6460.6022277394,-7624.0206771431,597.0482061392,1026.7158378951,5552.3097332078,638.2206015688,-691.3860443605,-13314.9208313973,-1076.8115185871,-15468.33631672,2917.0901008212,25195.5166194877,0.2327340511,862.2671797965,-19807.8672160324,852.7363076387,-0.891355574,-42.2775422515,0.8072756739,-3877.8952044267,1696.0704547672,34483.3532514591,0.579218622,0.2917080671,2442.5571422706,1408.6399519049,-0.1936421325,-2.3516634361,5032.2955262685,24466.0422771478,33069.773746708,-1442.3069929647,12568.5518060735,-81.0877746861,0.1480572336,-4754.6955786921,-12256.4530585153,-12993.5779791004,0.0170129283,0.5507576222,-2993.1871696739,623.5068622631,0.5046279876,-1171.1707534622,-1.0067303046,-515.9640063563,604.9789018553,-2554.3579623859,-3907.9207051229,-18291.6793647481,-24278.4248253101,7050.2508337509,-99.4825354903,6872.9294351529,1.0091720068,621.613587418,543.6077015233,6278.4347392124,0.2148264035,8043.7113938896,3126.5495675199,5884.0959557161,960.5351379533,-1502.927579599,-5698.5510436122,1337.5907018471,-1369.9886735363,-3117.342137232,-767.0761335857,2736.6050841893,-19.371528671,-4201.6946592141,10675.0789774611,41.3351901583,-233.5930858896,-1071.5852084237,4885.161549468,-7.6634703005,-442.0640627177,4640.2792517767,-3718.5940919006,-3920.2358637868,-995.0991717419,8499.5068665965,381.7181857673,-2034.0464909042,2652.3991818041,-5341.5124111885,-2.6213774561,1825.6975282908,-217.0159899114,359.976531446,4206.1575591213,-9821.1380226646,-5.9803379765,-546.8373024858,1.4859414771,-0.4624235665,6607.1831929702,-7.2546035497,10702.9340438395,2960.4685300462,6586.3154658926,-4794.4924550553,-0.6028332852,6870.9628522837,0.9385753691,2.8016687996,6423.9286385311,-0.992306951,-5813.9653044201,-63060.9403532192,6586.0128812566,0.6442897272,22637.1418562574,-78135.7769905836,-5056.6646884796,-0.0135783393,-19364.9513941545,4.4329468237,-1747.9028168427,-2.4711108575,-123.6082530656,1070.0825197975,-0.5507856795,195.4708021035,-2231.9534151002,32109.8508297659,-0.1238590335,-3800.2561635714,1640.5644585908,8606.2351449609,-8429.7380005656,4191.6521047023,-19808.6911916104,0.9228013571,-88925.5539714142,-10071.3297421459,-5.6408939314,-0.7803985013,97658.2088327754,24087.147141887,-5325.0762778851,-22375.5222336855,0.1983257858,8286.1985420154,-2447.3914147002,-2577.2218442103,6.8842626169,1272.5578759191,1579.8467335061,-747.1021066518,-6350.9097005139,2838.3940495036,-10402.3950603588,4544.8493147414,11499.9762464084,-2539.246224787,10092.9253254463,610.4242708509,4793.5434697338,4957.8961925616,-114.3810508867,6326.3278373039,-2464.5450288045,1220.9636049815,429.3315506704,2351.8011853402,532.5712077378,7991.8132792398,8555.5135815729,1758.5576541278,-7.1370875416,-10427.828068627,-0.6092845068,-7131.2734267344,6157.113099948,-2185.299378444,-3037.2460238686,4658.2032110238,-4854.6641249063,-224.8322347361,-20190.678174414,-14672.2800769745,-4902.2557638545,-989.6835419017,51.3632360357,-0.101303362,-1035.25523219,-1799.4679498353,-0.8579915417,0.6910754731,-4.3794285723,17290.7007977437,4903.8905596544,0.4050053811,0.34348457,-0.6603393801,-1035.3206615924,2520.733293641,-294.6143327827,-10.9364626472,-2202.1974223578,-3201.3458991059,884.5468589092,53130.5221594201,17922.6577157318,-5046.5282076718,1239.6403621527,3212.9493203503,-3440.6302429944,0.1190399241,1635.8217646306,0.4882773709,0.5979619574,12774.4325898507,-29103.9706343071,27.5606825309,161.6724299695,0.207185685,2180.5987800247,-0.456481854,8.0825477944,4280.1156528279,1872.1861329978,-1691.3646071963,3138.0681740299,1407.7700708966,16844.9036044193,-0.3997103886,402.0936437751,-1.3910871152,-4981.5188696887,-1816.5333727707,-0.6057635852,-437.2290099223,-9114.7776230329,226.2832785149,-0.6167631093,-12011.8648996542,-2252.9273998743,2275.6538431397,-0.2337107873,-1269.4820395952,0.2320459197,-1009.092822637,4406.6465866659,-642.9908646808,-3274.9079131742,-3867.8851639653,-3438.760285623,-2088.5073613259,58.7707013654,-1671.6111571865,-3519.3291680401,-4232.943126621,2616.8949374664,3302.0507668634,-988.2270043628,-1389.290034883,759.8899245187,11158.0583435072,-4843.8418476647,1608.8810901501,-1262.5691677394,-5325.2553879951,-362.4292555465,12358.2173909853,-920.0235969442,85997.3308626779,0.2980933809,25355.76132954,2667.0347994059,1466.958775687,-1.7350644593,-1041.1087169026,0.6746591356,-7841.8430912228,-5487.2245956957,25.9322738054,3.2773705209,-0.6286659875,-0.9549150184,10454.8237721431,-1.5687518663,2109.932452115,-4861.2448293259,-103.6580151165,948.3929831893,-19857.5583322978,-169.0138430721,-1933.7264189119,-26693.677753035,33064.9844287498,-0.1429777561,-9.6172157373,1.0286049118,-46243.4638147215,0.8046684053,-7.0645778683,-0.4978644788,3149.5187221231,77285.1160968458,-1707.5209687428,2712.8688778464,-1777.5321722686,1546.4798005925,-5860.4095029065,-9394.1340646825,5473.563380268,-5472.4092991314,-52422.929620635,1.438856808,-19443.0238117634,0.8579911192,-1729.7765861705,-3.5782459071,18.3973704529,1430.2740981402,299.9914778227,-1638.7606282796,-6752.7613091433,5492.3423563327,2349.6984539298,-584.0614535234,21.6401410145,3469.4236926701,-2493.2520545606,-2719.3124375299,514.6981732962,7028.108963812,21.5954772772,-7662.9556973874,4159.2666783074,-1764.3255478285,5961.7052942565,0.3881388335,-19.8559222187,-11331.3228801778,1585.3481903919,-170.6870526909,-2811.6502160682,142.51399569,-4.9159465023,-3094.9385691162,2042.1009699292,-5945.872568791,-2466.5572848265,-644.3237062722,-3779.6699098912,-2718.1938947588,334.40038986,39578.3202316604,-3104.5756127854,36098.4506920054,-1.2389834019,2400.0532848087,1691.2767131506,10441.0077633302,-15380.4357010167,-110091.4067247817,-395.5289861009,-0.094577102,-693.4639922233,-19564.1123268626,10059.2028663313,31.3216662484,0.4554162402,-2310.3318919986,11.4434414459,-110090.7211558121,12552.1518291349,2952.6692311779,-64541.2989551308,-51738.3181526644,-1437.5652284006,-22537.4464530652,-1985.3299692831,41.0402342489,-16732.9776656694,899.8889825715,1.1432772559,4229.2160081237,4.7143620985,6496.7340360232,140.3896022157,-0.1736200906,2926.6742554335,-157.8461817589,-1187.8247924229,-6295.2410291836,30.6374034663,-2103.7916838415,89369.7838188705,2758.8490633867,698.1063479534,44.4401193359,4.4673305445,-1025.1792768043,-6666.6134661211,-0.2844843262,-110.5887936658,-0.4016940308,7254.0177749309,-2984.7081379864,8284.1035012837,1755.5148753695,18.4585504687,9.6660197912,3917.6814479474,1766.398246972,11053.6054315075,-2836.5954422609,6932.5393951262,-3862.1910438867,3706.536638254,-5179.9470169077,-7578.6356789833,5243.7721672178,1764.3959909058,548.1866360966,-4810.0850519919,5712.8677128964,-12895.6159880505,-9391.2048730811,2538.046659381,-6575.7370204438,1097.986304656,11126.2556703394,2918.3756945184,-6344.0303668102,-5605.3769519116,-1608.2442610485,465.4111759745,4678.7764044483,0.5513423195,378.7983618011,12358.0227133611,-68729.1144004152,-10187.6168334141,164.0101883254,-0.0268109482,-96039.4072843589,-0.9055673082,2122.0383817836,59244.8778418635,1.3245173254,-1.7301284609,0.3252336223,88996.246247802,-23.5403154057,491.0477082368,0.8990249945,0.4575965941,36227.9706861265,-33033.5868178393,0.926368752,-5.8027222059,5202.1199991031,-103.7899123659,-2.9026449122,18.3272182648,363.4728735182,2897.5804222446,10173.5084943104,-312.3061298011,-0.322814415,-0.9734248843,1678.273000412,-1986.1654863512,-17.7326980822,2931.8634303658,0.3603099656,-30977.8290229682,52.4347508402,-4342.4129677234,-0.1497948237,-114583.0673416949,2292.2348921754,64.0306804554,-33024.4604634734,2071.4463555976,1185.690002199,438.2574184655,19520.3956814028,-1849.3780439548,1.1442239619,106534.4437152581,0.071335748,-41.8198309702,-3076.1538919272,4766.2480331476,362.3737860016,2295.2150881326,-905.3385800819,445.4050751495,1177.0837991606,-2965.8411154784,2602.7827430055,-5549.3118890038,4858.0726195502,3677.0809867947,-4858.7221196941,-4915.5844550924,7119.1414772026,5093.0196805042,-6242.2016657669,2001.3323703528,2545.5947360871,-3350.9926114663,4229.8193019343,-921.9077726069,-1687.5924046959,-2730.7302382593,2953.4132083227,-0.9621239176,1328.2718794868,-5282.3806634865,6498.4008641372,-9867.642276655,-2233.1653973768,-81.7661277459,38.5530824222,7280.332594434,6416.181658563,-4685.7520288357,-33217.2078345386,2201.9176019381,-0.5494164854,33.2454661303,8.1002663152,3171.8467675205,0.3734407257,-132.7289207122,0.8239973137,-7184.5201299728,-845.1354886265,-0.9782061486,-17290.3561795926,0.5843130299,-465.5716412047,-1.7498858181,-0.4276015357,1001.0039287371,4408.4620702882,-0.3417059595,-11470.6468212517,0.4464224643,0.5021287174,2636.0573150678,-10387.8229266315,-0.1785475857,5385.2669696759,-8392.6554197697,20444.5576332699,1.4539507518,4664.586048286,-5687.0949057439,0.1190777219,7496.357495438,0.3409947083,47905.5968460478,10082.9821097377,49655.2047049249,-124.1561499349,74.9672034245,-17191.8877735261,4117.6376568099,-39.610387509,-1290.2383416705,-6.4531886832,-18817.9251952781,0.0002161016,-1880.171379543,-0.0213451841,-9072.0912946722,2461.2791117512,-13405.1520217198,-8328.7694387304,-8703.5523521755,3732.595376305,56.2134684891,-7930.6854039984,-11892.4738089174,-4137.4063274289,-1255.0240618336,2698.57182011,-1726.0236748096,-2604.6833377806,12708.0638329318,6375.6791166071,-7030.8804068119,-10356.633130656,10498.976579626,-1537.3450322144,-10774.170723131,-1635.6447762606,-13938.5265393226,13839.3189264178,502.3253029954,-995.49065912,-6506.7190597206,1945.9602149588,8345.9133501823,-1902.8909609198,3226.7196805512,2607.3799787914,1912.2772858441,-1068.0534428024,-2932.3392541803,12510.5410375846,1.7579285964,0.2165205981,1714.8982596843,-1.2183261698,75661.6141395887,2125.055394891,-0.4831401675,2.1844327383,7801.4388245465,0.2397588015,27.1689731259,-0.126012221,11958.8498686896,4676.4028386317,-0.9475128494,0.1176074103,18136.3504387854,2.1503014926,-75637.4821426166,-3898.8854007841,1.1392525487,-2350.3730711067,0.6702438514,107.5032807111,1931.2821489371,-26355.3266454408,0.056687892,1633.3117279181,-7297.6937217746,-0.4878110752,-1528.7413999019,-44472.2176855286,9663.7858703519,-0.7212250387,-585.9186808495,4934.7254878243,-2071.8139899784,1.0473074579,58524.0724768033,-36024.4930958224,0.4053896766,-1.3502156802,0.081973768,-6649.6494706962,0.0190440886,-84853.798089806,1528.6996393123,304.9540256987,-2589.1281243992,-1816.6264943094,88.4006373942,-222.3037882817,-100.1733592764,-1860.1075414058,-2206.8002060667,17563.9838315529,-15499.8972456187,-741.7741164238,6521.7437101291,1040.9127060293,-3496.9195748577,-5258.075160655,1670.8877214185,10223.1662163203,-10021.0470570141,2273.1565291394,-1220.9831017578,-7074.2104288356,5.6812545161,-880.6259697039,-177.9858259878,3989.9488359726,9666.895400767,-1298.664960767,-6933.7106571282,1679.5251125712,-3348.9267275267,1726.7626910881,2324.4749219934,20.1247432873,-12251.1147946372,6926.4729780376,-5670.2193910621,6458.9277678499,5235.9334522878,33341.0970749231,1.202771378,-55278.8249747843,-1295.6991119506,-0.7872456643,7312.9665309152,-42.9698613709,7132.2045498979,4902.7029756634,-81.2260190604,0.6637943312,-14606.0517352468,57572.7348852772,-12.6955717574,-17055.2642888903,-0.4900343553,4172.7995845288,-21.3147090894,4902.3565940424,5107.6504181758,2712.926173858,76212.6875155063,9766.5533364989,2.1422599079,11202.5933033254,7799.232349823,-4365.5730196781,2967.8576650085,-2950.8357978486,-2256.9636251846,0.0963098414,-0.8334412782,-0.4054109996,-1379.2720911317,0.0198076701,-1294.0333881194,-0.8724528859,-130.0068920025,-8134.0260230355,-443.5606965964,-773.131263871,-52105.4887769367,-3124.5902171174,-8536.3801506641,0.969997081,-7304.7346805394,27000.2973107176,70.6876944136,-5172.5080192518,-0.6831855228,-0.8404239165,-983.5063832679,3391.8698933602,2720.7706806795,2050.0876873401,-439.9444665977,2589.6740904213,3916.6251534962,4622.0610714215,-4751.5024002247,8696.9724157037,-1153.5726526649,-5453.7687858017,-783.8179397563,-15.3757461568,-1972.1328264724,11861.3521183756,990.8014657824,10753.9491255199,-1730.665042182,4061.4727224063,4033.9077519211,-680.038296793,2322.1414917844,-5521.3725736218,1721.0325949531,52.0817297203,6142.7243075727,-54.7797738336,-1199.3005610709,424.4890246611,-1897.7164849026,-15133.0678601834,3.9301795726,0.6667091459,1311.6050947139,-37409.6313132636,-6899.7933353305,-3794.1463506469,-3046.7010851616,39.9504867214,1.2784296143,3322.6777772151,-13566.2300557964,-1713.935354839,-0.4484747147,-0.0391824786,19966.144814757,3578.0845923407,4427.8979531443,16151.0274191554,-0.4313075357,1.1455961777,2187.2816463136,-1712.4925062401,-1431.4357082044,-39165.5383671832,-58.8440575188,-4529.1156871637,-169.5189066444,-0.9975236922,-4928.0888639683,68504.0844709894,-22.8752770173,671.9280965743,19106.7771487916,-0.5918882615,3698.9229408817,-0.4828422462,73583.2415260553,0.2544458391,-8521.7353865254,-0.887348888,-4959.7405093759,-11550.3355138335,1311.950902134,-0.5326730587,1.0041759465,-0.7872724037,-104.0480966787,2045.294369163,37198.9797339416,1.0866364246,-1863.1398479401,-11.6322281233,-91.5664105542,0.8089310914,-2842.2335784189,6422.4642492433,-18555.9480547327,-1.6840017179,-5449.6979424494,-11490.171501807,2967.3176582842,2328.629057236,-7829.4050491868,2754.4059018562,-7116.4355769126,-87.6972214921,-2656.5075420924,-696.8057383704,1244.4599839207,7026.4287684696,-8375.5662830117,-17886.1273777664,-1021.429785612,3536.6704865153,1611.5294583404,-6407.827449644,1935.9684922481,-3712.4739276296,18684.7353405101,-5639.6777903826,11119.0749627361,-183.1356606412,-1147.9928710738,1627.4513393136,128.5117304344,4518.5249575431,-481.5162072397,-5142.3903839674,7183.056277732,1753.5775038181,8460.4012965289,-2815.4792867959,-26271.1975766129,-0.1851154361,690.9891311715,596.6519357718,-33.6454898079,2359.0731868414,-8043.910624914,-0.6633177458,0.0709558432,-0.4520316939,-7636.3191783206,0.9510175426,0.7835189779,3958.4961760248,23490.6581582414,2360.1593060036,3100.5340796722,-90463.1989859611,10522.9017167516,7603.844290097,-2011.9251378398,6482.6208237074,-13208.0423939057,42024.7880587538,5418.668269845,-12.6532989718,-3.0088855334,0.7312473395,9994.3433337511,6.9602923483,-27699.9462432678,-0.5193123084,7676.6637528046,-355.2067230291,436.4884527667,-5209.6822966985,-0.8360590125,3517.7526269134,-3.4503726656,48452.83496217,-0.594989601,1894.109108443,4753.1639976095,-0.3970677366,-1555.6491979041,16484.2750115393,3462.7836457994,2322.680658983,2924.7226698938,-0.0854386968,299.6277911977,0.9008707823,5067.500239377,398.1996633487,-223.5257780208,-1497.3684978502,-11447.0709782206,-8441.23556737,-7926.6552993398,-2138.6928710771,-687.6710140866,-965.3612437082,-1914.1677243808,-21534.3197692993,3287.3309738622,-661.7528464943,4427.3033210142,11373.8036597941,8477.5897361554,3171.7085385501,-2179.4287256279,-2751.5118856115,-211.9020378272,-30.2908160286,3600.6569411971,13702.6477810231,-507.5074479341,981.6172251825,537.1073312979,4582.0198427391,42.2134158555,27739.2609469237,1709.8226124333,-44250.7926720924,-8122.1854965691,-754.8858127817,-1.0472862297,-0.1482755531,6.2344994025,-375.0553299372,1.2422754544,20803.2189871537,0.8246506866,0.6980183799,-76118.3601846768,-894.334127459,8327.3997805352,-11203.957380226,0.6728988226,-1886.3610922892,2643.6795202525,20803.0378543987,8509.4376038502,-0.1583947134,-4.0783972429,3284.8095293484,-0.7014042234,10111.1710489711,-0.1863373203,10212.7291623864,-66121.2577532078,4892.9525066903,0.1285516168,-13142.8106505508,22151.1536335606,4716.8053118547,16113.9774577754,0.1484078811,-2735.8977424029,-442.1531320587,585.6546956453,-1.7044366884,-760.2227488666,13203.946646334,-42066.6012901997,39137.7749137253,-0.6922373074,2294.6643838158,1329.2289753478,-2.0983591707,-8004.200249337,3484.513138211,-2.2779883169,2.5723169349,-4957.2618962208,3796.2567149179,-94.0648070887,-9233.7051619526,4607.0880530886,-6198.5687270789,-5091.1903019694,3762.4855059855,2952.4099682998,-2020.902636174,-14571.9648432426,-3329.3524911267,2265.8324500442,-2437.2622389638,1.9177350209,-3427.1783651599,-11252.7329679193,18738.5532927558,2890.2494655376,10245.1811817781,-86.9906230079,5034.7644839564,702.2909788612,-1.1080070485,3.0400245099,-8954.7473567759,4408.9932557895,-1174.8767674175,2962.8544662843,-2498.5534567368,-2230.4164907412,1231.7761280315,-2285.1175387472,1937.8785586288,-7845.8929122219,1172.1376937023,225.3285856937,6391.1405715658,0.8740230372,38.8621017693,-565.8373327442,142.891940047,-532.7073063157,92.8806334373,-0.3235014419,-0.6327138483,-219.7283582119,1903.502941273,-2545.3124425078,754.635715286,0.7108566338,-0.3888145231,7413.6997809482,93.3845264349,-9691.6629554423,-341.7208823414,-0.5754856113,-15530.6903689819,0.8396620034,3975.9945922652,-0.4677420619,0.1659731536,-4.8816317475,17005.9365582081,7197.2330084205,-28452.5094126668,-908.5883619937,-1.7053134631,-26364.9405265603,-0.6969007936,-1603.7543538152,-3.710297717,2101.151552129,-14184.1227484815,-6976.0188877096,-2663.462892858,-0.1165228224,75319.505353748,-9961.0128506249,10373.4384354594,868.2733354191,0.1751121306,12234.9072359366,-10023.4893630747,312.6514989958,-0.7754166726,-2332.9895079314,-410.8237252198,3006.9881028698,358.5961958461,10835.4078932075,6085.0597487828,1429.212441589,7875.9380994556,-658.2072002648,-1059.4441427632,7209.331823016,6.0152794132,-809.6415410781,147.18698025,2384.0868158058,-10038.2657577911,-6002.077028969,12428.6510884118,-5014.6148145035,-6581.2262891917,3444.5103348898,2.9384809427,-3425.4462877582,-1874.4402830882,2758.0900236001,4234.0157665645,1396.9349258797,-3850.0280466966,-8475.3654551794,12.0780525665,-16095.0056486518,-1268.0000356207,-3354.3555073899,-3453.2349586233,-1136.5400293679,-9749.9141078135,-2.3856527668,-14.7373002027,41.5848130635,-17010.9777476471,2348.6933843842,0.0500289354,-101110.3029131168,2.1866770671,-8807.9781013037,-0.218884562,0.7711219309,-3395.5372541105,0.5434860082,2793.5188924152,-0.9920977367,0.5334081287,10878.8256869788,2.4921108215,-3.3520106585,-3240.5388727904,3048.5741151638,-45.039063204,2.3845770294,-0.4273127239,-5523.0083546831,63673.08175917,574.2603094525,-2803.2832831161,3.7902928478,-12906.5282960866,44353.6584537827,-0.1246562596,-29554.1740006517,-0.8656448916,14670.1149029512,-1512.210653226,-18.0842384004,-6980.2555065916,-9101.9332720315,-0.1547591433,-0.8055512863,40.7000013626,1652.7110741872,4387.4555734401,18707.7641349082,-21029.461193177,7179.9475256183,5201.6794822108,0.1935900708,0.3049249296,4555.686410184,-4108.9688495669,-7252.4001454409,-2105.1801180868,-16781.2822527325,12873.4737960402,7273.7664556456,3760.1247970945,9189.7800549884,-11501.1839966486,2827.3740644105,1713.6685549701,5394.3054026324,583.2343791228,-714.8554668452,-4729.5876657284,4456.7416912064,-5558.8647111009,-8584.7843960275,-6953.6374371444,-6316.8308661958,-3998.6790324183,4267.2658286436,-5884.118727494,-3964.8620923987,3025.1049485931,-2866.0695675093,1326.6376086171,15419.0993410783,1.4650953264,6309.6956905559,2930.8966073426,-5947.0744047904,6912.9106533236,-740.145894966,6732.6268788871,-63928.7516204019,-5904.2503070184,-0.9236510717,9554.1327139876,1.8044887868,-4.7722341345,34145.1866636216,-2519.7854348696,-0.9963825778,0.3675143747,1.2575137085,8623.2507601077,-0.9234315139,-3739.5744230692,-0.4277220192,-1107.6033546543,-21003.2366289998,-2518.2981416373,4168.9322388783,-9.5477808225,28045.7061383964,-1279.8253145442,-0.144088441,4070.8046641528,-20055.26327394,-53626.5901195721,-0.9335899249,6921.6269051033,-0.6747437548,0.7309603433,0.0156573756,-0.6726371537,3.9390157165,-0.8575024928,-5088.7867080522,30583.9279116657,-7352.4815789512,0.5232312011,-23567.8411565416,-317.8538050753,2055.4092379457,-48999.3899700909,0.7476647003,4650.9114611271,17822.0289957568,17780.7344466044,93269.9667156833,-62745.6075463339,5643.7324973457,-1.3529897327,661.4365844597,-13104.1269965737,-7594.3524528663,12.7260449291,-9.7912312763,-2064.4366340074,4202.3094563144,-1015.5888176706,-7564.9766671603,822.87747664,-1126.7916047582,-1.5046751346,13997.3083456786,-963.5257558428,3364.0425417642,6110.1834414308,4321.0212272176,4.7181654425,-14133.5446613545,33.2880613771,2472.5336480986,778.0088912144,-251.2050283282,2646.4672231825,1864.8024598537,-6345.3260750102,6214.4790940323,-12103.9594612659,-761.9401651166,-3707.3825358025,-13498.0508599112,3980.3589624573,-7460.1009980379,-921.7992876367,-1464.2396451914,4.0674790355,1019.4760214825,-4253.356708359,0.1320119486,-1197.1348408818,-29583.3363771699,0.9129763817,0.5569107299,-73.9152815924,-3003.8905527889,-0.3744064348,0.3777315375,-0.9227321723,10.4834368029,-2954.3198511509,0.5274439841,10666.1666167865,30924.8908326693,-73.8298440132,0.543540816,14492.5218754282,21295.6395691634,-60047.4728052683,-1684.8212959609,0.2860271054,367.6096097641,3469.7216319877,828.1434346741,-1689.6778544908,-5311.5293247435,-6256.372986596,-557.2514959568,32560.9498990196,2099.6857616666,-0.1934507917,44707.3011106825,-0.5043782101,-4983.5108524678,-19395.9960353785,206.1893895163,12794.5766586007,0.2067843289,74588.3568489852,9747.6903234587,-4970.4222530011,-0.3625875807,-2149.3459076217,-5544.5979526799,1731.779771117,-34755.6156284185,1.0748402497,-737.344311888,4998.1448246876,1281.5192964342,6376.0207688154,8449.7042833584,-7250.3979620568,-2071.8821767503,18213.085912929,5118.4867638463,3504.1943437319,4842.9190720216,-892.3577024438,1776.4686996308,-3526.2229727062,988.1549899692,5309.3869502611,-2231.8395152165,-5981.4297275381,3289.9893414861,-7.251856734,-4.1070389158,-1.9249732207,-3875.1605427142,-7962.1626824968,7819.0767234009,-8943.3256742492,-2849.1350717554,-647.3234909516,1566.7131982508,-209.1302462371,5062.2833013005,-1941.9133943771,7177.2280982144,6855.221021736,-1579.4832198298,-17423.7590998187,8120.0901687701,-5594.9635927401,-7.5341321646,0.8389630898,-11774.5172118233,-23.9454016177,8608.590530837,-79746.0590675576,2994.264285954,0.4552721021,-0.0805627262,-6887.5589124189,-1973.3313815701,66.0917771665,0.0529633377,834.0739239157,-12605.4744728228,-79746.2926477502,4063.2156272168,6234.287416881,-77359.2150641049,-60139.139558962,-5.4596091699,0.0128748718,1961.7548394533,-0.3256943229,-8494.9518763973,-33022.0564594258,-0.095895016,-4.7155948151,4048.6419859186,-0.5543422865,-1457.3023083935,0.5257423468,-4905.28683123,12520.2434657613,0.0653694232,-0.6194905044,-3930.4666436297,-1.8416757067,5653.0815441236,13621.0798045168,0.1163242267,41.2505007304,2.0469825312,-0.5687338011,14567.8022527766,-1346.8533486705,19337.9995771795,1.0106317038,-4724.8542200928,-1979.5095788818,-1650.5034930888,-14638.4521072953,546.1960613525,2853.5357747051,-4773.2627254834,-4478.5203505956,-4614.9533729553,3513.4508115651,323.4350389567,-9992.8516468416,-7660.1537410629,-5594.4647315256,-3366.6525379139,4764.552624389,-1655.4454661982,-4534.676018655,1019.4136219961,5413.6807532656,1443.3496317343,3.8655185859,1435.4057224835,-1582.7608803386,7319.0229067907,-13.0612085846,-4782.158969859,1848.6683787189,1038.559548387,-2.4924943665,4391.6585046454,5344.6059708936,1188.0001432441,2047.7084223784,-1701.1667763579,-6064.0976146031,3408.0045118676,-20417.3422078267,-834.5585365892,-11.6152636392,486.5840001879,-2057.7097480324,13075.2554616805,-0.3875512215,0.5831754904,0.4937464322,1.0789689034,0.433958294,0.1163032343,0.5530222223,0.8837438581,2.7914250603,-371.7453074196,0.4427613889,3708.0768295142,-60.9893646599,-6480.532655868,-1062.5231090909,-1438.0875506406,-0.6907990072,238.5626614104,-16.9884556434,-0.4740299821,-5727.0630301823,0.9251889083,-14818.6409859036,0.3592021812,-9851.9392296531,-17196.2415791521,0.0651336141,18979.5221462525,21234.488404979,-605.0454576905,2962.5311053702,3.3497042541,75.8853938359,0.5857824317,-41761.7865494769,20.5989566,-0.8117819544,-5191.573285943,807.0069035192,37540.7360861673,1417.9440811855,-11154.810952031,-0.8793753638,-1087.5457424713,2761.3697338138,-15010.9340522265,-51.6175663769,-5966.9010829544,10866.5241818293,-9360.1535682065,11165.2989896421,2883.5759015127,-0.7283529342,-2062.6290837591,12679.5153221032,89.5482877034,-1921.4614510872,-2360.153330914,5291.5484507573,-3912.9458912815,-17254.7666513808,2376.8739129343,7972.3367337711,-8387.1684002667,1897.1773417449,-565.4657089558,-3766.8640278741,-4866.2087821794,113.3234696939,8812.8885526719,2.4907889847,-2598.3275023475,215.8907313542,-4976.9906764699,-1902.584049362,5055.8253337233,1059.5938439153,-4126.9409121585,17949.417599385,-7428.1593795946,0.2091517916,-12647.8127592339,-8.5924504237,-469.686184429,-0.1650300323,5348.3963050249,0.7749179223,-262.7414945448,0.9636700476,5.0655264615,-4559.9098961169,2629.2363659121,14.7856555682,-0.4534586022,-4248.6352743212,-3902.9058347755,0.229482577,-6848.3712995488,1.3871869181,968.5097354719,-79032.71570374,2762.5505769135,0.2136193724,-0.2254666249,-8037.7880881588,-2342.7264027552,4.3919641861,6304.7402289728,-10513.4075988501,-8265.0374879137,-2.917801665,-12.6945364532,0.2019660304,-9799.7166111653,-12391.0138535181,19856.2835915919,2.9614823902,4492.7703157028,-14.7728440081,37062.2325001193,-0.2938359718,-0.6575834075,0.4300383724,4630.476048541,11871.0334925106,-1789.1474857875,0.9812403975,5057.3412184943,0.8016485056,10370.6610003429,3714.5831338665,778.2196106064,-0.1934450686,-5036.8160310898,7423.2815323162,916.7241606034,-739.2675366428,9008.3647988915,1272.762202933,347.6123603122,27.9866623865,-1412.1778441755,7345.2485220122,-392.7777092965,-3036.3451551163,1976.348157277,157.8050874092,3665.9694240579,10268.087926573,-83.5028308224,-2980.5992464793,-0.0329133497,-330.0257600522,4468.0809840533,-5589.7778019762,-3224.8484936494,-913.0227607141,2690.8584542393,-0.6440053933,5829.535606261,-16607.7490131186,3538.4070672361,8738.9606700282,-2875.0897050008,23598.3372433958,44.846350275,-6051.6246695201,-0.8772489924,-1366.668447099,-1.2778983146,4033.8627160526,8969.3980482191,-0.2087358346,2400.4555615911,0.2713242791,-8.1300268275,0.8180992327,1662.6676841156,-7722.0971036453,-0.0524667989,20.8826582614,0.1531751882,-0.2093418312,8310.7028052417,-913.4043980482,-0.4918677089,-2491.9265267272,-1.8196641011,0.3041397443,8585.6762688446,-2537.9392982973,0.3244811295,-3434.6948929187,-189.0871909629,1.7595804933,0.7209756638,0.0676343305,0.9442212695,0.8748330504,10927.7171387621,2008.6126201355,-2343.9003791436,12087.7490377234,30162.0955243006,-0.4839894196,-18094.7069072439,-42160.2515722927,0.6757720975,-3176.4737248642,-7130.7692685999,-19.9888728282,-73754.1755859153,-0.451066673,2090.5111203003,-1.0669324054,-2859.6536679797,-624.4400322956,-6729.6749743034,1188.6474207224,-293.9210412422,1162.6495915894,2634.0715718992,-171.0292966532,62.7994980546
   -97.3964729687,16.332460747,7465.3914738428,-808.3501129653,-231.6260267012,10342.4533726834,-4408.6846070663,-870.891454548,2041.0541888526,-2142.4432505374,-6673.7383454713,7052.3934229674,-4925.0722444172,-4720.7779995484,4163.191484668,870.9354991808,6503.3466960334,-0.6213448796,-1620.5105162837,-10876.6854647686,-141.6811829538,885.7568330307,4957.2992122825,181.1125872926,-6553.5596497139,7700.3246567433,14470.6663529035,12087.6044799684,-8393.0548447344,1755.2165033643,1471.2833590998,-0.1686186874,-395.9578973501,5496.9510048582,-8450.2504465678,1.5189253857,-0.9557615064,92.6352923952,3462.86319713,-1.8581082734,-0.6927456795,0.4085228957,31321.5744874031,19565.8756910476,-8450.710648183,17.5582263865,-9499.0255507973,18571.8289679858,2364.2572161391,-10531.1807952307,0.5156361408,27577.9100514847,-13980.351695171,4160.9136099256,-43301.6415489279,-0.0440232126,-8541.1065693505,-3277.8849934481,-118.2258669894,57865.7852941437,0.1333042846,13139.1244936822,-734.620397528,-0.8187763703,75081.4559243287,27283.0020295886,-0.2910248862,-925.7536681065,12515.3671763185,8791.2672199994,-48202.6307778489,-12626.639710509,0.0561437067,-5446.7428735919,-451.3299562497,-45501.6292707306,12.8854144841,406.2879260339,-10228.6965776682,68.115881449,3169.567457236,5153.3336733755,6918.6673045746,-1811.2912481976,2121.964689086,-7481.0518025854,-10268.0472653378,6751.362995175,-2026.5497148469,9537.7715266391,-0.6373393321,-2816.9915458108,6217.8844088047,1688.5670183628,3567.457187447,2148.7112418959,260.8968684917,5855.461845484,-0.7758020931,-2248.0020906182,-447.001711159,991.4436713696,-7.2737592411,-44.2347053118,-2901.2788813639,942.5002735754,1371.1971270214,10148.2949962445,4532.097539618,6014.9720094481,-5054.6220179719,-1330.8384246321,34009.815173993,5904.5667394489,3723.913289956,16794.2630014095,1470.4726146273,6166.8546629254,3106.6588206899,-381.8259284959,-2727.9249157617,-93.8188554886,-0.407210708,-6306.2970028708,8756.4142235922,4435.9960987755,2.2374065531,0.919611088,25983.9961096895,6445.2949676438,-2727.4407640572,15420.396924,3967.3269011493,-46671.1783017892,2.3204669734,-13344.6416450106,-0.6288688634,3827.8484550655,387.2923320274,0.4758194025,0.3325016373,-2.4490812051,17765.9785165212,-0.7808304494,-1540.5147901153,3343.5859823524,0.4315988984,-23455.4121277001,22188.011034885,-1.6589363031,-14.4256716638,6458.1351949209,-25376.838012594,-14041.9442652264,-6469.8303768273,-1899.4567575355,-889.139685491,2137.3590059836,-1220.3670533945,-9348.1212724872,-390.8859287175,-4290.291998994,0.7266642326,-1.1308239119,821.5159300909,-993.8937633044,1885.4585395085,-2129.5045545173,-14587.2106577018,274.7916025277,1106.0173050138,3563.4007370898,-7537.3174602731,266.4725901023,-12015.9037386984,1742.1845903315,3555.5086783182,-3674.3322537592,6833.5237085432,10998.489952276,6257.7757895013,6631.2813057078,3450.7227340501,-0.3060240376,3202.8861564527,-11086.5162313682,5509.5115161499,-2419.1412805019,-2685.8971613752,1122.8807103079,2404.5236816882,-639.7666805893,5563.0953111859,15308.1038178631,-8595.9671467263,775.6568574081,-2156.8040810521,-1711.7154589549,-144.8484825141,-1480.9379453108,453.6779540097,0.4637498259,527.2934051115,0.3540164946,-1.230267926,-10.3394495294,0.7145684695,-7579.1495356902,0.3268452264,24.5103648664,2278.9252476237,4205.6671820761,-40.9437152289,0.2869803235,-586.8117450723,29.074781214,0.8024228932,17683.6612145828,10707.5601735037,-65111.5099375179,898.5893228189,-0.7935186922,-4109.0830987263,-4081.8133123937,45244.9081091946,-52632.9403214136,-1.1706951611,-1.4912456522,823.6522772016,-6212.2948545188,60285.9271294768,-19250.0412069648,-0.2661704727,-1884.6709818473,1.0692569545,0.3114339738,-0.0810552983,-0.7484714812,-4142.5325054521,-0.7707532308,828.7490147097,7139.0441493041,-0.2107084152,1650.5613208304,0.0446262653,2795.4871641347,4364.9965187084,0.270028699,-0.6523667375,-4016.6135227335,1035.3464814365,-8098.2309265369,-1716.4806790556,-346.8230456897,1690.5950147535,11116.7639419902,2318.5542245073,-802.3947031277,2623.3670992462,-28.7995923552,-137.3281337632,5673.0388672739,2720.2452566894,78.2013243575,2081.6587973341,3885.1179167814,73.1584440673,9007.406810335,20487.2357558661,-2387.3239883722,1537.0417836293,2840.6978386283,1025.9066398137,-3848.1752928353,-3060.1467638969,3037.7098812243,-16062.2219491601,-3566.6546623818,-827.8913615957,9007.7619269884,1742.8474068339,994.1087380821,-477.4044758262,5173.4797500699,13926.912440803,-16502.9029011675,-2154.6200260564,-12225.7880750495,43568.4983637915,310.1925280435,1.013945515,48845.182816121,4728.9540646165,1769.4968813412,0.9060745495,13.7939862156,-19085.1069242121,-4697.6566848655,-3269.277372909,0.1988310319,0.5742228342,6007.0287669023,4729.7980794134,-64953.7813661461,-22140.179256145,-0.6543982871,4868.0889589722,84.5774371554,0.3291121411,-3965.5154225286,1239.4533297484,-10941.364092929,0.529283768,0.4252995637,-3.0272739412,1106.9525769223,0.8088605852,28912.0565216786,-0.9763178705,-4160.3654588242,-2863.5889467735,-0.7063415539,-5296.6071450336,-23089.3253707359,-2939.6385764137,30648.0242157935,67265.4552040058,-445.9206074653,-137.6554706292,25965.4828361628,0.9865041113,6831.087565165,-3515.2422795326,2339.2776780028,-0.5090189467,252.3535461267,2414.8004189596,-1378.0169933291,-6776.655589635,3985.2679198068,-577.0163707427,5876.5761824841,953.6153042131,2814.3459575586,-14389.8502912007,-5797.189747134,1355.6414987832,-13999.047427616,-1097.4163934932,-17.9887399394,1304.0698879661,1177.9944738479,-7186.7606356185,32.672039654,4553.0223941442,-2109.5486019413,-1012.7286645978,6762.4511980425,4.2591174484,4317.7111344261,669.6294982509,5957.5799288299,7.2607291078,-3360.0897232046,-34.9987004155,11589.8321822633,-651.8968564175,8188.790398302,-6637.7137186589,-3769.4844857991,-21435.6230403334,13996.6834840119,41.6059771923,-10210.7629519073,-0.2685135353,-2551.9152136261,-26.4761722687,2.2039198118,37275.4551132749,0.9290929957,-0.743409779,24731.2307147351,16242.4651336272,-1783.371500913,-2.6445208541,-0.1623583524,-1.0493462313,-22342.2838463478,37276.6963509914,-6422.7243605529,22988.6630955612,-63240.0165701756,2553.5322400831,7686.5107634773,55687.3930913497,23929.1825524204,19120.9897460469,-17561.229695229,16331.7050293245,-0.0390978803,-11688.3542284721,-1.1935249276,2713.8321109391,-15342.6774169437,-0.7255061556,-18828.2013622934,-13.8903425977,-34.0540554744,-1.6866169448,-10438.4291545387,0.7586430357,-18626.0977653621,19179.4845702021,8580.6206780907,114.4204593951,-2003.5827545117,-26451.4000951848,8029.3200633919,63030.7436248094,2956.1682998773,0.7890745277,-21.7303303785,3555.7602062455,-9494.2461072301,-3074.5736341509,4142.6368202088,718.1936452021,6300.7521396907,-485.0653302403,-853.0844822793,1199.0603479948,368.0080371079,25.1564299149,-1217.6756614161,5059.255876419,8389.9786652067,-6151.8440935588,-12496.1427865069,-20725.0615823555,55.0560940114,2206.7169980105,195.1194603121,1548.5632015744,-9185.3625069304,11115.367515357,9756.2982806934,1317.5516629148,-1983.1571688747,17709.4360754396,108.9716381875,-5106.177795121,868.4966824327,9492.8853354022,12021.4515776649,-569.9340603556,-27935.9921400984,9411.5820981397,-13.3189589766,-7455.6952948126,29340.3129920009,-3200.1500755224,-3397.5684643824,-603.7408215821,-0.7714926266,142.2225693889,-3307.3913485374,-0.5608730559,20.059330223,-18.4403688094,31475.4099992443,-22750.3907225799,0.9901954735,0.1630959583,-1237.3072175173,144.0079266065,6063.8111128015,-2933.5170076216,-1089.2374734558,-19436.0711728267,13.3877532296,1.1626916569,4896.5020990665,2126.5916292847,5.9603897875,-75521.7317619783,-0.7537800086,-466.5209923033,-76.1629629237,-42324.0212143275,-28362.5466311963,-0.6337943651,-6750.2490187876,1439.2911486387,87572.5946189592,2698.460980096,-29144.232851636,-9369.1139317088,7955.4715990021,-1.0801276799,0.79333122,-4.7039861282,-54.2098325095,64.7149184531,-7583.7768330917,0.8284898884,-0.3679136031,-0.134082355,-3476.7613267935,-2101.4336653141,-3661.6256303105,11341.9552056092,10101.1421806706,-1662.4804841397,-3762.9057326027,713.3413511732,-4237.570042301,-242.7732944665,567.6376629199,-6026.951284252,-5227.5897061792,2103.8678644138,401.0791333785,-8127.6651834084,-7628.5105148166,10465.0792223566,-5551.017045649,3911.1219618895,3342.7157403643,2.2003168725,-1384.6759989734,4873.4716248915,1509.0545599565,-1735.0775227868,1889.4817377152,-2536.1067648407,-1280.5208776054,-2910.9839284615,-923.6717408448,384.2932610594,-108.5750325754,274.223428866,-8072.6881927538,2902.4194869674,418.1502780513,-19599.7545379428,-1587.6465143299,-0.4159881344,-8.9312713435,115493.1980407794,4018.3471555901,0.0116340003,1396.7963787304,0.8883595138,12848.6715508085,-6.8751100451,12503.6399306741,-2266.458881844,-0.4658565097,-516.0652174036,-342.5085405145,-0.9082794228,2472.6728152639,161.3156122809,1.0486793867,-0.1342911769,-11406.039672098,3080.9480996103,-6232.0977609066,-0.2857555581,42.4727335591,2001.0420126269,1073.4948472589,-0.2445176105,1082.3556514225,-0.8102848864,-915.4560649905,-0.9314924967,57266.7465342898,0.1741138603,-823.0511197731,-100.2443591179,1138.3696188679,1716.1855649345,-10273.3294983934,28345.7885532579,-40.1591548833,19.2739679545,-2282.4768572466,4.6297052881,-2.9114131793,-5902.6048879251,0.813240172,-0.7986855615,6039.1309448419,3677.8834092642,-3310.1192442526,-139.1795787063,-2030.5015156838,-5.8529439562,84.3951645028,3.4020872019,-17594.7013390791,-11654.2075663328,1693.2179763718,-14029.0778843986,-5881.1864792072,-2562.779854035,-3061.5841781336,1645.4512029038,3135.7367460076,2608.501999566,5805.1709089228,7472.0989637689,1014.5371668583,-2104.0991794671,-2110.4925509107,13003.1188499279,1887.1126728983,-2529.0528882123,-8066.8130972351,-2709.2304874369,647.3424621392,1790.9666359772,2674.6154124304,-3105.8516792653,3076.1267586388,1604.4376286359,684.476524187,-6955.5652937639,1594.7200358917,6566.8756317067,-0.6432135829,1113.1624740345,-5.6161302865,4550.3788245845,2359.1071901706,2.4162466831,-5027.1931154582,0.4126225767,60691.2412290912,14246.7539758715,0.821052112,-1.1258329682,0.7505445888,1108.5646460655,-1.5177994009,2.0308840868,-11810.4406735389,1615.0447579847,-69439.0751192407,0.8786029646,11.371272239,-4805.5880498703,17.5519616445,109867.6148551791,-10526.9230846202,0.100433848,-1511.2945938987,0.7622490808,-1194.2111777212,-90.2121416403,4721.4582843759,-0.7002436571,-1589.1331464808,59.3744130485,3026.7387010243,-4.8155909818,-24477.0967691956,-14.4168729292,21.5669359646,0.2832057746,-0.3561174257,315.1579475113,2547.8880966386,-0.9324021122,78.6477079039,-4.4383895258,-2089.9983633595,-0.4918733461,-15551.2366673229,-450.7823574256,6592.8538869861,1754.7888591519,-8594.1584306705,10228.4730764932,-108.7464922775,-4296.7990641455,4926.4123138322,869.5854752796,-2446.5907441106,7044.0860956551,1226.8790239853,-8589.1872674793,1998.687098602,2194.7288929612,-2059.2743086043,-1341.9485380326,2102.5035828883,571.0358721855,3739.6208357961,805.2974208568,-4881.4065582196,-2801.6458386394,-10493.4996036556,-47.8416715065,3440.7064283332,4664.897434583,-1445.3955480481,1.6555083852,7482.4888440105,-7619.7102650305,151.2874654793,2577.5729327733,2455.5383141388
##end
biasActivation=0,1,1
[BASIC:ACTIVATION]
"org.encog.engine.network.activation.ActivationLinear"
"org.encog.engine.network.activation.ActivationLOG"
"org.encog.engine.network.activation.ActivationLOG"
