encog,BasicNetwork,java,3.3.0,1,1425331695167
[BASIC]
[BASIC:PARAMS]
[BASIC:NETWORK]
beginTraining=0
connectionLimit=0
contextTargetOffset=0,136,0
contextTargetSize=0,34,0
endTraining=2
hasContext=t
inputCount=50
layerCounts=50,35,85
layerFeedCounts=50,34,50
layerContextCount=0,0,34
layerIndex=0,50,85
output=0.0215470892,-0.1923675504,0.1683130784,0.0633589959,0.069174313,0.2683149072,0.3649455939,0.0570376325,-0.3237681409,0.238463649,0.0000044667,-0.0705381464,0.0463729411,0.3889890328,0.0674263032,0.0001500353,-0.1147936591,-0.2245749381,-0.2831403397,0.1619722628,-0.1092450936,0.195092716,0.3230855846,-0.3533841051,0.4409692859,0.3326632907,0.0595079983,0.348324093,0.3059706461,0.5854142281,0.0465409275,0.4162237643,0.1430092159,0.2360183718,-0.0001087079,0.0809253719,0.3425869519,-0.0785803521,-0.0020349341,-0.130313867,0.3200027178,-0.2624273604,-0.1453640895,0.0063972073,-0.167838849,-0.0367591745,0.4638158131,0.3501041505,0.2832568806,0.2485280391,11.0613949407,9.0763982504,9.4708012807,-10.0194767287,-9.8290761387,-8.5731379021,-10.1522087071,-10.5121173404,-9.8585130904,-10.6482180103,-8.4714214766,-10.1684174763,-10.1019765077,10.7032444013,-9.3640031007,9.7053428226,11.0659847494,-10.6252464057,-9.5383539544,7.6673432216,-9.9222864508,-9.9381564297,9.5944613325,-9.4794442363,7.3830120302,7.6421818951,9.6954234537,-11.2045268841,10.1140185109,-9.1057961985,-10.3699980388,9.6777126985,9.3865747881,-10.358023753,1,0,0,1,0,0,0,0,0,0,0,0,0,0,0,0,0,0,0,0,0,0,0,0,0,1,0,0,1,0,0,0,0,0,1,0,0,0,0,0,0,0,0,0,0,0,0,0,0,0,1,1,0.0215470892,-0.1923675504,0.1683130784,0.0633589959,0.069174313,0.2683149072,0.3649455939,0.0570376325,-0.3237681409,0.238463649,0.0000044667,-0.0705381464,0.0463729411,0.3889890328,0.0674263032,0.0001500353,-0.1147936591,-0.2245749381,-0.2831403397,0.1619722628,-0.1092450936,0.195092716,0.3230855846,-0.3533841051,0.4409692859,0.3326632907,0.0595079983,0.348324093,0.3059706461,0.5854142281,0.0465409275,0.4162237643,0.1430092159,0.2360183718
outputCount=50
weightIndex=0,1750,4640
weights=##0
##double#4640
   -0.0057899597,-0.0046001734,0.0086525557,-0.0024772157,-0.002620501,0.0012221055,0.0009956501,0.0000282935,-0.0013977756,0.0036538861,0.0017214802,0.0102651129,0.0047801284,-0.0062200184,0.0018988715,0.0004821077,-0.0010582728,0.000434849,-0.0096408534,-0.0000456675,0.0005020321,-0.0063505767,0.006823923,-0.0006513269,-0.0018794773,-0.000965809,-0.0063957903,-0.0012561457,0.002453803,-0.0025632022,-0.0063061383,0.0024511698,-0.0010173944,0.0033745561,0.0591271665,-0.0122333064,-0.0055034029,0.000676313,0.0018654808,-0.0029695435,0.0049922265,-0.0052641846,-0.0009453292,-0.0028515189,0.0072295741,-0.000748583,-0.0036545612,-0.0064683308,-0.0065740297,0.0003472831,-0.0019056254,0.0042820153,0.0005799625,0.0106237247,0.0030192388,0.0008490503,-0.0064885418,-0.0006482671,-0.0063250012,-0.0032283142,-0.0021440124,0.0007476391,-0.0021198394,-0.0073354099,-0.002875267,0.012359082,-0.0052283696,0.0033697292,0.0004253308,0.1234816401,-0.0021715738,-0.0022781665,0.0016920155,0.0020209875,-0.0034610997,0.0025307683,0.001385848,0.0015049475,0.0048604067,-0.0014509001,-0.0122071503,-0.0037983107,0.00316693,-0.0053124657,-0.0095496874,0.003764174,-0.0066386503,-0.0001325598,-0.0076494911,0.0033741384,0.0044494384,-0.002747514,0.0091775793,0.0024959042,0.0017839472,0.0045502941,-0.0169302141,0.0010919084,-0.0078725179,-0.0000154697,0.0059483122,0.001665743,-0.0011633269,-0.0040061878,0.2367050521,0.0001487461,-0.0009407653,0.0009063619,-0.0037171961,-0.0007261028,-0.004895819,-0.0046681766,0.0036083639,0.0038818263,-0.0080746979,-0.0046411799,0.004933273,0.0036650544,0.002101192,-0.0021561359,0.0010716404,0.0051590842,0.0002775739,0.0029184586,-0.0031573513,-0.0085506142,0.0045809101,0.0001511968,0.0019093482,-0.0025406018,-0.0026628132,0.0018576278,0.0017065648,0.0017242126,0.0067966555,0.0067415109,0.0025538347,0.001385854,0.0056327594,0.0633677831,-0.0030828406,-0.0084609667,-0.0017771018,-0.0079163136,0.0047624087,-0.0009531468,-0.0077176329,-0.0026711651,-0.0063689663,0.00231691,0.0062869403,-0.0031119732,-0.0000818716,0.0005267812,-0.0024036913,0.0051354716,-0.0040716477,0.0023169834,0.0017459392,0.0028479224,0.0070290126,-0.0012475974,-0.0007289704,0.0008925238,-0.0005145584,0.0052019868,0.0016276159,-0.0057682846,0.0005937858,0.0104487193,0.0004384126,0.0025255343,0.0019606367,0.007651369,0.1054923643,0.0098099949,0.004211273,0.0062980728,-0.0055280095,-0.0064554372,-0.0063026864,0.0043489548,-0.0001505419,0.0039380094,0.0022295252,0.0148175393,0.0020528306,0.0086792014,0.0075288475,0.0051302102,-0.0030092906,-0.0014315376,0.0054227996,-0.0036504492,0.0066348755,-0.0049048307,-0.0110663296,-0.0013171454,-0.007150574,-0.003352271,-0.0063079448,-0.0069826098,-0.0003154384,-0.0048359692,0.000542515,-0.00467109,-0.0079671512,-0.0035239282,-0.0046591869,0.2033619716,0.0003678591,-0.0020422685,-0.0026286367,-0.0017356979,-0.0040391656,0.0003355218,-0.0011938698,-0.0079084097,-0.0052399328,-0.0005448177,-0.0028056385,0.0047286498,0.0035072284,0.0065795753,-0.0071076037,0.0028254092,-0.0020437561,-0.0030142373,-0.0031176795,-0.0066322756,-0.0098473924,-0.0010523729,0.005652234,-0.0015018958,0.0020586076,-0.0060382184,-0.0065158005,-0.0001337364,-0.0011066685,0.0017572145,0.0068902246,0.0120119741,0.0059917935,0.0031934361,-0.0203534483,0.0046450847,0.0005480243,0.0052530351,0.0020460918,-0.003376025,0.0042219112,-0.0037465777,0.0046997923,-0.0121753417,0.0004136528,0.0072496795,-0.0037834948,0.0008238134,0.0057615204,0.0080013495,0.0068272749,-0.0012997506,0.0039180236,0.0001793193,0.0005755732,0.0065751495,0.0034723558,0.0027819782,0.004010251,0.0057255493,0.0063810784,-0.0003277264,0.0065072593,0.0051714908,0.0009003885,0.0006282167,0.0011882337,0.0051552403,0.010833879,0.0126199104,0.0028770854,-0.0028510491,-0.0006429352,0.0030237144,0.0029019215,0.0002234672,0.0019190732,0.0058703933,-0.0080340213,-0.0016171835,0.0018908384,0.0015187868,-0.0000344268,0.0022186142,0.0086291582,0.0010553433,-0.0059276581,-0.0007605263,-0.0036267726,-0.0053204003,-0.0050530731,0.0024241149,-0.0055052294,0.0049153392,0.0062780207,0.0015363556,-0.0006526317,0.0038312937,0.0019175235,0.0007815536,0.0063394507,-0.002044652,0.0004164072,0.0038242092,0.0370054707,0.0057626431,0.003700486,-0.0028090866,-0.005804118,-0.0003625014,-0.0035073583,-0.0038412557,0.0048464305,0.0046201792,-0.0014701716,-0.0055232661,-0.0066562982,0.0013636966,0.0038571306,-0.0041527582,-0.0057780469,0.0002916153,-0.0063778939,-0.0131774651,0.0007766231,0.0001684206,0.0034984643,-0.0028546853,0.006852643,-0.0073257684,0.001345429,0.0108660876,0.0007337718,-0.005431328,0.011280008,-0.0028644003,-0.008225692,-0.0037980074,0.0036441902,0.1467714008,0.0000005606,-0.0000006071,-0.0000021531,-0.000001132,-0.0000001571,0.0000004501,0.0000000287,0.0000036344,0.0000046385,-0.0000004372,0.0000016781,-0.0000024114,0.0000005287,0.0000005902,-0.0000011298,-0.0000025277,0.0000020214,0.0000014042,-0.0000017492,-0.0000000615,0.0000024816,0.0000010987,-0.0000029732,-0.0000025077,0.0000012153,0.0000043469,-0.0000014239,-0.0000000818,0.000000428,0.0000033466,-0.0000005392,-0.000002113,-0.0000015015,-0.0000036639,0.0001018583,0.0016137418,-0.0067484692,-0.0001458974,0.0061894333,0.0009884984,0.0100053578,0.0100873555,-0.001592356,-0.0001893532,0.0002035548,-0.0053304496,0.0000116477,0.0009706289,0.0027369697,-0.0025390255,0.0047821939,0.0035130491,-0.0007222056,-0.0019843831,-0.0037459602,0.0007504362,0.0055489147,0.0068246514,-0.0062909993,0.0018904063,-0.0062020902,0.0013248068,0.0013355085,0.0005186725,0.0043204441,-0.0004401334,0.000803061,-0.0014507033,-0.0012932434,0.0412721243,-0.004217225,-0.0114166826,-0.0095383622,0.0025554943,0.0002432413,-0.0057356791,0.0096838924,-0.0052564877,-0.0026350694,-0.0024614849,0.0038564424,0.0002019027,-0.0046346701,-0.0055570977,-0.001150956,-0.0081387728,0.0047172406,-0.0016711664,-0.0097796197,-0.0106371209,-0.0058307698,0.0010081071,0.0050024268,0.0002526628,0.010773768,-0.0073842358,-0.00967703,0.0027401811,0.0046292083,0.0023020958,-0.0088439022,0.0000325785,0.0050759228,0.0076223865,0.2119850955,0.0019053132,-0.0004550362,0.0047142134,0.0014778409,-0.0022119304,0.0019639142,-0.0042132572,0.0036394385,0.0074067075,-0.0071471791,-0.0063093774,-0.0034351792,-0.0052923651,-0.0059436927,0.005273478,0.0005861148,0.0031075712,-0.0003278966,0.0058335207,-0.0029582413,-0.0118821135,-0.0065485998,0.0030935803,-0.0005837526,-0.0034672577,0.0062033093,0.0061187171,0.0047675781,0.0021660879,0.0022734344,-0.0014811897,0.0011773859,-0.000699573,0.0005077362,0.0735740248,-0.0087449545,-0.0042199276,0.0019813832,0.0060431394,-0.0075268991,-0.0102661215,0.0030528824,0.0014305763,-0.0005608274,-0.003121956,-0.0008360006,-0.002720901,-0.0031646719,0.0079669395,0.0026747431,-0.0083271882,-0.0067606823,0.0007034301,-0.005065218,0.0031770064,0.0032533056,0.001033605,-0.0051660445,0.0018222831,0.0056122147,-0.0030177925,0.007613863,-0.002046929,-0.0147146731,-0.0087435153,-0.0015640333,-0.0026489643,-0.0059989121,-0.0079687317,0.0996544961,0.0000005878,-0.0000007807,-0.0000009706,-0.0000020482,0.0000007453,-0.0000001266,-0.0000015028,0.0000032407,-0.000000865,-0.0000003728,-0.0000008883,-0.000000827,0.0000003538,-0.0000023426,-0.0000004562,-0.0000016062,0.0000008753,-0.0000013119,-0.000002089,0.000001948,0.0000008144,-0.0000011128,0.0000001461,-0.000003114,-0.0000002555,0.0000003859,-0.0000011862,0.0000015108,0.0000003622,0.000003153,-0.000001137,0.000001449,0.0000004863,-0.0000009221,0.0000959695,-0.0045194489,0.0036779332,0.0065997233,0.0017772705,-0.0057797241,0.0074611453,0.0028859457,-0.0006727051,-0.0105051923,-0.000106391,0.0070800482,-0.0006556885,0.0035217736,-0.0060133494,-0.0005184955,-0.0128293485,0.0031226947,-0.0056079023,-0.0001611001,-0.005216773,0.0031111977,0.0055317583,-0.005808103,0.0019464777,0.0036813572,-0.0094426278,-0.0122459939,0.0064688166,0.0146618143,0.0029682126,-0.0044558309,-0.0065614981,0.0111466883,0.0074157936,0.2634628273,-0.0008702562,-0.0031679476,-0.0023399768,-0.0015216475,0.0049958039,0.0010109887,-0.0004770095,0.0003936081,0.0040369357,0.0030704273,0.0090453665,0.0041383619,0.0080758829,0.001579717,-0.0019927643,-0.0006520271,-0.0044537872,-0.0021689601,0.0070171731,0.0047183395,-0.0027618702,-0.0077229214,0.001326796,-0.0036200944,0.0013898009,0.0010533276,0.0005906132,0.0029894089,-0.0062853547,0.0014261361,0.0041571633,0.0001141441,0.0015642827,-0.000771062,0.1324717174,0.0027211482,-0.0035446346,-0.0025583856,0.002637069,0.0032355396,0.0001169285,0.0021565179,0.0066978376,-0.0108319892,-0.0019029181,0.0013938855,0.0015925988,-0.0001083127,0.0001201356,0.0090802914,0.0003007971,-0.0051484831,-0.0006071102,-0.0044030459,-0.0014801435,-0.003249552,0.001981544,-0.005035793,0.002885733,0.0055589188,0.0007348749,-0.0006307461,0.0037654122,0.0013702838,0.0017671742,0.0063293252,-0.001016547,0.0005256742,0.0032758786,0.0667163228,0.0003870474,0.0064207323,-0.0002799049,0.0035947135,0.0036940925,0.0000246461,-0.0019345943,-0.0039234088,-0.0005041493,-0.009071032,0.0008694882,-0.0045383187,-0.0009692166,-0.0075268123,-0.0011143739,-0.0046120047,0.004091639,-0.0026963509,0.0004060113,-0.0038522548,-0.0020556839,-0.0044094155,-0.0000899725,-0.0040383807,0.0040436518,0.0031665577,-0.0037645292,0.0062976171,-0.0014594387,0.0013200566,-0.0032322976,0.001738001,-0.0080175185,0.0031716129,0.0738757311,-0.0030698959,0.0041811354,0.0039555577,-0.0008459158,-0.0028425575,0.00526923,0.001328565,0.0031307951,-0.0000351027,0.0088938093,0.0041879571,-0.0132910647,-0.0024155414,0.0038528909,0.0083929517,0.0016594686,0.002074701,0.0089482019,0.0054706913,-0.0086987728,-0.0053138881,-0.0005560942,-0.0028328635,0.0007567723,-0.0038919857,0.0035411318,0.0000323048,-0.0039188906,-0.0025650635,-0.0011102966,-0.0036627885,-0.0027685262,0.0066337246,0.0030605357,-0.0053870126,0.0003350737,0.0027753969,0.0039226597,0.0036017728,0.0005466502,-0.0022692777,0.000591324,0.0006329002,0.0014454058,0.001229374,0.0004362137,0.0013203751,0.0034630485,-0.0037914149,0.0017009658,0.0013550122,0.0032758968,-0.001671315,-0.0020056585,0.0046416907,-0.0034366633,0.0016877047,-0.0007344469,-0.0008606937,-0.0039000115,0.0000497419,0.0028086819,-0.0038694259,-0.0018777285,-0.0065278458,-0.0014900255,0.0011984896,0.0052890514,0.0025545519,0.0264830038,0.0071388024,0.0000601395,-0.0033751575,-0.0015207281,0.0035158595,0.0024494032,-0.0010030432,0.0009824369,0.0011022138,-0.0044205441,0.0025194518,-0.0019632593,0.004823014,0.002642731,0.0047131287,-0.0010848331,0.0045650665,-0.0051310302,-0.0040938116,-0.0010970503,0.0005441784,0.0015158634,0.0017353686,0.0053933727,0.0073014026,0.000134643,0.0003911416,-0.0047193345,-0.000457887,-0.0075419747,-0.0038197629,-0.0084609517,-0.0022258165,-0.0091722443,0.0680547919,0.000082063,-0.001360784,0.0049728918,0.0070952151,0.0061466479,-0.0031354321,0.0097714429,0.0063149298,-0.004353732,0.0014675271,-0.0039349202,0.0011373028,0.0042572847,-0.0026413647,0.0048848392,0.0051885893,-0.0009495123,0.0091102003,0.0003008936,-0.0043500583,-0.0079333288,0.0063118705,-0.0088892738,-0.0050392356,-0.0029201781,0.0014358176,0.0020738501,-0.0083493166,-0.0105142047,0.0041249465,-0.0037927706,-0.0049771133,0.0043257162,0.0003268419,0.0762794546,0.0121288971,-0.00211598,-0.0057673467,0.0032512376,-0.0019216639,-0.0062967107,0.0101108561,-0.0019701651,0.0086757714,0.0077472158,-0.0030144341,-0.0050390839,-0.0011379624,-0.0030292029,-0.0008074068,0.0050233568,-0.0013599479,-0.0058100958,0.0004695256,0.0032200443,-0.0014792178,0.0072928524,0.0075203632,0.0037268998,0.0050021638,0.0036404101,-0.0043618353,-0.0014105102,0.0027901946,-0.0122022509,0.006602074,0.0065743515,0.0059541179,-0.0013412939,0.1896761594,-0.0024853501,0.0016314261,0.0053379377,0.0014257986,-0.0027798044,-0.0022002855,0.0077377359,-0.010234886,-0.0034652953,-0.0027942875,0.0019467798,0.0046465402,-0.000659058,-0.0041578314,-0.0032559657,-0.0011151285,0.0017155441,-0.0023760219,-0.0100006081,-0.0028350822,0.0031360401,-0.0052746855,-0.0031192024,0.0049237927,-0.0069313565,-0.0001257927,0.0064512465,0.0008712227,0.00975691,0.0049409222,-0.0011086767,-0.0046834669,0.0017652126,0.000836339,0.1608555057,-0.0005443012,0.003071031,0.0029669037,0.0021466573,-0.0004440487,-0.0021998665,0.0037551265,-0.0030491312,0.000343513,-0.004802738,0.0012504119,0.002077044,0.0007197858,-0.0034320396,-0.0005002496,0.0027760132,-0.002867638,-0.0017096726,0.0007126324,-0.0053209528,0.0046923385,-0.002821107,-0.0004751087,0.0025332332,-0.0008657552,-0.0030096663,0.0057801146,-0.0000451638,0.0062392475,0.0030152101,0.0061796657,0.0006491276,0.0024261834,-0.0026199138,0.0635922051,-0.0083293944,0.0051312994,0.002128994,0.0036688603,-0.0034489712,-0.0099158471,0.0017787918,0.0023513048,0.0048764595,0.0026794115,-0.005153428,0.0067782863,0.0083621569,0.0014404859,-0.0085596776,-0.0023658682,0.0082029955,0.0028179019,0.0068740533,0.004647648,-0.0038793207,0.0040711214,0.0085543527,-0.0054596849,-0.0016778133,0.0028741472,0.0039034144,-0.0093065424,0.0014816094,-0.0066953594,0.0079423714,0.0005425443,-0.0006313216,0.0031766835,0.1736153867,0.0072667202,0.0030702454,-0.0078335635,0.0027531014,0.0015122936,0.0003791161,-0.009153654,-0.00062329,0.0039738224,-0.0019485858,-0.0007824782,0.0016728255,-0.0043618459,0.0066957498,0.0067585404,0.0087608526,0.0022196852,0.0002842389,0.0055089666,-0.0022976731,0.0012900815,-0.00285471,-0.0041401665,0.0001775833,-0.0057380764,-0.0023696407,-0.0060810998,-0.0055100596,0.0051392451,-0.0111416549,-0.0048602885,-0.0044279565,-0.0039910615,-0.0056581072,0.0594963027,-0.0049407287,0.0085214105,-0.0043970313,0.000413924,0.0069477258,-0.0013353168,-0.0103687711,-0.011637612,0.0082363386,-0.0100566753,0.0058284477,-0.0020496172,-0.0050298328,-0.0008444366,-0.0119844555,0.0039037676,0.0091367277,-0.0015960845,-0.0054550899,-0.0076163001,0.0035152951,-0.0029237958,-0.0139207793,-0.0086201299,-0.0052417698,0.0106482054,-0.0035833594,0.0095514136,-0.0006967248,0.0017823733,-0.0086650307,-0.0050374897,-0.009451022,0.001199576,0.3768807867,-0.0082564529,0.0039598345,-0.0014809562,-0.0028048894,0.0060791131,0.0073396132,-0.0079738969,0.0043034526,0.0048207104,0.0134550694,-0.0087182842,0.0023217966,0.0038250625,0.0086980003,0.0083243166,-0.0101678886,0.0012558417,-0.0083782447,-0.0044775862,-0.0028639937,0.0092433728,0.0009687776,0.0118887059,-0.0042603494,-0.0008958993,0.0045760676,-0.0033546645,-0.0111642214,0.0035278335,0.0033591534,-0.0025006355,-0.0028597139,-0.0024166833,0.0043630335,0.2043677493,0.008166983,0.0012638064,-0.0106646103,-0.0121448102,0.0024653837,-0.0083835881,-0.0036470829,-0.0022721365,-0.0046377944,0.0085912269,0.001153633,0.0061436276,-0.004842522,-0.0026023712,-0.0127581269,0.0031468114,-0.0006448488,0.0091298455,0.003784604,-0.0112026913,-0.0027132399,0.0064926789,-0.010104931,0.000631798,0.0038289762,-0.0021374144,-0.0029615811,-0.0054342191,0.0049860334,-0.0059201875,-0.0046434078,0.0100170437,0.0043683314,-0.0053612044,0.1087160458,-0.0075504172,-0.0015891808,0.0003955925,-0.0042224269,0.0034601482,-0.0013854372,-0.0020093049,-0.0037059313,0.0038139926,0.0037726686,-0.0048519514,-0.0015878008,-0.0054119061,0.0113708414,-0.0001169669,-0.0092653917,-0.0083868475,-0.0070370894,0.0008487596,0.0048821041,-0.0003313392,0.003430913,-0.0023432664,0.0007348449,-0.006867668,-0.0029731892,0.003518083,-0.0019836445,0.0001988244,0.0045051212,-0.0036544818,0.0060613984,0.0013762077,-0.0040125591,0.0446750442,-0.0017207387,0.0073396093,-0.0040189928,0.006111891,-0.0008682322,-0.0026273949,-0.0040479639,0.0038988893,0.0007972599,0.0039597104,-0.005584809,-0.0105993482,0.0073381259,0.007427761,-0.0008180346,0.0057512248,0.0024602164,0.0064131224,0.0042693439,-0.0040629494,0.0048533605,0.001755852,0.0035764922,0.0003687102,0.0000804276,0.0030130971,-0.0034487256,0.0010601091,0.0096444932,-0.0054539184,-0.0062669407,-0.0022994042,-0.0006438318,0.0008128888,0.076444902,0.0000003979,0.0000005678,0.0000019501,0.0000024061,-0.0000010646,-0.0000023692,0.0000015718,-0.0000008471,-0.0000004541,0.0000018867,-0.00000015,0.0000010113,0.0000023046,0.000001701,0.000000149,0.0000006126,-0.0000016394,0.0000005675,0.0000026445,0.0000004138,-0.0000010231,-0.0000035399,-0.000000125,0.0000007803,-0.000000731,-0.0000032348,0.000000653,-0.0000018799,-0.0000000657,-0.0000030595,0.0000015065,0.0000006298,-0.0000000651,0.0000019521,-0.0000958255,0.0031897766,-0.0019881474,-0.0001292694,-0.0058464431,-0.0083790997,0.0105473627,-0.0054441718,0.0019622814,-0.0108003973,0.0073675166,-0.0005604293,-0.0037882689,-0.005347509,-0.010299332,-0.0034886504,-0.0015791553,-0.0036023883,0.001322927,0.0021068311,0.0030897879,-0.004339522,-0.001626897,-0.005573062,0.005609131,-0.0003152541,-0.0035153616,-0.00237239,0.0039399296,-0.0010217325,-0.0035307386,0.0051874521,0.0016814082,0.0067433997,-0.004702434,0.0451170183,-0.0062323505,0.001213552,0.0045203342,-0.0051342122,-0.0091941467,-0.005764185,-0.0091025121,0.0041217807,-0.0026486071,-0.0038040113,-0.0026616776,0.0085074587,-0.0035600465,0.0017672811,-0.0041514954,0.0051583943,0.0086959462,0.0015259021,0.0069305306,0.0010693359,-0.0016316261,0.0005323767,0.0039978204,0.0011701571,0.0044422985,-0.0009496184,0.002211383,-0.003475849,-0.0000239244,0.0119986296,0.0085401503,0.0031353531,-0.0039236029,0.0080451849,0.1125930342,0.0102490576,0.0036099034,-0.0022349869,-0.0047482097,-0.001923565,0.0025288668,0.002267551,-0.0035255535,0.0026300571,-0.0063171575,-0.0042552236,0.0064742773,-0.0085489613,-0.0123701184,-0.002201508,-0.0036060572,-0.0079287892,0.0068478775,0.0077340906,0.0033548982,0.0014226756,0.0032940014,-0.0003302566,-0.0053503614,-0.0015748319,-0.0045354972,0.0011881386,0.0049382625,0.002891125,-0.0144081706,-0.0032336693,-0.0077857131,-0.0021046756,0.0056004787,0.0435722241,0.0072932716,-0.0011937203,-0.0065341772,0.0024943383,0.0060186921,0.007534086,0.0062876681,-0.0037267142,0.0005004319,0.0012709274,-0.0026668815,0.0028747431,0.0058357373,0.0036710005,-0.0029308601,0.0021815715,0.0060014942,-0.0027864895,0.0018139391,0.008810498,0.00072485,-0.0038608409,0.0034367899,0.0038877029,-0.0005449077,0.0021019619,0.0054360013,0.0046331783,-0.0061129754,0.0065442006,-0.0021327692,-0.0057680373,-0.0092358134,-0.0060508184,0.1522964705,0.0032119118,0.0004410465,-0.0030944505,-0.0030136767,0.0021482529,-0.001267618,-0.0027659039,0.0003991888,-0.0009436577,0.0066671596,-0.0019679221,-0.0028082317,0.0001972729,0.0026559017,0.0003141083,-0.0046454269,-0.0051333097,-0.0019869546,-0.0019782474,-0.000960772,0.0032179247,-0.0002057444,0.0018985385,0.0001152162,-0.0054969627,0.0003982281,0.0025328868,-0.0036615744,0.0004291202,0.0054094222,0.0015587435,0.0011086548,-0.0026312123,0.0040550363,-0.0203517039,-0.0033121127,-0.0016788426,0.0013999635,-0.00346558,-0.0003226414,-0.0057251339,0.0014035623,-0.0012076906,-0.0009603215,-0.006146336,0.0033234156,-0.0035247002,0.0027288505,0.0076391067,0.0000867054,-0.0049167868,-0.0017780295,-0.0023099376,-0.004966623,0.0040930409,0.0012169987,0.0032188562,-0.0015553019,0.0009492586,-0.0001430404,-0.0039189466,0.0058461605,0.003949909,-0.0060612389,-0.0090369758,-0.005563182,0.0007078712,-0.0006692108,-0.0089599366,0.0158193726,-0.0039749346,-0.0003322877,0.0080383132,0.001016267,0.0030902195,0.0036710412,0.0050350571,0.0022351621,0.0010140718,0.0026829605,-0.0069704773,0.0075923968,0.0054496402,-0.0026429206,0.0020717335,0.0073443155,0.0005810369,0.0014263428,-0.0035143136,-0.0018088285,0.0051513104,0.0000169353,0.0062685766,-0.004148028,-0.0016916659,-0.0018677292,0.0004372347,0.0025023323,-0.0056877355,0.0024624539,-0.0012075862,-0.0002285229,-0.0029133692,-0.0009085529,0.0222737151,-0.0052138331,-0.0067928474,-0.0012346683,-0.0013692111,0.0035600963,0.0013333182,-0.0022419611,-0.0025857192,0.0013192969,0.0006441048,0.0046327016,0.0006406196,0.0035926217,-0.0026226968,-0.0035479372,0.0041294548,-0.0018983503,-0.0021994024,0.0032684022,-0.0020917082,-0.0005651914,-0.0012632375,-0.0035497132,-0.0018605356,0.0003483577,0.0011453622,0.0008121294,-0.0004951064,-0.0010085036,-0.0010870449,0.0005875536,-0.0016426456,0.0020935144,0.0027652069,0.0747518485,0.0034773888,-0.0120020268,0.0008633354,0.0040787499,0.0077486345,0.0074196421,0.0051989954,-0.0057695511,0.0086791813,-0.0010005128,-0.0058221691,0.0011044857,0.004018903,0.0083247659,0.00092131,-0.0059541485,0.0002796325,-0.0040587074,0.0088860655,0.0148167292,0.0031810131,0.0003052825,-0.0046174231,0.000835322,0.0030863131,-0.0001535575,0.0007542219,0.0037484864,-0.0060916437,0.0039236456,-0.0036787889,0.0022331069,-0.0063773094,-0.017586746,0.2362923994,-0.0004157257,0.0077198697,-0.003897312,-0.002496316,0.0037569061,-0.0035141646,0.0020757138,-0.0069070214,-0.0000661067,-0.0074071318,0.0128575065,-0.0042375412,-0.0059729444,-0.0057609206,0.005485813,0.0059170584,0.0008090693,0.0022091239,0.0045418775,-0.0071912239,-0.0000092971,0.0024015111,-0.0046300475,-0.0005771396,-0.0071610708,-0.0050292176,-0.0079810832,-0.0035150164,0.0050664725,0.0025861827,0.0047550498,-0.0031150087,-0.0039136811,0.0023524509,0.1332981566,0.0002498236,0.0015401195,-0.0049392669,-0.0034245326,-0.0038726735,-0.0014443721,-0.0036262649,0.0105676091,0.0124793987,0.0057937776,-0.0074409222,0.0002072905,-0.0090226282,-0.0077600251,0.0068706693,0.0063114594,0.0059840077,0.0022884109,0.0037607766,-0.0076339285,0.0013751673,-0.0053843244,0.0007013638,0.0083125546,-0.0076239088,-0.0023233678,0.0030230769,0.0015503119,0.0004482635,-0.0066413531,-0.003967595,0.007533882,0.0014356565,0.0015823851,0.0722367762,-0.007700815,-0.0047558452,-0.0005241055,-0.0031415664,-0.0045998913,-0.0038839066,0.0011509777,-0.0003176401,-0.007652795,-0.0068601567,0.0059328294,0.0009662969,-0.0058120563,0.0050266823,-0.0013204837,0.0045407993,-0.0035211883,0.0024772095,0.002352324,0.0095033929,0.0039439112,0.0023710781,0.0048086774,0.0010172503,0.0005119076,0.0030108961,0.0040277546,0.0025240874,-0.001339363,0.0014953618,-0.0071114056,0.0082610196,0.0027053409,-0.0033997413,0.0544912249,0.0011422316,-0.0023610423,0.0042547206,-0.0039131441,-0.0059909796,0.0038585186,-0.0046186299,0.0046525513,-0.0084014559,0.0009291997,0.0071621933,0.0046123136,-0.0048869234,-0.0034051031,-0.0073323868,0.0045191638,-0.0036464515,0.0039534109,0.0007035336,0.0078329702,0.0016596917,0.0042935228,0.001940365,0.0047107141,0.0080240928,0.0016780715,0.0036627631,-0.0002343961,0.003249287,0.0020635243,-0.0070758568,0.0020249752,0.0042367543,0.0029767068,0.0528070782,0.0128636985,0.004692972,0.0137710684,0.0135207242,0.0011783742,-0.0016763677,0.0054004076,-0.0041597506,0.000822497,-0.0090629056,0.001314226,0.0019541884,0.0001881823,-0.0105196669,0.0066361834,0.0024444895,-0.0054064822,-0.0024398342,0.0004369068,-0.0018035348,0.0047793879,-0.0018264217,-0.0033488237,0.0018979897,-0.0015060765,0.0095295355,0.0100355451,0.0005241268,0.0073670067,-0.0080931345,0.0097242582,0.005278891,-0.0001592193,0.0015697683,0.1047114359,-0.0062036854,0.0094362058,-0.0011007986,-0.0008295548,0.0058810563,0.0010069946,0.002038031,-0.0044411142,0.0084269387,0.002689848,-0.0066095194,0.0008369311,0.0025065985,0.0101760386,-0.0052404906,-0.0053052446,-0.00019903,-0.001333967,0.0040982198,0.0164628207,-0.0071372274,-0.0042809338,0.0032975888,0.0082878422,-0.0007425869,0.0023014863,-0.0020399757,0.0016391541,-0.0005992717,0.0042300443,0.0002621846,-0.0030968808,-0.0014444051,-0.0023483552,0.1841165426,498.3006353211,10711.0571377883,-7953.9672363359,12.386416774,-7499.6480297137,4481.8011356449,49252.5325808186,-0.5688316017,0.7105863829,-960.7579944102,-0.5625857301,-21910.1544854049,6520.1879495972,1.421544604,0.8114003077,-0.6381172983,0.5272409759,-0.6650883926,0.5463527089,-5676.0594611187,2.7713903911,15629.6171475248,28621.4851669936,-14642.7737743123,3929.0386751116,1484.73298374,-580.3124453404,37442.5994639805,1091.5810880753,-0.8533996471,30.1818662873,595.6473143184,-0.3982029021,-17.5923196057,0.9492141652,-536.1706853178,2141.8692765884,-3852.5263352693,-0.0767666094,-0.1495360884,0.2310679136,-62083.6139193667,-13.933924431,-71.2753299701,1.2684077915,-21261.2611301805,-0.466918485,-14901.761957443,3228.5604049477,-24.6566128888,-0.0075523124,-6127.3530309395,9819.1070417878,12108.2319996504,422.7259265284,-8964.0318189642,5731.2527083422,-6973.1831240877,-8177.5322381208,-3170.4311413364,-7232.871957264,1177.2182911907,-9077.3609765548,2131.1469955212,14691.7154711175,3879.5540771985,-5961.1734515863,5328.3382475868,8083.0995277898,-118.0705818291,5100.7804219849,-4341.2015872671,-1430.0753783406,5752.0211566659,-151.3489565563,-330.9250951145,2511.348506623,12626.6606372765,4754.4164247429,-5440.9720629959,982.6400299046,525.6268035731,9554.7262778997,-3373.8912838165,6044.4547065575,4578.3043199844,-1.0214337148,-5038.7777433358,22193.9389105693,-7556.2426129702,-0.9994160016,636.4911306172,16393.4878663679,18981.5084227132,-1.9379532303,0.3240251872,-32049.5727746369,-16010.7241120755,16082.135161702,-12785.6844879703,0.1652138896,104.1785682286,-2307.6355015275,18981.9626464257,-11851.1406790105,32458.9926478879,6389.9336746883,-29.9279302719,10279.6980945318,1597.0114838671,2.2088234451,-2741.8775271823,-12.4175712481,-0.9045134973,-2992.8662300799,69.1227883166,0.4537586545,11451.9847047793,-8019.4289939559,0.8624771369,3986.3977004624,-2.2483549921,2000.197828769,2431.1988178353,-54687.6842860088,7.5756486034,-2930.4816831304,5650.551159004,11.3294753875,-1913.8543557793,31.6778231269,0.486067489,-2106.776619871,6419.3874326984,18516.1524051443,-0.7262874377,-525.8068502628,-0.902577579,-964.8759305118,-8902.6864911586,-2442.9432885517,1903.6213820906,-6613.7122776695,-5284.57486094,4243.0148652266,-1671.6492883158,36.0615853619,-3656.6013070715,5061.967189203,13344.5964350114,-1890.5764139527,538.2326147746,-1.8755570245,1018.4770841768,-1144.0424439168,9066.6646808304,3863.2391365541,1933.1554593598,-5163.6048400075,10243.9428646496,10493.5064243272,2947.6651421479,-4157.2803261539,-5412.0862313904,2003.9838430195,4822.9489107752,-980.6436856814,-8092.9387424725,3120.2585885412,-1456.4863079596,-11896.7928110977,0.7417220433,1265.9559472141,-0.4591679476,27.6298633708,7111.5445026581,-4440.3042604736,1.9590818637,14887.9304783465,-0.4809823331,-0.9994472308,-4734.2991360962,-2411.4069071192,1438.6530944972,0.3814881725,-0.7448439798,-8590.114779358,4937.9847319886,14886.8982945638,53037.109045873,0.4746352102,2893.9282478235,8805.9135785403,0.2849143452,0.5820176593,-19045.1858823309,0.2175871564,-0.3936947262,-6243.4811587589,-3577.0449724958,-0.058359432,1.1157250356,3119.0787649275,-3266.536411261,0.859662681,5397.3410541243,0.6448390699,-406.6280945369,12.6316685323,5661.5055639721,311.5787241257,-0.4015670513,-11476.16482174,56.1092306211,-0.6186468391,-0.8014414931,4.6530901076,5114.7318971285,25118.9017245098,-1201.2896450605,-1.3621606958,9098.6018386573,18.808554516,0.5741333157,3418.5988916114,2515.9701154522,-1357.5094464698,-6862.4844799339,-1582.3873911551,-9827.4982788426,-5167.2808791805,-15226.9783026669,1304.6002471567,680.3302299745,634.1052699747,4326.5194545604,1109.8262789112,0.0802686919,-516.5000069932,-550.7841338128,2113.6808266758,-766.3049628001,5258.0601676675,2874.3299014865,-9186.483690144,10946.3576243499,1330.70882498,-659.826411611,-2746.9551604199,8566.4764132096,25153.7197722597,-814.1506538243,9858.2454135425,-13442.0002841278,0.0861647781,-281.7264050281,-18210.8092107499,-3684.7895061025,-8578.1450792119,-9762.6726238211,-0.3093221474,-1885.9771794429,-0.7592532365,-0.4177748695,63.7826944265,-0.9063473273,0.3451668316,6.9116832559,-0.3120754523,-0.1259831216,-0.5196418456,4.7281439581,4.1415611718,1.026244422,2171.4560440772,-448.5522167376,-0.5035111768,48240.6372575314,-1102.7047420208,1005.5357400415,-479.5302280763,0.2472698266,-1.0444656193,2.1216264445,-8637.9879922215,22164.913049526,-526.9422436652,-802.3717204988,460.8650287808,-0.8124147945,-23746.4303855473,-1068.539792052,-13294.3598403994,7277.3470509512,39136.5799105325,-862.6942282407,-9159.8611282371,-53535.9991962644
   -0.254606017,470.8639988714,-0.3416044826,-10751.4125167104,-0.9798292023,-0.8300547281,0.4628623513,0.9938782217,-203.1161812852,-10.8491539416,-3128.5519128797,2071.2467074378,205.9290934022,-1933.1573401866,-0.859646565,-2845.5574357785,-3372.8195894441,11403.4688824635,-3890.0257198522,-3450.3221887722,-4837.3603485269,2974.8577347464,3773.5987503146,-1870.2086418413,1465.8302092198,2915.8379232646,617.0557520444,5879.5425565845,-861.7931759112,-2913.4411987209,-4663.5395798353,9392.9653782297,-329.8401215038,419.2242803242,-681.6076193744,-5872.3204081735,-18300.835798653,2801.7054402962,-29.8051776939,-8650.7020790433,2770.6309461527,-12986.9388766537,-27154.3487722812,-0.8625396199,0.9955527529,0.6467379173,-0.0285158917,-1.3741860942,-0.353023675,-556.4932750369,5475.781017719,-2353.4029641788,0.9957567489,12395.4635780426,12653.0892671172,-1087.0350215998,-13.1481384171,-0.7233587178,2518.7064641476,-5040.9496713218,5476.4384832244,-1617.488449488,-1.8911420141,0.5393547548,-0.1786174171,0.7257784744,0.9995478574,-0.7764891328,-0.7694744816,-1.4357704549,9.947609635,623.3925811534,0.1946061322,-17475.0391637063,-261.4069685555,0.8856850303,0.2161369483,-4004.6909693894,-32.1515753101,151.1324526702,-0.4854812831,587.9370363774,-9568.3594523569,-7412.6627516422,-9103.2743213088,-1846.5168880225,4825.7344643418,-31.9009491237,-0.015447262,793.4154086261,-3311.1885871114,1998.420117991,-0.8160819104,-4813.5697539647,-1912.4327271308,-14111.1594726802,-1924.2847407678,-1607.4915450487,16557.6751852839,-4191.6320683977,7762.8169087614,571.438036941,-4082.735496184,-33885.2030994966,981.8297079261,-6222.5624441534,9410.0308427186,-6307.3501599683,-6658.6501300991,-7577.7898151311,-16052.9064225808,-9558.5001204572,98.2827821441,-0.7540331527,9238.5604608459,2524.215659887,2018.7531077502,1763.9116329508,6836.5408688077,14251.8341787841,-4774.0979535433,-4.2726292497,19041.2319304592,13290.8469273425,863.3035786631,-3024.8399665466,-1677.7085097994,-26518.0472586796,-12.3996658747,-0.0198787534,-4293.6422207226,-14605.0091079582,-6772.807603749,108.6107442746,-0.4880880486,0.3510205646,-8270.7440080343,0.9531502,29849.655210928,20214.505183519,-1293.6890821243,0.5079539444,0.0787129517,1608.7980302014,-16447.2648100549,-0.2663525158,-7986.8633206725,11727.5317691696,0.3310571406,6152.5266347392,0.0823274401,12.5988681133,31.1224315893,-0.4205929137,-65.8522600867,0.1231326733,0.9686145441,-931.8150320818,-1875.0328957715,-3953.9588321383,-13100.9322316235,-0.7717235325,5566.9249260927,-5707.3317024737,170.4400279632,0.5072790529,-39063.2778601943,-0.4471230768,-3210.4293536442,-4868.8428145161,0.903979662,8177.2171481219,-1905.2396431986,-2.4998811796,35404.6840900297,0.3544826405,1212.8438047519,0.0846500524,5239.2051230338,-87.4516402424,-9999.4878573508,6398.6167264594,901.0243192567,3709.4604865706,2932.4964097703,-8633.6998062063,389.4988071015,-14665.3017535499,800.630854008,-4565.1104973976,-1201.174865927,443.092321656,7273.9373994968,1709.5886287214,-3137.9204541935,-4678.5829509247,-1285.3857428686,-812.3546974691,1370.6149916058,13593.4324669984,-16728.0805474909,12824.6154708631,-769.4099836517,-19845.6966302634,1263.1297856214,5162.018094195,2334.3280849811,-2962.5434034472,6033.4192274021,7356.2937149663,10058.858318585,1915.0729603913,6489.5679418885,22.4618169207,-26213.4874677794,-994.2458472192,-0.640670859,815.8721705743,-3208.5357963781,-80.5295323707,4281.5329763524,5736.6529846986,0.1379687422,-27242.2211938119,0.3340237129,-5.6865010579,-0.115614575,0.4028103786,-0.7077227905,-0.3113730595,4282.4458325826,34394.5768476891,-37038.7035695197,-0.9073786175,2482.7327473251,-9157.1496290927,7.2029391657,1339.0928293265,-0.4724830498,3770.8334313015,-0.0982811555,-0.189831614,1449.6969010467,21.2178487418,1360.8986061624,-1281.8797764277,-0.115100269,20449.5227337244,-0.3042228778,-11906.1126633846,7301.9325233024,36641.1537293871,54.21358097,0.8429710032,-18513.8704818313,0.6361803435,-0.3164837661,3860.8255762422,-9380.6499572773,-0.4770516187,2336.6760441712,-0.2506284762,0.0610995582,-10636.0658563879,-219.5717738633,-359.878650682,6108.258662316,9531.7947639842,-1721.9644523767,-4137.9967893801,-1078.4276390658,-15.433940526,1628.9871588724,30955.564311448,1627.9174765617,9735.3981545326,28.4320282616,67.3483602579,5195.1730890647,-10113.7520127572,-2447.3063283878,-7550.3278892229,3345.6809500189,-1.8914553304,-9618.8703117441,20638.6745334944,-1536.8357094717,-1280.8418065581,2194.9317048516,10783.8747695336,-1658.693385734,14121.1052793266,-14969.6966235298,17366.3988132269,-7086.6806664282,-6063.0541361222,4969.6407457828,-9.3839103156,-0.0250555655,5653.7244801094,1550.8482350734,46901.1936485377,0.3721596058,-0.3156262964,0.1033124975,-9533.6358242295,0.8242527526,0.8042757597,-4292.9281892882,45.2952756291,3.6774888646,-0.3916235956,-0.8880662951,-57.2985692833,24313.2370818909,-9534.2945579905,2014.4207125856,4374.0238526647,-25742.5581710874,0.4070542475,-1183.8542828038,-0.6473748366,-23613.3322147625,-0.0171594505,-15203.3201862017,0.53772977,-0.297178478,-0.8111667088,0.9172259269,-13879.3516481222,-326.6023680886,0.9483725664,-2110.3169280849,929.723207239,4770.9411872361,-4131.6308788295,189.0873556464,-5109.6328569967,0.4502353131,31250.1571429947,-1954.6412640007,2620.1524500762,1073.2539037747,1840.9870084005,7061.4330022542,0.1450337367,-16636.6889718931,-0.1563645188,-3456.9687064316,-11.5711682226,-10211.4445755804,-20495.0462967308,16361.9313722106,-8262.9461454526,5885.5012507896,4592.54323175,-1873.9094171813,17660.618198219,14904.4817508853,-5566.8532295285,3564.9589493415,2332.8661707204,-12671.1176463687,-5253.665245804,-9410.3075128057,29.5086980076,-4915.9205538419,1521.8906232551,-4.525125855,3372.838454023,-9169.9623405312,-13865.7162781879,-4546.2049596457,-3735.8028147001,3147.1585444987,3063.1876286791,9018.1858714976,-14099.6920678812,11681.9892255682,1705.5758579951,3889.8122008879,4200.8938094223,-990.4771743089,1623.2144165768,-18.4772750291,37.3584011259,-851.5977511625,120.8906371094,227.0903227993,4393.8111157506,-104.2052764174,-0.9455650764,0.082714696,5789.609330915,8997.5215654362,-0.6302922315,0.9296625323,-0.8133142533,225.2530008898,3758.1618462579,-105.4357843693,-27685.4264289785,-0.3980206403,9737.1541724901,0.172331366,541.9632664504,0.2651462173,933.3376614591,0.544863938,256.8407902301,-0.7524943928,-4120.0492492202,-2855.6419536941,-37303.0116524765,-3697.3954905695,916.9279475259,0.7559548117,-37554.111441241,226.3212105457,-14675.6062636497,-1641.636604494,-59855.5527147391,10258.4212437928,-0.210528499,11764.5692202357,-2267.5967104725,1.0285671683,-1179.597105298,-0.1095592998,-1225.5737653544,-4584.5718853817,7424.3525511178,0.5452281644,3661.7840229902,12965.1133882255,4022.2159299121,-162.3934988559,7479.9515491274,-572.1142546462,-1382.0404534532,-2278.5192927918,-1265.4915792077,4010.1918682971,-3047.4206775521,-16807.8484218133,1431.5900161555,-290.9796820606,19254.4208422429,1117.1904485486,1956.1564051738,775.2143420345,668.5642936037,-61.9667274829,3748.3389819963,5678.0469727121,3214.4713849564,17995.8167802992,-18507.1230952009,-705.5437564528,950.6442321922,-4816.0411261106,764.9858601197,-25838.8706410638,-25072.0095042051,-2778.7863677507,-558.4622754725,-2127.6270078517,9741.7951253362,-0.2214403702,19.589770321,14064.7587700558,-1330.7805271178,12723.1676297385,1675.6244359572,-8.331573114,-3586.6352078986,-3718.8817838225,0.9947867782,1073.0877600932,15353.790786208,25028.793771117,0.5341732323,0.9351631923,-0.6050481586,-0.0297085667,-3585.0971350216,20935.4395063044,10494.00337349,-59380.3898273432,0.6216165724,-2107.1020141761,-20941.3760666095,0.6660756352,-0.0033413196,-42.1240527528,0.8574749308,-5944.2352923582,450.8376879831,0.1863425384,-7738.9272764802,-0.0333603655,0.3329337386,-11713.2686094409,5103.4913992546,7741.1698687301,0.151980378,1047.409793599,-17367.698794477,0.1230675767,-35272.0235089128,-0.3258332416,2091.4726563187,3944.0268276141,-7.0339201949,2.157458228,0.3231164371,0.1032051518,-0.830002902,-3656.4268247485,1520.0361178945,-5586.4696757742,-243.2265918738,1.5378563264,7591.264566109,13.9261907547,-4506.0451584498,2164.9230984082,-810.2492454821,-997.3019928307,78.2051195999,1150.0004239033,-10704.2009640001,-2482.5700166815,-3466.2036205628,3119.9392518057,9586.731711186,4480.8391361,8709.5116555614,4409.2028884845,-1415.920340207,12848.6599426233,-3559.5681004337,-323.0248357742,13622.4183450258,3653.2791133937,-6762.0453739187,-11970.0172155075,3636.9071824603,2856.216630538,1662.4080686289,14314.890474019,-12823.9524969342,742.5718746635,-11715.9303414349,0.6664441323,-30287.1565111633,-23929.3447640172,-0.3315222588,3316.7194550161,-24.3597896273,1.211638771,-0.3518929373,0.1025100113,1261.1126879731,-14180.6952857855,9181.1443655367,-0.5455390632,-0.4052309231,-21264.7676865261,-4920.3076470566,1.6388691245,4373.3180335381,2343.5853264285,1.0294575096,-0.0677531096,-0.0862429495,3670.7829887384,26556.5045085708,-0.4370266924,-3274.490480872,0.0593888803,-1.0918472287,119.6194782287,2608.8967070266,12309.3896970118,0.1846021636,0.4141965194,2739.2368170507,-40004.727432524,-730.2029275134,10638.7686793739,4217.4890616827,10442.9461620845,2726.6681776399,-13220.065657703,81.1387748256,32.637357587,-5646.2705656943,1.1566325485,-35561.5200276181,5583.903121531,-0.1090291615,0.6679848734,-3110.0006802449,7213.3228335398,-5853.106062051,-2171.4442186412,-2207.5732747188,-6940.9806934301,5015.2002634998,2186.6855458703,-9739.3447472194,187.8954328868,-0.1852372314,5990.360794252,-5.5801500982,-333.8157837969,6266.0970525976,2284.2076441722,509.8512784271,-6.5238906954,-2364.1693309885,-759.6066037775,-48.7797761532,-8979.830099226,-13244.9479128175,-3089.1768322718,-1937.4898409707,260.0553817273,413.948768359,-802.1234882473,-6718.9796165625,9966.2901304069,-3620.4454300209,-6647.9608344401,9560.6716645019,8292.0638587467,10567.5316290518,-1263.0526759804,10968.1727727089,-30299.9126631162,3182.8192436812,-14382.7568180203,982.0126255321,5263.8978575178,-0.9115828688,-784.4350403933,-0.7120660793,5372.5624231846,12043.7358481988,-9275.2155223976,-1355.571091878,0.8856327533,9594.0573522171,0.9041964551,-0.7446613348,8515.0469484018,-5410.8898649339,1187.812570126,2358.1402665929,-1.3199423604,1.8366695102,0.8258537594,-1.4366904955,-4666.0748317634,2017.3447029347,-11144.3139214785,239.8664503966,-51197.5315969818,1946.0416436309,-12106.3496525654,0.3577122719,20513.4994784775,-6491.3777496242,-29841.8922597866,-151.2907941166,-97.604371288,0.11602353,0.6103127926,1.0854917308,-0.5885324035,-858.2438051328,-13699.1550665738,39307.2432311676,30437.0992200518,0.4234669008,1.0709062961,-0.4928738804,104.8374074485,-44.8704147411,-6068.9608078941,-7884.4323201411,12323.1235781974,9439.6726274202,5313.8632287975,0.7981593931,2632.1371343368,-11574.9420289944,-4737.4763819967,-15806.0720793755,-9540.3801164855,-6.1937578399,-3100.636561338,-267.2143061989,14312.2439487353,-3213.8167744143,-1652.328455171,-453.6322194367,11756.1203362046,-770.2223816926,665.8770504029,9330.4285976482,-3626.8871693674,-7982.4781434123,2.0311172364,-2518.0661165692,-4790.1976357616,-5080.8085583348,2696.1938106695,-6429.9745755447,-4676.9960807774,-4489.1309471317,-29786.2834286091,415.8837824241,1060.9632239556,5844.6799384256,-1.3278899273,56.7507986319,2378.7652139403,-0.7811501901,0.0338543645,0.5944859133,0.7925112509,146.7429059544,-1.2650243229,786.136189791,-0.238339715,0.4395158155,1437.7735697125,0.7986385712,0.6085802602,0.3677656938,0.9869170006,-17453.6047818753,93.7175630908,-0.8793699692,-10.8786680338,0.6095208595,31007.2843250087,-9852.3077602941,-454.6694083972,-62.7519349261,0.5737108696,2282.5578850204,-1.5964814874,0.1292282102,-0.1519810383,3722.3523229574,125.2613017333,-8.7018724982,-0.1475552284,-19592.7535908383,-3.0092062183,-0.4518621292,-0.2405359371,-0.4960354193,6413.650107601,252.8469075375,-2552.8002900454,3169.881520972,-0.4853201056,0.1043346972,-0.7201691491,-7150.8235989333,93.9538821155,2.4640456911,3004.8540765655,5095.4465998332,9254.6203449329,16229.373915007,71.9963795891,8632.9085368052,-545.4305310054,-4605.7273671891,-0.5516840751,787.9670964017,-1.2361455316,-13819.9206245289,4581.0702719945,-258.7161797056,-1104.5514786765,4387.9195081487,3148.3986511022,17.9646587184,-572.7613168358,-1575.6466959523,5933.4134324011,-4077.4096196124,-922.5169427325,10614.8588284037,-5234.8541503435,60.0195618932,-7549.7902456111,-9395.6469486868,-13900.459649432,1219.2643713198,2255.8043919724,-29143.9823267387,-467.0322114761,27773.6493901264,2.0540971351,-891.747992811,-927.6898399521,7127.7138192372,-15430.5231434322,-0.0737891398,-268.9779197509,-0.7226793309,8.3718320976,-3520.5593257368,44.9457432191,7549.4803722091,-0.4711859716,244.2562438303,-0.3212097377,-0.1754185323,-0.2257049055,-1284.7919606571,-12100.8516515977,-1429.6366801194,9194.2333978174,-12524.8236909211,-7375.2595748741,19710.4215468863,-17080.9758371778,11371.8569143208,5452.7037372832,-0.9787738083,3051.1921169632,4102.300448071,36432.000670818,-0.4185573159,-9954.1872602952,-0.2267557599,-4674.024970597,-13472.0902293953,0.3824572135,-538.662167003,-0.1878840043,0.1665942429,25.8510948433,9402.1886041025,359.2296950619,-0.4536418563,-17532.5752873324,0.8939042352,64.1099088913,-3.989110973,6739.1058495299,1118.3431660606,3415.8538772589,2.7041175495,-16787.5817124228,-9595.5779313404,1706.0318500728,-9597.2809810426,-2412.714914911,-833.7318006592,11433.3649117845,2527.7388869659,-4.5977543803,-2809.1276628179,2269.7984409135,-4264.0540745705,-2299.0160653529,-1356.0516647594,-5945.6516102876,-22.8736433351,-0.9428245959,-12579.9269093447,-1153.2947305598,-1033.8301535099,-2357.4261813766,-498.1982774175,-12610.5831156676,5112.9919943724,-711.7769677254,-2457.7349287985,26267.204637378,518.7030238332,-2403.0388178485,-3725.0460230769,-1.4676729557,-21388.2174490563,-25.0059808376,-29572.6159650658,25058.3057715823,75.3373035966,-248.8460164578,-1.0964967132,43.8911732845,-10164.8726966286,0.6443965029,5.7476179756,20940.2368283422,28.1739783543,5706.0903189317,-0.3110384111,-15501.7077910333,1.4867497499,44.0267598917,-1045.5241133078,2414.1019683082,-4573.6525627437,5759.384193739,5880.2327505062,0.3646663349,0.0309553262,0.7320313963,-11105.5648632982,10185.116942302,3.2007012918,1463.5284116898,15383.7136404632,-1235.0004995454,1817.4769840073,0.3038868471,-19344.2855598282,-10899.3749941471,0.8688601686,-0.3208468259,23778.885324279,-3064.8652527598,-7912.4823003173,1951.1633736019,-4.5459119272,0.8188360116,-2326.1359199706,7260.4605128693,16187.2023691397,0.0224358943,-7295.626515116,0.0290844099,3780.8373276608,-3915.3455757634,5222.412394443,-6689.8096503212,864.2036629466,0.656404659,-3393.3498990555,6325.7729356716,-1386.6679656081,-5.7990235385,2924.8104169071,-7922.2607182448,14217.3001348054,-4368.956613658,-1071.2583998125,2610.1505910757,-2853.1694278205,8059.5288243742,3260.6772737265,-4702.6715005123,-0.1947831644,5433.909278163,5642.7363282063,4613.5541879309,-74.1733349446,12594.9171682628,8582.6520975367,2020.1326937517,781.3268436624,4278.2963939266,11.1149212765,457.0478607375,-3008.2560732661,3225.2248503805,-1541.7081507963,-183.1599534891,455.796172094,6472.5789501123,-1136.172218874,-677.2965304594,-3868.3011536191,27746.0101867082,-15706.7109088141,-11642.8000549331,0.1854620582,-5199.2236058178,-9407.0916588895,-348.0619328692,-1.1094660529,0.0659895803,2728.5425134059,-3166.2194602992,-15706.8170280372,2329.4494678142,4879.6593947123,-0.7728197028,-0.859235948,-9678.3010975333,0.500664306,-35.6919851006,-6608.9822485072,5410.059121047,0.3719697716,0.5762098301,9.6772969726,50.4615552468,-5275.7328448076,27022.9610813576,0.2947617062,-10782.3564115656,5402.2997564474,-0.5541831622,8824.1165293212,1262.9805142089,-3830.9522643897,-2198.9778313309,-6868.5059395326,19157.0471096577,-638.2397715003,0.3195657644,11640.3239184005,-28952.4473236649,3791.0319580041,-10733.5489736155,-0.5127225398,-578.5063766102,-281.3916895364,-1.2722926141,3575.0825766024,19200.9334810218,620.0010769036,7543.6036799591,34.7704406059,-4505.7039127902,17.6559072291,19126.2925365219,14901.3030191602,10279.8318590848,755.4183015747,5144.2367930188,-5686.0524114402,2254.5281126065,18245.2262852023,2086.2721764074,16567.8893617594,6089.8718609425,-1725.165667406,18424.2468742783,-7755.1209335291,-3113.4630939666,-6251.4968596007,-3929.101800398,682.7119414517,-5505.3093464754,-12585.3011726803,-2492.0343358757,-2419.3730195652,2902.5254904822,-6753.2521834881,5338.693978327,9055.2250444559,12431.7649324042,0.0281849859,-4.6278670385,-26246.5959408341,-11138.3963823907,-0.8214739554,-5632.0092897789,9.2275713219,-0.3264066392,1577.5799736502,13703.7852607737,-5890.8267692418,-7668.7224579026,-0.419685112,14540.6677185258,12000.3006598746,-5631.6572503125,2319.0078780804,-6802.5866234338,1.3448426621,-601.691727122,-217.8346226797,2.8193580261,325.7701847954,-0.9164465577,0.2728823501,-38741.6292982234,0.4047037503,-0.905353623,-18096.4120465474,-11022.3993252392,-378.9429223093,0.5210506428,-18400.8534263559,-0.9254856711,-0.8017007972,1744.3814342167,-16620.7332342777,-1247.2356952821,0.2072516831,18480.7046154024,-0.570976204,-2841.4590929843,-0.8619523216,-0.5697475582,-14228.006179478,-2149.198676349,21054.2934504124,0.4021729963,10498.3266538108,-2483.2691235362,13461.4798199034,-10971.9828544939,10775.2381347848,2659.8311911158,2974.99836355,-13424.7727550087,7030.8433382544,1468.0948477576,-3778.65525747,-9809.1748675096,6968.7688867869,-3840.1656272922,-15519.6745413741,-8501.9753670147,3698.9723696678,16445.658064937,-322.2030509073,2177.955193882,1599.37272096,3052.715796365,-5397.4004663303,-25882.6657867712,11.5326395935,-22667.5976267727,-8016.8963241516,245.6486401104,-4377.6804689795,-3795.0409307316,2207.1652042915,21249.9479657587,1590.5053502612,-7602.6414706022,4101.4436448962,-3012.2905986082,-0.413133638,143.7360587381,-28.939412133,-0.4055029465,-0.0996775513,0.2657564853,-13222.3774821139,-4435.6020810586,-0.3773934612,-1962.9387313487,1.1326609842,26359.3044420365,4.0104527238,-0.6008263886,111.5546541507,-3.8845044256,-13223.8797536949,40647.5248264175,9595.6636583446,0.2760325008,-28.6354675281,-1.2597708861,-8.4377997652,-0.6795224639,-0.36025679,0.0464534582,-35564.2478207116,-0.2265719509,-0.0314050321,627.9281479553,-292.077587077,0.0978487834,0.4821488725,-192.0461319248,-2.4880264906,14653.3003097845,-1.0791022401,19243.1033128102,-255.9475150179,-0.318010018,-9107.9784558882,-17.0090637153,0.6624695402,-0.7269549366,7.1045817566,-220.7808523705,11442.7836451577,-24665.7120736209,-2.467871943,18608.524040556,1.6989291802,-10841.564326876,-4980.4308933349,-6643.0715557634,2415.783025206,12097.9298046863,13882.8390989626,-4494.2268027309,-8390.15797397,-10466.02504544,-17460.7435407249,-7132.95924004,241.6949610443,11536.8741693192,-20250.4008310516,9528.4119769939,3499.4473795593,-15837.7721092317,11530.0818830921,-5201.1284853769,15740.2114688345,-12672.9700809114,-4613.319330336,1012.2879971244,5943.7380134322,23025.609754456,-6651.3997851077,-3559.3005675261,-28680.6805468354,-4326.7285337653,3550.5334914275,24113.0343735289,3566.4189743002,3744.0856667853,2846.7207738869,0.2664772191,-121.7966851519,-1.6366939008,-1.1283594193,-3602.2875396661,0.0224436002,0.7705195762,-11985.3417160625,0.5753978951,-72.0540615242,2.1382954823,13732.1647580763,5762.8124864981,-0.6645952422,0.8586803078,6672.1315110331,0.8285540406,8748.574117363,3.3082370757,13.417571073,0.2675440781,147.6314845779,-2433.5454917111,440.9442053658,33408.6849439625,1496.0960965169,-49.2350326242,0.2880230564,-11278.9960385907,1865.9874385309,-13851.1822886727,7144.3340489684,-0.3750118532,-10374.4381007261,-24393.1740554492,20608.1316594693,0.9085692025,-2811.1154929544,1717.1386245446,5.3831142967,0.1243459844,0.248941957,-2.6577679653,18047.8918138216,136.5492484257,-7061.709387666,34229.849490314,-9695.0214726713,-0.1579574553,-414.7006424541,-1463.0313228547,-2400.2551921553,1.5937062341,-257.6715510691,5906.4456550585,12835.2890799701,-851.2900549265,11491.2119268768,5347.9458071412,-1526.9913771652,8399.7942985388,4976.2991640058,2285.953128954,-1010.5317366345,-84.0592743029,-6.2348491988,-12770.6817597523,3690.9603209345,389.0755748515,-1682.4418480924,-7646.0058476729,71.4130394872,16007.056559543,-2233.2828690113,2811.9045452082,880.4251421485,-9818.9744261082,5089.2942441678,24320.9229448555,-5491.3564923582,-3387.9130171434,-1115.3248886514,13948.5769636166,-7931.7347996817,-694.2318273141,-0.2179061591,2124.320931634,-13148.7074640964,-0.8966755846,4923.1922741091,-36870.1180423131,-5.635221494,1859.9058851198,-0.1848922318,-0.5796950281,-4743.4464458384,1150.9582332377,5704.0285459651,0.0522428881,6558.2542539187,2535.5313375914,-5.6282959399,-189.4879576945,-16564.9143956578,-1.2105633042,0.4697153069,-2384.1306575737,-14.2513195762,-16.6429097647,28941.1399727852,-0.9187034946,1611.8717951424,3369.1794801973,-1302.049393703,-108.9171239705,9.4316730997,4326.0796422632,-0.6468250779,16397.1552984022,-233.1592913684,-34144.4999401247,-0.2751017784,-3.6991541653,2339.1224406814,0.8003204776,-2145.4892363097,-0.5408427211,-0.7026621777,8003.9928175874,-5833.4959437828,17675.5546305603,0.9598966506,1086.9528636584,0.6787764113,9679.0219374553,-11139.3071113096,-10130.1475184754,-1150.2898735297,-2276.3185559351,-822.3796590038,-9589.9755975276,-1134.0291140996,15075.9668623886,-5340.0871368996,19.7185356893,879.7920862389,9205.3141268002,5332.6753305556,-543.1707682136,-5074.2575025927,-8170.3472264579,18950.0593915523,-6658.0325136262,65.5707659339,-2730.4002032862,2783.9066041465,-2.250056552,-4659.9060850525,2352.816228503,-5145.4310796408,-3432.6380135254,-2802.0975904535,-79.9540716457,-12152.7425317989,1968.8357105849,-8098.95314173,2538.5298255412,3499.4779261519,145.5937851722,-29803.1069451181,0.9828354431,-10896.0770981163,-19292.4962727467,3682.4963665382,-2722.8037845157,6881.4867952051,1083.7518571185,129.3089525206,-0.8522015421,113.7300966147,2181.7865683542,-3585.4507707079,0.4648783628,-0.3300110117,-5406.8474164283,-38328.9529983914,1085.6970526514,-1913.254216981,278.1037778579,-1840.9607406938,8.7430313411,-1219.4336814129,0.4443205851,-4727.7257069232,-712.1480229354,-15823.6275304104,7618.6930389244,6167.7616623459,-3910.6935947526,-13474.731831941,-1093.1022907233,8203.177752982,0.5095071012,2482.5294186307,-0.027321014,-20626.9659528792,-1108.0495055662,-24015.1596277971,1.6303685014,-0.905948589,-40173.7949318366,1.0035153043,11247.8047222699,3485.7035292044,8468.5333355761,33933.6436040127,-18.8218547401,2099.6166307003,0.2690792721,-3510.6642341011,2608.0248634194,6169.1366990478,719.1647048933,-2599.0037544549,20040.9810677732,7433.95397355,14892.5221984508,6162.9761573204,-1754.3331450765,10005.2899552983,156.4261453834,-10437.0054446633,133.4661744017,30.7559536513,3114.0829175933,1294.7849277347,-10670.2379932139,3237.7565989085,-15129.6989206999,-1246.2001674345,12800.686606293,-967.7257547466,6775.0326018198,42.3841980341,-8984.2477627776,-1643.5331963561,-17481.5523142854,-7032.7270688544,2106.5946920218,696.6303351754,3537.2663137156,-9007.2573524745,-6119.1384665579,120.5138406854,7033.774535766,866.8519401977,13145.689818447,0.9239509304,38155.0158545874,0.2044478018,-0.8604106472,0.6283815613,-37.224700114,0.0508351193,-655.2994760293,-6298.5910904325,0.2339729031,-0.2953187154,-0.4771781771,-1328.8550068495,15418.2825421989,-0.8034536909,-4245.7781362985,2654.3721804823,-0.6303236633,-7844.4192245483,-41.9226618742,-3271.8520411979,-43211.408025404,-32182.8001405929,-0.9140473735,23753.6785462739,6653.1137398191,-0.9721511688,4643.2017781169,-2092.4571638034,0.399166548,0.0733052014,18783.7410737385,0.148300661,-2954.0376348265,-2328.1688212351,18482.1037958292,-2163.1764788667,-1248.8490263602,-9868.7311808679,0.711775923,-0.4545606372,1103.1426811493,-6777.6324665288,0.959721333,-2177.7591090574,4376.2294423356,7.4915306202,-6.4699237936,7973.7220580352,1104.2226214878,-2258.8963201135,-785.8151208421,9375.6457390672,7946.3850456913,3952.9423277926,3151.4273352886,-5628.8421512745,-16985.0649782144,-9580.1418515439,7698.5949557211,-2144.0208185781,10509.4359028165,-1340.0107508484,-4328.8530908213,5375.5761186116,2392.0891746754,2055.5891225494,-3656.2515145878,-1237.6091215289,4441.8511560076,8747.7058879539,-3703.4857275664,4952.7139063453,-7770.8461678945,-9903.4050880893,1354.8002770225,33184.4816969379,-13882.9210168368,-17237.2012511282,1094.6295737803,-4704.9562460547,3781.149337522,6940.3647577208,8018.63793365,1687.7179763769,8061.2169330827,4721.005755265,244.154576594,0.516873309,0.2237157854,-0.1978099004,0.7907923112,3580.1964343144,5360.367842485,0.5211258312,-0.5001463543,0.0170379861,-28.7266970115,-0.6446686945,0.7706336524,-4586.6747351617,-2646.5058740518,-21.7362766523,1155.9828916555,-0.2442063155,0.500709733,-2837.2369914317,1446.001198546,0.2386158101,0.7550362457,-8205.3217883841,-0.5609682096,-5592.887723603,-356.5604937405,-8353.8977747937,0.4971970006,-5511.7644658119,43166.7823536184,-3302.5555033763,-1915.0107315506,-29457.6770153292,-0.0131588518,-0.0872802076,-0.0148077639,-36.3002422251,7981.0489462581,0.2398801526,1456.5387365316,24144.8420405699,-0.486169387,-5824.1255876258,0.8771171314,607.8313836732,1086.6471487142,592.8446060637,1466.4710637924,-2441.0960639949,-1450.4987814155,-845.5590839516,-2236.5126358635,2437.6642135272,-6570.8737276435,-16777.0089192838,2622.5784894887,-3940.9804068495,1707.6859806854,-7049.570012788,-3468.6277652146,-212.3912624434,4915.3680733864,-2214.1260513601,-926.6455322231,-1517.3565188595,732.9107492836,-105.4222554786,-4421.7910681002,8004.006094165,-5929.367820539,3510.2530324315,6345.508403538,-0.655126475,27404.2464147837,-12351.803695299,9308.5671879688,6238.1754632075,-4991.3402975736,2490.9603949338,5952.59644432,-0.5376826667,-0.0702999399,9707.8024577334,-43.5577265452,-0.2860681913,1.1524086482,29541.3308630856,3290.9705246722,-0.0675812067,-1878.1801172863,1528.8399803959,0.9601968002,0.3270698544,0.7900199944,29.2630596166,0.3840410496,29541.1042531334,-8084.5118175847,0.4423940406,-25261.3556325168,3956.5560833685,-21221.5119811454,-970.0560076953,1044.5492498831,3481.180676927,-8351.4414727048,-1.06435784,-8013.2463770965,1896.2785865876,1908.2062974231,7188.1628147074,-2611.4939996399,0.6032231046,-4920.4846785037,-11.5488380476,-679.566593561,-6368.3477576023,23158.3916795234,-155.4937625153,-10334.3225608373,16740.889320112,0.5180223857,-16.5521447619,36.9855338176,-10144.9079651734,54.0843653214,-1830.8702017655,101.2038604153,-118.7590418066,-14392.8322257421,-3499.6116285363,-1658.3557906123,1618.7535655246,7843.5261254598,6778.0929794992,18129.8655935497,8383.384836745,3795.9014337476,118.6773600289,3650.0448639431,-2729.1437921687,78.0257723493,-21.7560189249,-14212.232020256,-5048.8990257109,4709.6985597225,-9204.3089053207,1050.5530550705,4092.6678216453,3449.7080617924,-8994.1649298296,-107.9411908962,8867.1011714969,10151.8010423148,296.2452622925,9196.0021166733,-3038.3243785951,1483.6030845352,13519.5714675415,3309.8058821455,-4614.794634393,2529.8542053046,-1744.921110115,2688.0259861845,8987.6123424022,556.7110124142,-0.0464006778,0.7214094359,0.6519613686,1.3546247638,-14512.9192114202,-2.2316844736,11399.7960018417,0.2623125007,0.5061051739,16.4475883428,-69.1882218237,5637.6109312734,-0.9687341957,41.2064069801,-4980.7665658779,-3.7794023942,927.8608162346,-541.5068385951,0.1442391016,11748.2826237041,-0.4496614752,0.218414694,3098.0362930805,-0.6788590979,-0.3568700964,0.4543492289,-4071.0840728302,-1.0809116288,-0.040062898,-28968.2569402569,0.803614577,-0.9517285271,2649.7067726366,0.9323747444,-30118.5653965503,0.5023637913,38259.2440462945,-31986.6944157967,-1691.7350950507,-17098.9827639012,-6225.214581432,-2418.2826516812,-623.04225591,-51256.525030553,-0.2913223827,-2470.4687188935,-2.2485569114,0.4414552653,10489.0338471176,2822.7949010517,10459.5999350037,-5104.9192099875,1838.6855974549,14820.858216231,-4208.3797912988,-2187.7880747315,-9940.9513219941,1366.442165502,-6344.2987702276,3822.6910770466,-5139.3256644601,-237.6358934292,7571.906770352,-12883.6412372372,3722.4508943993,350.5341996506,2610.784066212,-10063.4751633924,-1934.2123819838,1972.513318192,9857.7708589672,7124.5761326026,-442.8452079746,69.4401008732,2684.1711082825,2608.3466637026,-5295.5268763224,-13697.8903853498,-8930.5881898919,-11692.3421774048,-6305.9962155255,2277.3802234268,-6127.1359257907,-24303.556740382,-0.1426888911,-0.723853121,0.6785370832,3406.2371704214,-6668.2501926037,-0.7227795525,-9275.292708443,0.5561349047,0.36182954,-0.4339809316,-1088.6943941287,-1001.277191501,0.3448807185,0.4816244007,-0.9066581408,-0.8209302903,-9274.8649653931,-16111.0661756218,-1.0256856572,27297.0376978113,15117.3816149937,486.0278994914,51.0117543571,-5476.5424174186,-0.0149475833,-0.6341493688,18.5806135162,0.7682183156,-0.7041158034,0.8324642861,-1918.4949675168,-0.0189690224,0.1289272595,-44463.5037566556,0.7132900155,3548.2736083284,1.0681356474,-1544.5206023873,-10235.5769170147,-0.6295763394,-4.0125392553,10550.998932315,2413.3903040126,-36.4144349914,-0.5299876091,-827.5672455868,-0.5665384571,-1.7216981087,0.0918824794,8945.4461773666,-8415.068409594,-302.1800414532,-143.554522581,1599.004817199,-3940.4816649583,-2929.2647186102,-0.6967689958,737.1667460839,-1.1454295653,-25052.3446228332,3860.98846556,49.2469413107,109.3445840887,-15177.0841334922,-11915.281581535,-505.3766129911,2557.0254565154,9306.3102850402,-60.8066241834,-893.7781194994,779.2583521595,10424.5673016282,-42.2723873863,-3055.9426323598,-7647.4691406736,-2462.0551494368,15030.7198421988,17231.3643415319,-30635.0259957157,6587.4087678195,1579.7628679478,-1863.8414186086,-11335.5905682471,-3731.2889474128,-3499.8595897704,9401.3468074377,-14662.2166141304,2246.1087312905,0.7852478277,-1.660618425,-5410.1190106743,134.6194233948,-9399.7603726083,-0.341419969,-10670.1847166341,-7362.8000863752,-110.0354403864,-9553.5615685241,0.8212351903,0.2241961559,45959.7529887353,132.8747356175,-3.8977164637,-1659.0459289789,41707.3057877705,1133.4229156967,8.4038976236,7151.5726215532,-10723.4241404036,0.5064419526,-5775.7143902634,-0.8098845232,875.0686536171,-1.0163104412,-0.3834370435,-224.9407023015,4399.798682145,0.236465182,-1701.1867639583,-51623.794775629,10205.9215052275,-44.9700063985,-2752.4899317844,-207.4432497683,13595.1495238239,56968.7165722621,-0.8026524649,-0.9110533981,21193.8848490128,-20329.6861866065,-31038.1901745955,2.04682265,-0.4343426798,0.7627880929,-3220.5678303704,-2337.2400326117,4733.9593626325,-804.4462464674,1535.6158833921,2434.3638644971,-10139.9426460696,-15639.6347410878,-270.9784786381,9450.8997514526,-300.3397844291,-1475.6689701297,3542.766532515,-11059.1918078059,179.5905831167,10683.0982343515,10521.8169292982,242.7172085324,-0.2493327631,179.4389265461,-1631.3608565337,-5688.4735829431,-3669.0787850194,949.2610569674,12875.203913276,10207.0183463863,-5287.2129676492,-3727.8370652208,5638.6407927733,-6229.4034119476,7687.7029752299,-2407.9149784732,116.5397709565,-12683.7634569938,-27885.0029977651,11.0089523151,-35637.003784458,-38.2396999574,1.0643075958,-8862.1090324473,-16153.8004091439,-0.4086718088,-606.3702623834,1533.6993212193,-0.9249137497,-670.3452351609,-0.7741880086,-2.4129026357,-0.5391486685,-0.200256209,8649.126271794,-3.2813604686,-604.6665611661,-1599.0258137272,-0.9898194779,21803.7545419923,2806.8831651771,-0.3543489101,1960.7465039738,12305.1392852284,582.803002989,7742.8894308531,-0.3757684117,676.3973421793,0.9766464274,4769.504675598,-0.5346571536,3505.3485673243,-0.3693424215,9594.0532941621,3865.8827751976,-22085.1372376919,-0.2240098988,-5715.5859426844,0.8452276985,-5400.3813634569,596.4534161185,1.3622329122,-0.2157502424,0.1553111957,-2620.2243688351,-0.7888963634,0.3486798681,-0.5574948142,-0.8724446366
   16039.4368852537,-1605.5224633504,-30142.6044172558,1617.2650024601,-408.146370689,-10882.7583464376,1042.0934067356,113.8439928079,5392.6474697561,-12.278437342,-844.5745033669,-6945.5104112564,4014.7285525174,-12166.1910346395,-687.4838111027,562.6542901734,3030.3258322104,1066.1837287585,-12403.1902270428,5147.6112506062,4777.7684431367,23831.3596410341,8451.5281400646,3252.6640895608,-3532.8338080464,20173.3314277051,3283.3991045013,-16502.7863426478,15032.2227025691,-2989.405750319,190.9551357816,21852.2666759912,11969.5250613405,-11081.996264152,-5295.5351173646,49.4815878188,-0.1604304719,0.3367895706,-3786.1941020139,-15.6269198995,-3164.7533271975,16090.9846690667,28451.662922786,3367.0917424366,0.2994166255,0.467221523,-177.8642495685,1.0733777513,-0.1326715568,-0.5463784041,0.6410249742,-127.1205371288,28452.2346557567,-6881.8549380445,27384.7560849861,-32.9240358272,-0.6531097954,529.3746279308,-0.5229948483,3287.3444898891,-8.8430746564,0.8662146888,767.7891290296,-9450.1513808888,0.0305671715,-3309.6706460926,5369.8970198816,-101.5127627314,0.0936714057,-6376.9017226553,-1.4963765186,-5274.1279140435,215.8390562636,-777.5691967311,1.5893954753,-5801.8919666336,0.8172284061,1.6977609477,-31.2185102673,-107.715166663,1.1576349584,29.8127395159,1.2887668638,4782.5951919875,0.1695412426,-4160.7954277225,-5555.1372215902,5860.5286534808,10423.7431293026,-10407.2941476398,-21134.0801494114,-15389.8853628962,-7451.2934302627,2514.2346521796,3061.269077208,17237.7758610004,-3240.5563041538,1280.4819980463,-716.495535127,-9438.1913764511,14533.5563730767,-24160.732155656,8695.5318447062,7713.8895532067,16368.1842384853,1193.9279187248,10921.8865373466,9103.8291234848,-10867.4764667537,-1782.1557539453,-146.1997303876,-14931.4836988404,1326.9657571466,-1690.51026567,-18247.3894710518,2715.8721525622,4660.2764000502,2811.7412494276,-1665.0352166548,-27504.5400391526,3981.4158930021,4135.9512791244,-1.9528612592,5765.2526629784,-1628.9250383517,-23102.4657286057,-105.7817562413,1.2674729759,-6.8690989151,-0.3187975024,50.5087390869,3.50231145,-11033.8423753538,-1399.370377049,-0.1529030186,512.0436835532,-1979.3935393321,0.082174429,16286.6624284165,-3006.5984454953,-5155.7357605318,-10601.165733622,-0.758118138,4.8526437318,-9611.1392474084,19.9816781175,-2715.685204531,-1.1281174533,21680.0064995812,691.2010344257,-28424.6276499242,0.6792545468,-11955.08818738,-0.960875286,-18076.589817032,-651.2262699874,20.6881334874,-1622.0202504502,5389.5859112682,-15948.9846514693,-1.0572804878,7359.6287023017,-0.3352556458,28244.7623483229,-12136.4775574111,4120.2080032632,-11433.9204288557,2088.9195292438,-0.3432713553,0.5554430401,-6426.587932903,542.7891811524,-111.8147572302,1827.5031283102,-5876.2427051076,-3199.3778078327,-298.1811903376,-5899.814791514,-663.681882008,108.2518441001,2462.7456473301,-8866.7879266072,9706.5185218545,3976.5922564365,8012.195610572,-8760.3757287576,11573.309545447,-2130.4193088055,-1577.9436739232,-4539.8388383009,-5593.8163220323,-2283.5082219452,0.9520938564,10553.9573193892,1587.7574192662,-1802.7537402494,-3910.7921626856,-310.8704374042,-4633.0122051076,-9167.0078182276,-11140.1496222247,-5048.8486550469,2.899782988,4601.8685653333,3170.5508406241,6.4353730094,3.7167607622,12620.8375849798,0.611226287,0.3473292174,-1827.3572784227,10.0082688796,2645.1256158655,-8.4789562937,-0.1053674259,526.3434892887,-9089.4514825046,-6581.1457537837,-0.4817274604,-0.7841888303,-3465.5628458985,5622.9375716119,2646.4378778016,-24372.412305939,-36848.4646187216,-11131.2999275029,41072.9305413685,-6553.4791684923,1.5758453342,-1824.5804037251,4753.51036571,-0.2926311548,16613.5726460094,-17700.0488555808,7.5444591053,-1277.3999227272,-3823.8075564385,-29284.0064226772,0.497747066,-218.8358307176,84.7915829857,12866.4154846888,7905.7312986944,-0.9148391782,331.7660594155,14519.7227966689,12901.921201798,1.1981157327,-6866.000470578,572.2240344861,-1347.2985058095,2.1469416057,4190.6862004286,-1005.70437663,0.4556108918,10225.3409732216,5203.3263819504,2293.3841251575,4790.2425542741,8.3477282173,-9978.1053607752,217.2379784678,75.1498899565,-3900.925290717,4173.8378056634,13171.1018078685,-8167.112586498,-1290.7466100153,-452.2273975018,19.4053245728,-6534.2408799385,1442.7482462474,790.9300907285,898.675489113,2.6612724229,3974.1412766389,1900.4080247481,-651.9897633725,-11505.2801865691,-3803.0975374948,-2029.6092619817,2146.9430899871,-2151.2107934528,2972.3253921888,-10190.9297287553,2677.0059839895,1152.3076122941,2351.2530043933,-12.7718887394,-148.3546637931,11333.7219441236,-6.9365265477,0.6884887746,-0.5159780018,-25.2454490357,-443.2997105181,3526.2230490921,-0.3028468348,-1257.3071934144,0.8321123271,-1477.82688347,61.8481791152,-7311.2184417282,3400.6403602988,-0.4727160496,1688.6723646457,-4246.9254636671,-0.2887428186,-5.4235925854,-0.9393513628,-2046.4797912915,146.0282690422,0.0010903344,-0.9267129383,0.2936854361,-0.0045198003,3573.2433447486,18472.8517906296,-0.2689818496,862.7767743243,-31.8037589672,-3575.2732063601,18016.7386276426,-0.5979586365,-7057.0134385226,15700.1492125985,3443.5714034716,0.1275948418,-4429.8578693397,-2478.750747416,-2044.4399087157,-1889.299708297,15.4858236216,-10.2698896998,-25.3757095102,-7156.2184129858,-5588.8045034329,1669.3960919871,-0.6535515851,-0.3250136629,-1711.9563391908,6640.0233996654,-11630.5815605484,-3098.7675316566,-2219.3670226236,15525.1084456678,7177.1422573597,-29.9679820569,-7760.9061453785,3245.7791580112,3684.3703238006,-5292.0883678186,-100.6879648108,32.7652651846,15436.1431561189,5223.9217452903,-1726.4320930259,-4000.0580300513,3139.4419514445,-1.4243802642,2062.4715588197,-14427.3667065716,4503.3980728524,-4243.8004885075,6618.0598280768,1348.8334408064,1194.6612685825,4017.3640920353,6.6983408854,3873.1743313369,921.3162749742,-8362.3726659614,-23614.819649533,4081.2268466604,-12061.2135957356,1.4531031887,-0.430919979,-1.1642871513,-0.6926828176,165.5684959105,-4117.4291257984,0.3499580192,4515.8634826025,-0.0101332782,-0.5969824084,0.8695552908,-128.982817137,8.544067754,-0.1112857327,0.1490008646,-1052.4928883303,0.7239575002,4515.2225159477,4.0662431774,-0.0961024527,-21309.6509103796,-0.645852184,-1.0462219992,0.3012329376,-5.9875031564,-0.7242214667,-0.9492824079,0.408110701,0.299987873,1.0763617807,4600.7560481078,3.4927932418,-0.8151997281,-0.0330278612,91.5932511036,0.0530784177,2226.8691344852,1639.9721633907,1400.5852691927,-271.0615900648,2.0081634686,-1.2991421339,4186.1710795301,-0.3572230869,0.3364507676,-3320.4955932945,8.3211823685,0.6251412218,1276.2015043042,1.0123307287,12909.2947351617,-2.665309715,-9234.0464979166,-1123.4918506633,-880.5801706136,3529.9992617301,-2374.4484353113,-1666.0597257705,-1629.186561446,-12698.052532139,-11537.5923821616,13818.9964320687,-3028.5387577199,2363.9692633512,-161.0431863454,14176.6792648439,10471.3608536169,15279.8786635062,-1771.2341903748,794.8408142514,-5808.3754028369,-13635.7321758041,-4.5134875149,2384.4305249638,3289.2056175364,4101.6765196465,-19169.4090436257,14346.5118156277,-5090.6996660266,-26552.3079803282,-13608.1233709431,4526.1245889064,2.0641486956,6042.6481534756,19221.5491236532,13229.5173069859,4236.9110383863,-0.308349718,-0.6582671516,4570.1846040797,-50107.6309711071,1289.0423420972,-1221.7098034814,2269.8783941424,0.8372027665,-0.4939130543,-1273.5692761176,-2626.5123790001,-321.287802718,-0.327099251,-189.5657687353,2587.9682619465,-1221.407160569,-3.1569994489,7920.0242361206,1518.8114579801,-5755.8537888124,1922.2988316941,-0.9856965709,-0.4342799144,-8259.358185527,3.48689217,1814.7570926507,-7497.8221375557,5261.3145792145,-7486.724378326,1.6896444558,-30229.1517245237,-0.4621220188,-285.15108918,2145.5161737189,5570.9878390198,31765.7607418911,3254.6173598626,-5307.7918850166,11702.6299423661,0.5285878448,30459.3820431649,-1452.6571534339,-13154.7790560397,0.5392184855,754.678480572,-0.212847641,-0.1038419151,0.4248941134,6614.1671075358,-3240.4818748777,5191.1813490891,-0.3742994261,-9543.718605609,22378.2017511373,-2987.0804044864,-3081.3941875972,134.6729974057,-846.2806668494,543.4630311002,372.3867667896,-3494.6636760935,1419.7133507048,-9697.7911670837,-6553.3110792283,614.1496642357,-5784.5806746402,2392.9180495561,-8100.3458729259,2590.0067992115,-1791.4421773802,4851.1672890997,11499.0988748974,-4166.0884321086,9177.2524299746,-1695.918612791,9069.0385792855,-5.9865005211,7415.6759000305,5357.70084962,-13611.4637202047,4012.6643665208,-379.9871230106
##end
biasActivation=0,1,1
[BASIC:ACTIVATION]
"org.encog.engine.network.activation.ActivationLinear"
"org.encog.engine.network.activation.ActivationLOG"
"org.encog.engine.network.activation.ActivationLOG"
