encog,BasicNetwork,java,3.3.0,1,1425331045362
[BASIC]
[BASIC:PARAMS]
[BASIC:NETWORK]
beginTraining=0
connectionLimit=0
contextTargetOffset=0,132,0
contextTargetSize=0,30,0
endTraining=2
hasContext=t
inputCount=50
layerCounts=50,31,81
layerFeedCounts=50,30,50
layerContextCount=0,0,30
layerIndex=0,50,81
output=-0.0772814101,-0.068941583,0.3715550473,0.3001254187,0.4620984268,-0.7075889359,0.6393608965,0.2254132925,-0.0416087069,0.0424337624,0.0000006036,0.3340276185,0.0921767048,0.4058875423,-0.1012138593,-0.0000414589,-0.2805632314,-0.3220738053,-0.0658476907,0.2256534975,-0.1978466075,0.312559235,0.0418674298,0.2397814374,0.7012265925,0.0428288554,-0.0174663565,0.3483105121,0.0791997628,0.3732635014,-0.0890592476,0.3804487659,0.119946931,0.0950026001,-0.0000352648,0.256557721,0.3347540469,0.2112178903,-0.1332480767,0.0948692297,0.1468215501,0.1470338233,0.1177892759,-0.127649939,-0.3214759817,0.0778829215,0.4743909515,0.2934537626,0.553171685,-0.7277149392,-9.291849298,8.0746463552,9.5230459891,-10.23376441,8.374025447,-9.5566536672,9.846073569,6.5443577262,9.151358214,9.902849365,-8.961828139,10.593134249,-9.4888192481,9.7977950724,-9.4681275048,10.3062658279,-9.3727312005,-9.6994284553,9.3374454111,-8.8673330574,-9.3024151595,8.3354333956,-8.7256000402,9.9045393199,8.247168152,-8.8923382578,9.4684867101,10.0180316886,-10.3354143517,8.8650107314,1,0,0,1,0,0,0,0,0,0,0,0,0,0,0,0,0,0,0,0,0,0,0,0,0,1,0,0,1,0,0,0,0,0,1,0,0,0,0,0,0,0,0,0,0,0,0,0,0,0,1,1,-0.0772814101,-0.068941583,0.3715550473,0.3001254187,0.4620984268,-0.7075889359,0.6393608965,0.2254132925,-0.0416087069,0.0424337624,0.0000006036,0.3340276185,0.0921767048,0.4058875423,-0.1012138593,-0.0000414589,-0.2805632314,-0.3220738053,-0.0658476907,0.2256534975,-0.1978466075,0.312559235,0.0418674298,0.2397814374,0.7012265925,0.0428288554,-0.0174663565,0.3483105121,0.0791997628,0.3732635014
outputCount=50
weightIndex=0,1550,3980
weights=##0
##double#3980
   -0.004654235,0.0009513069,-0.0018791691,0.0043830492,-0.0012803982,-0.0026023585,0.0018799785,0.0011400387,0.001046076,0.002446158,0.0078455577,-0.001034963,-0.0009489787,-0.0031552897,0.0033279073,-0.0041541082,-0.0009343818,0.0015626788,0.0055744345,0.0050861241,0.0041708324,-0.0028541278,0.0012677639,0.0026575193,-0.0046740212,-0.0043169763,-0.0017632923,0.0015265611,-0.0004875086,0.0049146713,0.0378651236,-0.0070554188,0.0010489449,0.0025526517,-0.0062578306,-0.0012085745,0.007644518,-0.0008815228,0.004150766,0.0047632648,-0.0035161626,0.0102775791,-0.0066895891,-0.0029164595,-0.00128875,-0.0050331906,0.0022458433,0.0059106023,-0.0064907252,-0.0029413515,0.0014863293,0.0053025278,0.0019910867,-0.0019761055,-0.0075026046,-0.0042218517,-0.0016701593,-0.002606474,-0.0073782228,0.0024492628,-0.0045701234,0.2089970717,-0.007519971,0.0029170893,-0.0004180991,-0.0014520152,-0.0002150428,-0.0093735479,0.0090962708,0.0109420924,-0.0021858271,0.0017000544,0.0005461234,-0.0058086812,-0.0086311179,0.0009168647,0.0072577369,-0.0113777336,-0.0042031304,-0.0074675101,-0.0056543297,-0.0010227419,0.0127161517,0.0028751423,-0.0002931881,0.0013832494,-0.0002143654,-0.0090685741,0.0047322079,-0.0039862446,0.007968156,0.0064724722,0.1341882087,0.0026137441,0.0001418679,-0.0043938567,-0.0028498044,0.0059084939,0.0061393052,0.0094142994,0.0036666456,0.0038790995,-0.0037555814,-0.0047588813,-0.0036775302,-0.0042597043,-0.0019313708,-0.0023969209,-0.0030217308,0.0045111895,0.0008088828,0.002948511,-0.0045712882,-0.0032960825,-0.0081300979,0.0020674148,0.0022939017,-0.003129238,-0.0008822924,0.0028116831,0.007916232,-0.0041876156,-0.0010304187,0.1057760508,0.0023329976,-0.0019406891,0.001898944,-0.0068738406,0.003982146,-0.0025911069,-0.0029435396,-0.0020439367,0.008520196,0.0020852116,0.0045066157,0.0113701886,0.0050118608,-0.0022040378,-0.0024203696,-0.0018698632,0.0030484157,-0.0032590079,0.0058184918,-0.0013645986,-0.0084740599,0.0112018386,0.0076014604,-0.0050829611,0.0006155526,-0.0036271197,0.0046956764,0.0033802169,-0.0014276541,-0.0060308595,0.0801498806,0.0005044034,-0.0002822061,-0.0040346695,0.0127362862,0.0048176541,0.0035013889,-0.0068368443,-0.0012084331,-0.0065886623,-0.0007035753,0.0060416499,0.0101502342,0.0039324421,0.0051538532,0.0111346424,-0.0015029239,0.0092361371,0.0113533593,-0.0103400101,0.0030362913,-0.0071249661,-0.0020376174,-0.0012931606,-0.0095907631,0.0036946341,0.0135834164,0.0025852444,0.0017026265,0.0098064188,0.0045294089,0.1226560541,-0.0029516068,-0.0064621533,0.0038259657,-0.0086983734,0.0045850601,0.0002331914,0.0116120975,-0.0001386372,0.0035769415,0.0059158951,-0.0063338628,0.0036528656,-0.0123141174,-0.0029646042,-0.0021672489,-0.004597743,-0.0013547406,0.0000612781,-0.0015255494,-0.0066977814,0.0010591932,-0.0042053789,0.0079825519,-0.0015675793,0.0074692264,-0.002742691,-0.0090423346,0.003390396,-0.0019928625,0.0006895775,0.1531475464,-0.0048650409,-0.0063962839,0.008055783,0.0010694526,-0.0039261623,0.0051509717,-0.0037492431,-0.0069746529,0.0028210522,-0.0048560566,-0.0010194618,-0.0027059503,0.0021709401,-0.0063610878,-0.0076492432,-0.0014830197,-0.002656699,-0.0033308149,-0.0125797905,0.0000486474,-0.0143235178,0.005503134,0.0035921315,0.0117751769,0.0005071195,-0.0023359544,0.0000950459,-0.0017738693,0.0000575382,0.0094028321,0.1037770371,-0.004809669,-0.0018657347,0.0068425425,-0.0040389869,-0.0020737128,0.0033955365,-0.0051687321,-0.003060169,-0.0017272054,-0.0085107227,-0.0057182143,0.0039544628,0.0059131037,-0.0015425951,0.0002240013,-0.0027147244,0.0010676844,-0.0009975652,0.003325066,0.0002434137,-0.0003959648,0.0075763891,0.0012784932,0.0001115706,-0.0045786525,-0.0013636478,-0.0075110821,0.0023045998,0.0042347729,0.0024255225,0.0618650359,0.0041752795,-0.0002379113,-0.0113555887,0.0025202009,0.0021872613,0.0020588308,0.0003012042,0.0000241269,0.0010460744,-0.0125579805,0.004082528,0.0076331343,0.0111933204,0.0055219104,-0.0003243543,-0.0090522256,-0.0061376616,0.0070586634,0.0119100454,-0.0007777238,-0.0060426919,-0.010800255,0.0007403623,-0.0065682974,0.0076425564,-0.0073276437,0.0073612119,-0.0041223992,-0.0051388874,0.0097758959,0.129960298,0.0000007036,0.0000012721,0.0000007376,0.0000007813,-0.0000016508,-0.0000011006,-0.0000001635,0.0000005196,-0.0000000367,-0.000001601,-0.000001056,0.0000003141,0.0000006043,-0.0000013424,-0.0000003248,0.0000000058,-0.0000004643,0.0000008569,0.0000008246,-0.0000001427,0.0000022152,0.0000009236,0.0000001951,0.0000002501,0.0000003731,0.0000012319,0.0000004618,0.0000012072,-0.0000002455,-0.0000005685,0.0000195498,-0.0023392132,-0.0007653297,0.0020013627,-0.0066904552,0.0067185665,-0.0058216239,-0.0071838123,-0.0078704045,-0.0033815292,-0.0028899727,-0.0050081366,-0.0055281954,-0.0081849673,-0.0010035819,0.0019061801,0.0028254228,-0.0084282173,-0.0072307206,-0.0000594969,-0.0011858254,-0.000313466,0.0015090267,-0.0028671682,-0.0093127412,0.0041833598,0.0009883005,0.0019259733,0.000854033,0.0014148894,0.0046106237,0.0495088947,-0.0032184789,-0.0035803183,0.0118949309,-0.0021142688,-0.0024637243,0.001332421,-0.0080755561,0.0027242761,-0.0046454569,0.0015419876,-0.0101873473,-0.0027740935,-0.0039729576,0.0042295985,0.0010444211,-0.0061626014,-0.0090427872,-0.002762341,0.0098178563,-0.002048457,0.0037244564,0.0058645895,0.0130858836,-0.0125568157,-0.0002241198,-0.000724288,-0.0019406793,0.0061748317,0.0082239031,-0.0042271441,0.088232518,-0.0037302097,0.0019165168,0.0004703316,-0.0021004219,0.0068273052,0.00465589,0.0011031758,0.0021569919,-0.0029032377,-0.003265085,-0.0034418749,-0.0003358471,-0.0016597696,0.0043854413,-0.000697652,0.0031608204,0.0032757182,-0.0004302415,0.0054066498,0.0041388829,-0.0046584212,-0.0108202099,-0.0033870612,0.0030652987,-0.0078984369,-0.00843078,0.0075675276,0.0006995407,-0.0034996357,-0.001284438,0.1122516349,0.0017648361,0.0066583247,0.0123749996,0.0018477549,-0.0059446021,-0.0036841542,-0.0026978604,0.0001807772,-0.0047631984,-0.0115664096,0.0073388344,0.0020897241,-0.0061256674,0.0075779855,0.0068049008,0.0074652749,0.0042364645,-0.0001395761,0.0033029269,-0.0138442137,0.0059884844,-0.001119293,0.0101517201,-0.0031548061,-0.0099369369,0.0096030822,-0.0032809884,-0.0064828873,0.0008589433,0.0044160903,0.1620169386,0.0000008399,0.0000021392,-0.0000014055,0.0000005252,0.0000005418,0.0000016196,-0.0000004263,-0.0000005816,-0.0000013563,0.0000006069,0.0000007977,-0.0000012513,0.0000017698,0.0000003905,-0.0000005994,0.00000123,0.0000002238,-0.0000013076,-0.0000009856,0.0000011305,-0.0000017617,-0.0000005061,-0.000001415,-0.0000001675,-0.0000004554,0.0000001927,0.0000008061,-0.0000011856,-0.0000012336,0.0000004494,-0.0000130365,-0.0032719501,-0.0015750226,0.0028762257,0.0040351056,-0.0154702439,0.007506369,-0.0030458905,0.00574988,0.0026152943,-0.0021638303,-0.0059531607,-0.0131154107,-0.002018316,-0.0045493235,0.0018413946,-0.0071642316,-0.0045185928,-0.0095220164,-0.0054299337,0.0077526736,-0.0010529823,0.0005113133,0.0040092938,-0.0006835063,0.0087524081,0.000803401,0.0002373027,-0.007803506,-0.0074619876,-0.0170991188,0.2068554821,0.0018849166,-0.0047450615,-0.0053607594,0.0002009511,0.0037484487,0.0027998366,-0.0040789427,0.0052282251,0.0051781238,0.0027680168,0.0008909888,0.0043878633,0.006508673,-0.0028462705,0.0053863476,0.0031541545,0.0014743559,0.0002866563,-0.0026248416,0.0000596094,-0.005410049,-0.0018909745,0.0024634687,-0.00692489,-0.0045361118,-0.0016299939,-0.0042117445,-0.0014717703,0.007320301,-0.0051888652,0.0793716557,-0.0027923808,-0.0010672341,0.0063663378,-0.005032763,-0.0039066223,0.0036793203,-0.0048667082,-0.0027524757,-0.0021981967,-0.0076247119,-0.0047322124,0.0044552468,0.0038871399,-0.0024450296,-0.0003227237,-0.0028142645,0.0013160963,0.0006602711,0.0020242821,-0.0017703103,-0.0000683843,0.007089068,0.0012970903,0.000363152,-0.0059967398,-0.000359513,-0.0068318806,0.0035959913,0.0043318879,0.0028238228,0.0581027385,-0.0038179417,-0.006936569,0.0029841187,-0.0001255693,-0.0011376149,-0.0030066079,-0.0000644516,0.0022490344,-0.0042677645,0.0046029889,-0.0033923036,-0.0030584731,-0.0016183477,0.0069697444,-0.0052571328,0.0006372391,-0.0016783332,0.0044616951,0.0044677154,0.0052201741,-0.0024744058,0.0007583743,0.0057334798,-0.0004261097,-0.0060286669,-0.0053451003,0.0004341509,-0.0004302058,-0.005552035,-0.0095030611,0.124954838,-0.0015347508,-0.0015647153,0.0056432765,0.0065543345,-0.0036824714,0.0085723044,-0.0094067242,-0.0008219024,-0.001276409,0.003429644,0.0006936504,-0.002926564,-0.0058052438,-0.0062305686,0.0060337011,0.0017170337,0.0054104528,0.0054595995,0.0011756921,-0.0030174439,-0.0056977515,0.0022400619,0.0006767633,0.0042311401,0.0063031688,0.0009290902,-0.0003468133,-0.0054554616,0.0034091505,0.0048387301,0.0497562829,-0.0022626542,0.0058276912,-0.0004944848,0.0046689885,0.0021111531,-0.0039281933,-0.0013073081,0.0021181346,-0.0020138427,-0.0000327414,-0.0019396113,-0.0043821268,0.0072071755,0.0025085393,-0.0052105853,0.0041356468,0.0019657855,0.0030425509,0.0009852606,0.0001816418,0.0011820107,0.0013842679,-0.0048872796,0.0020154599,0.0052787182,-0.0029849589,0.0011167458,0.0054709424,-0.0018364348,-0.0007637221,0.0699305198,-0.0034097466,0.0007247858,-0.0009124082,0.0093154842,0.0009904922,0.0025524902,0.008208026,-0.0047217747,-0.0043714287,-0.0026181868,-0.0020457733,0.0061699384,0.0070174635,-0.000264509,0.0000259234,0.0029815642,-0.0068948817,0.0069200307,-0.0020927309,0.0006558672,-0.0020312585,0.0002625137,0.0017974255,-0.0089025232,0.0024267887,-0.0001360446,0.001305261,-0.0035785967,-0.0068678032,0.0018907403,0.1206244335,-0.0038737388,0.0113659694,0.0041511084,-0.002401352,0.0077874004,-0.0005818285,-0.0168788411,0.0012073087,-0.011045643,-0.0054412948,-0.0028057171,-0.0055465783,-0.0042964609,-0.0030612745,0.0023133422,0.0067686789,0.0013297222,0.0065475142,0.0093516735,0.0013487013,-0.0015617592,0.0150597302,-0.0075188336,-0.0020007006,0.0037388454,0.0069584643,-0.0022175992,0.0010268208,0.0002735735,0.0069164708,0.0633956,-0.002958262,0.001151476,-0.0008094853,0.001708921,0.008666639,-0.0129826879,0.0006574493,0.002125953,-0.0004955186,-0.0048751822,-0.0106431618,-0.0027460686,0.0026563545,0.0021673354,-0.0041310778,-0.0004299586,-0.0024350165,-0.0011906541,-0.010990405,-0.0128494375,0.0094255284,0.0057929105,-0.0035060733,0.0070492073,0.0034287001,-0.0122569875,-0.0021444669,0.0044988416,0.0043073945,0.0009797386,0.1955059228,0.0020846898,0.0022239617,-0.0027286973,0.0018352042,-0.004789977,-0.0020566363,-0.0032911415,0.0066901007,0.0096411586,-0.0057940503,-0.0017012607,0.0047651951,0.0020965456,-0.0013943144,-0.0063004322,0.0013071742,-0.0052458558,0.0006999346,0.0015035349,0.0032989085,0.0008988616,-0.0102700963,-0.007773631,-0.0026031476,0.0057057427,0.005839781,-0.0060161565,-0.0051990044,-0.0020263451,-0.0029481991,0.1058087569,0.0022507539,0.00266302,0.000278656,0.0021322877,-0.0017264445,-0.0007269446,-0.0024770463,0.0026022608,0.0075090843,-0.001937163,0.0012313645,0.0031997513,-0.0003014727,-0.0001040816,0.0039261173,-0.0016452737,-0.0031517817,-0.0046091813,-0.0021155862,-0.0002741403,-0.002816146,-0.0018241718,-0.0071258651,-0.0032469236,0.0001870092,0.003285001,-0.0070180868,0.0007285377,-0.0043541309,-0.0094243986,0.0233080077,0.0086000939,0.0076345095,0.0053303686,-0.0027891015,0.0048803889,-0.0056168983,0.0024061412,0.0050380888,0.0087599793,0.0024404526,0.0043600363,-0.0164018839,0.0013366686,0.0002113828,-0.0115028213,0.0019369519,0.0056523709,0.0104905015,-0.0032603111,-0.0076272594,0.0082589809,-0.0011748713,-0.003117094,0.0043301089,-0.0015190682,-0.00022641,-0.0000295408,0.0043513987,-0.0001391842,0.0002979189,0.223486337,0.0095454444,-0.0070101799,-0.0058104709,0.0051697742,0.0000470019,0.0058445739,0.0102207264,-0.0076573253,-0.0015346002,0.0085399831,-0.0010210232,0.0085126708,-0.0036552294,0.0034323891,-0.0035454472,0.0066111898,0.0017706583,-0.0023278324,-0.0042268248,0.0077324187,0.0088795574,0.0061338955,-0.0034829874,-0.0044395521,0.0024421124,0.0027688647,0.0001294312,0.0057998729,-0.0001007089,0.0020579731,0.0707781824,0.0004608763,-0.0169891823,-0.0086990341,-0.0021378801,-0.0063445931,0.007221847,-0.0045349055,0.0022436875,0.0085695674,0.0075080055,-0.0044458767,0.0084920534,-0.0057850639,0.0181228445,-0.0119443042,0.0083585747,0.0007035782,0.0005273604,0.0071191548,0.010131435,0.0041428756,0.0016341449,-0.000274552,-0.0058019399,0.0013936871,-0.0021869165,0.0034234163,-0.0056007625,0.0020897531,-0.0043912589,0.1818778438,0.0029138951,0.0102254699,0.0081637173,0.0078301014,-0.0068966018,-0.0015009614,-0.0011164143,-0.009242752,-0.0021191452,0.0175306101,0.0062181521,-0.0054494917,0.0072937631,-0.0122980002,0.006522028,-0.0006286483,0.0050860621,-0.0046214643,0.0105692404,0.0069706435,0.0119194879,-0.0086965159,0.0042771268,0.0023397253,0.002373524,-0.0140886009,-0.003338726,-0.0078328895,-0.0047394082,0.0063188499,0.2136104567,-0.0053514448,-0.0024673526,-0.0049214617,-0.0052941307,-0.0011646769,0.0116074879,0.011082348,-0.001597443,0.006355944,0.0105274484,-0.0052154547,0.0042968003,-0.0112124557,-0.005864742,0.0047673027,-0.0007945328,0.0083728727,0.0120903328,0.004426124,-0.0075276733,0.0017702081,0.0053787209,0.0017010178,0.010830135,0.0036894084,0.00827877,-0.0086652962,0.0050463699,-0.0006251298,0.0002942615,0.1475630554,0.0064963663,0.0118225913,-0.0018735468,-0.0055793254,-0.0092190664,-0.0069312036,0.0020686492,-0.0100428308,-0.0067778647,0.0062252515,0.0045219413,0.0000515962,0.0015185588,-0.0019847682,0.0010917009,-0.0003440113,-0.0013053191,-0.0021961825,0.0066037839,-0.0048486511,-0.0002736737,-0.0082177287,0.0053388205,0.0039003692,0.0076717493,-0.0028072838,0.0042559024,-0.0024834851,0.0040899703,-0.0060930376,0.1183513531,0.0098332316,-0.0062807102,0.003275862,0.0024488082,-0.0036015905,0.0045861198,0.0006517228,-0.000827112,0.0109540391,0.00419518,-0.0011044245,-0.010593288,0.0046469869,0.0026541019,0.0084763991,0.0044481013,-0.0052258927,0.002164223,-0.0014862097,-0.0000179921,-0.0009221239,0.0064387227,-0.0039901671,0.0082766783,0.0026097702,-0.0053398298,0.0030769697,-0.0008797008,0.0063523132,0.0036088648,0.0679872984,0.0000001379,-0.0000001338,-0.0000000038,0.0000008004,0.0000002664,0.0000011469,0.0000006299,-0.0000006988,-0.0000004751,0.0000005399,-0.0000006202,-0.0000004429,0.0000003657,-0.0000002477,-0.0000010251,-0.000001284,0.0000004934,-0.0000013523,-0.0000010966,-0.0000007223,-0.000000321,-0.0000007194,0.0000001596,-0.0000007128,0.0000007096,-0.0000001161,-0.0000004333,-0.0000018086,-0.0000004327,0.0000003466,0.0000045826,-0.0063477417,-0.0028042411,0.0020436153,-0.0085062959,-0.0013825361,0.0022577611,0.0141062291,0.0047078593,-0.0061238244,-0.0014932295,0.0028043539,0.0013406434,-0.0010198138,-0.0045391526,-0.0033317092,-0.0032250353,0.0020439197,-0.0042031447,-0.0064534258,0.0029357614,0.001616638,0.0042232373,-0.0055326887,0.0012118984,0.0037593171,0.0006861017,-0.0045153539,-0.002134215,-0.0026114459,-0.0025793489,0.1147517389,0.0000285045,0.0042356986,0.005713983,-0.0020096139,0.007266794,0.0039192068,0.0058554579,0.0000600174,0.0079634287,0.0023029089,-0.0005811214,-0.0100021669,-0.0074895932,-0.0011707321,-0.0079598632,-0.0068584803,0.0085549697,-0.0040320096,-0.0017569601,-0.0025341187,-0.0047324786,-0.0083542562,0.0053452368,0.0065275568,-0.0121867042,0.0061594579,0.0014335562,0.002004118,-0.0040236703,0.0073399889,0.1427633793,-0.0014500368,-0.0062868818,0.0056206534,-0.0080702881,0.0001641441,0.0021484494,0.0024644972,0.0024787034,-0.0080268948,-0.0030331476,0.0067878333,0.0061420655,-0.0052059374,0.0094580376,-0.0043904996,0.0045491787,0.0137823558,-0.0049748504,-0.0086833417,0.0134690928,0.0008684106,0.0010899626,-0.0078849196,-0.0033852102,0.0024447921,0.004252774,0.0078231227,0.0015691833,-0.0014543494,-0.0006261875,0.1233469975,0.0074521973,-0.0005439928,-0.0093816821,0.0013862737,0.0088402569,-0.010830526,0.0016228437,0.0030069276,-0.003228746,0.0011006107,-0.0121353067,0.0015248916,0.0073999323,-0.0104693888,-0.0025142807,0.0062733385,-0.0020878918,-0.0006197331,0.0018109396,0.0119314002,0.0002679496,-0.0069031837,-0.0033560263,-0.0042855613,-0.0004536937,0.0079497284,-0.0011560977,-0.0116178309,0.0027898021,0.0086788186,0.0989728362,0.0032558604,0.0018172124,-0.002944469,-0.0047936672,-0.0049424718,-0.0039594586,-0.0002960865,-0.0029147589,-0.0008592524,0.0050374958,0.0049788244,0.0031142838,0.0043568461,-0.0002615696,0.0021489772,-0.0024477852,0.0011839813,0.0016752606,0.0050310805,-0.0012084538,-0.0024938799,0.0014624569,0.0020199889,-0.0037718936,0.0038314009,-0.0040284217,0.0001475877,0.0032171888,-0.001786407,0.0025296445,0.0213691371,-0.000352902,0.0011252648,0.003547412,0.0041491739,-0.002681915,-0.0037543437,0.0073915325,-0.0069879409,-0.003375742,-0.0074333062,0.0054442867,0.0052106011,0.0021281356,0.0062701022,0.001680403,0.0027559223,-0.0046394256,0.0017014771,0.0028593147,-0.0080546446,-0.008052918,-0.0030232595,0.0028590145,-0.0013024284,0.0018571046,0.0058223992,0.0025834874,-0.00559363,0.0015616176,-0.0019404608,0.1114433409,-0.0050859745,-0.0014165436,-0.0046174099,-0.0030773358,0.0060379898,-0.0069533531,-0.0016444624,-0.0025693822,-0.0018286686,-0.0039079355,0.0099922934,-0.0068091538,-0.0029775325,-0.0084822693,0.0033848491,0.0023078512,-0.0072905484,-0.001197955,0.0034977738,0.0046816756,0.0003841146,0.0033503885,-0.0032921486,0.0027554232,-0.0048482222,0.003225234,-0.0023114911,0.0040269629,-0.0076668201,0.0071488134,0.0760423291,-0.0015391646,-0.0014302005,-0.0032021336,-0.0023455865,0.002190325,0.0063287482,-0.0033273493,0.0027223997,0.0053118892,-0.0004241454,0.0029947125,0.003968332,-0.0004718318,-0.0008767478,-0.0016041103,0.0028856364,-0.00366133,-0.0011506667,0.0002109822,-0.0031545736,-0.0026543818,0.0037420353,0.0009080338,-0.0039093133,-0.0010053804,-0.0057878757,-0.0001728003,-0.002062783,0.0030407854,-0.0053378399,0.0513979483,0.01218087,0.0071606216,-0.011796914,0.0001756383,0.0049766534,-0.0126391681,0.0071640984,-0.0024071971,-0.0135220737,-0.0021141133,-0.0064134884,-0.001582153,-0.0010458854,-0.0139072646,0.0093433886,0.0145897806,-0.0001204837,-0.0068736334,-0.0104528458,-0.0040121797,0.0047037723,-0.0034369421,0.0051681094,0.0070582502,-0.0064749597,0.0069370028,0.001202527,-0.0011766464,-0.0042251177,-0.0075867098,0.1738976331,0.0022966315,-0.0037964089,-0.0020115584,0.0129145931,0.0000676475,0.0011863714,-0.0088049528,0.0025169391,0.0024626113,0.0017972535,-0.0001646985,0.0036259781,-0.0143720066,0.0040037324,-0.0033735236,-0.010461701,0.0035104806,0.000973743,-0.000285351,0.0023816945,-0.0007404815,0.0075716109,0.0004911593,-0.0066037191,0.0052679729,0.0113633002,-0.0038513553,-0.0017523171,-0.0002273183,-0.013285177,0.0757601093,-0.0013541839,-0.0025273164,-0.0063619023,0.0068425817,-0.0020667344,0.0058291618,0.0090903103,-0.0029880278,0.0042415227,0.0011126072,-0.0005831074,-0.0036268432,-0.0031010316,-0.002237879,0.0042019986,-0.0056166104,-0.0003426629,0.0000662326,0.0126255846,0.0032657646,0.0036205492,-0.0068176749,-0.0030210288,0.0044010795,-0.0106865439,-0.0064658564,0.0052769417,0.0065547657,0.0008162796,0.0067143524,0.0858913038,0.0025805423,0.0014674262,0.00705386,-0.0005555614,0.0036062639,-0.0063174652,0.0067243738,-0.0040097988,-0.0004727384,0.0004897618,0.003962691,0.0037058242,0.0000168831,0.0017796701,-0.0048341594,0.0019378151,-0.0001674691,-0.0084697688,0.0013070603,-0.0032846991,-0.0082904366,0.000751198,0.0038655407,0.010121581,-0.0015939802,0.0100146943,0.0053386768,-0.0000675214,0.0046743277,-0.002600135,0.0445671957,-0.0018043766,0.0013267293,0.0056647024,0.0000835199,0.0037897166,-0.0024675387,0.0010612182,-0.0018775026,0.0012524553,0.0017955991,-0.0023319023,0.0007996132,0.0021798473,0.0012527652,-0.0040898949,-0.0027633562,0.0004794095,-0.0041856973,-0.0032680974,0.0036114442,-0.0061352671,0.0049626198,0.001304204,0.0040878451,-0.0020369524,0.0059880719,0.0057597872,0.001686507,0.0003769956,0.0010494265,-0.0089438917,-0.0033897614,0.0095572071,0.0007984664,0.0021409973,-0.0057752133,-0.0065172485,-0.0061704569,0.0024912962,-0.0007091839,-0.0067135859,-0.0075570529,0.0051287263,-0.0003161591,0.0039678982,-0.0056789574,0.0081093681,0.0054309449,0.0024788842,-0.0107134666,-0.0019768733,-0.0027424735,-0.0000538221,-0.0117248336,0.0051982138,-0.0045083906,-0.0113214357,-0.0048531778,0.0055150689,-0.0052227977,-0.0094050532,0.1962398308,0.0137361401,0.0034195168,-0.0104329908,-0.0007192329,-0.0036347361,-0.0024733791,-0.0081183569,0.0066084834,0.0010809255,0.0059098663,0.0003053194,-0.0049139654,0.0124288559,-0.0041897495,0.0019522771,-0.0059930494,-0.0064948735,0.0097222651,-0.0086853885,0.0018249966,0.008295274,-0.0158274951,-0.0019969249,0.0061506478,-0.0007488134,0.0025826931,0.0054296366,-0.0052796973,0.0099055105,0.0028898946,0.1022383463,-12646.2573669703,-1675.5746857623,-877.7617523394,0.7369921475,-2996.5789108948,3117.3507756395,4213.5881239696,-11015.1866207841,-0.2730402267,-0.2370610048,0.7776353426,-0.263483327,22488.9027371417,11724.618745445,0.7207550061,0.3899986159,3395.1057847685,-0.7501063324,0.3983269155,0.2744156986,-1928.1017837793,2799.4512281844,-2541.1484584322,833.1555878356,-105.324114056,-1.0309429393,28597.2419203791,-25082.834422006,0.5892000111,0.6489686131,-203.5160555105,-484.5942232157,4571.9544867724,16343.1477757443,-0.0841783147,-8273.5091709388,-21.1065385458,-0.7335145177,-2766.6003149892,-0.5447039625,0.692424636,-1042.8422437602,-9.0115325089,0.5213234725,7852.5409512077,10462.7823173882,-1.0030388691,-40270.8452475124,-8598.5675616499,50.4825105144,0.2327255133,14071.1639773059,7008.8094803639,6789.8187023949,-8160.9426515239,5893.2034985616,7476.223487624,-1498.9070617909,-0.6065286425,18335.7687430429,-301.5128766753,-239.088082538,-946.4439311912,-9150.2624100475,-29.5128235541,201.8732951355,18183.9629481695,244.2931900162,9.3789986516,273.0896304006,-12636.8810154349,3819.5701605055,7275.6594660465,-2583.5434961092,-56.5515315725,6625.7953136987,4555.8010002717,-6292.1139934959,-17744.1675896223,-2220.6961781126,1220.4358678255,28422.094758535,-2357.3486154425,6988.5101966205,-852.3443889195,5477.4302455044,16729.9412191933,268.9647943719,1.7297183994,3567.6360422921,0.6630153208,-0.255357892,-4222.5768591924,9.7022564142,-1.020304594,-102.9979147478,0.3004339666,-132.6693660651,39.3747972521,3568.8725543723,57.6920754242,-16904.8971458929,-347.5864826267,0.8607269911,-1.0508548984,62.6196185954,-9697.6042366479,-231.1568105241,-1509.0931273533,5164.1342271322,12.7718156049,2.4507432869,-0.5559422387,1.2882674824,-72.562256665,-0.0000510183,-4265.0343191914,-0.8732951894,1532.8393481,0.7057058994,15300.6749489754,-17.1370049043,1222.0377767315,-1985.6515856937,-2807.5935239569,-0.7168324904,68.8936896606,-0.0013244495,-40.5224221176,-3530.1788395988,-0.5622384548,0.5930390367,6678.1598684004,3979.9732920245,11720.48169553,5.3552191648,1267.6503779204,-46.2803443521,11995.376153526,-2884.6685376196,12464.3173942305,-802.7903247291,-5872.6486692383,-555.10822915,1283.927563456,0.7630156561,671.6435905593,3326.6355684127,-1730.3268464093,-1336.6202847097,8742.6177474235,-3.5771295432,-432.2160197795,1207.0974534263,-1816.0271578437,-10854.7432814356,-23.2116085915,1.3142073779,-5336.2165857143,-9596.4008736119,-6255.8243746502,0.8501530748,23422.9213471865,2744.5236071208,8556.3757039466,-1.8323094128,-0.4169581752,1.1691044781,-8376.7359475547,0.9188980892,-0.9515519065,4457.6116680228,0.215813495,0.5420517278,-26.6327866903,-1481.4060996073,-0.5205444931,0.208544036,-26625.2549460533,0.3498809035,-0.3390236801,-10056.1330503036,13130.9499009386,0.6053737222,4830.8327023299,0.939514289,991.8809153931,-9497.042202244,-33737.7904720017,1.6768675087,1393.776693913,-0.0359532332,5269.5521885368,8562.5100288726,-0.3592884287,-0.6401075507,-0.7670431612,11368.6072606184,-195.5311225744,1084.9199629977,1315.1460448404,29331.775167354,-5079.5535851589,-5578.922586226,-6445.7597368939,-1.3652636623,-5082.9692000447,0.0867320548,-0.8595915436,4847.2379432055,-0.2270200492,-2.9128778644,0.5097506826,1007.2333451883,0.4265282862,3176.6495792615,3108.1736752622,0.4655840437,-407.3825725895,-1970.3110139755,-26.1130869198,-1813.5890322253,-0.1505112261,-3914.1983371907,-7888.8171404263,-233.4753221721,2106.6085206488,1296.9638775684,-1601.7180728302,920.6095281958,232.659410792,670.0939921903,-2693.9277677117,3640.5131026036,10408.5149570644,-12402.6731603792,-17.9299856186,-2418.4409003404,-115.6050537913,2512.5163238096,-781.9777816319,-12246.4609213263,-1131.9903039696,37.7081314332,-14044.8748401053,-127.1213769612,-7015.5578444664,0.9451782782,5.9323857647,30676.5004991962,26806.3694702265,6.5873706306,-0.4057443171,-0.0890948007,-0.7662765257,-19.5716925543,2438.2396248049,-1062.0220089085,-0.1900284275,-22516.2656149695,-199.5862926327,6.9596256078,0.6521716044,6491.557337762,-17862.817079151,-4126.138649483,0.73879051,8312.0272042584,8912.134250507,5863.9402065373,-38217.9182669973,0.2372626613,-0.871179132,-0.7056237481,906.3455079755,4417.0763275198,-1794.50399589,-0.4879802075,-14613.7437017511,-1.007711881,-13419.1294860844,-867.6567149431,-9753.0378471625,11793.7719079211,-28.2852382083,-356.9640047605,-133.9880854953,2037.0599315508,0.4632412091,33156.164684135,-1965.1764619119,-230.0432674046,7501.7057593233,-0.3363050198,2817.0563976748,2025.8169522039,-104.5272611479,-0.4013139905,4631.6690098507,-4150.4956004737,7235.6780784223,16638.4423606523,3386.278730515,-9710.2609578167,2149.8825970965,-1351.0841129027,-2147.6207102028,16669.9829542243,11.5195376027,4319.6789729622,490.5925573942,9849.7655475776,761.5696078409,9272.1534079985,-85.8433701782,3858.6164739582,7595.7892982702,-19.6025932532,-1156.7947875796,2010.4103489161,-573.9732738984,2426.8885653463,3479.7272283361,-1834.8292651187,-3016.2585949199,19024.7802291905,6664.5243507795,4917.2451856423,0.0267279008,-1460.630275464,0.5038990779,-7382.9187824289,-31173.9780724882,-0.485296283,-0.3227694602,-0.9246648741,0.4594084473,0.200506334,0.0000631437,-0.124314977,14.5826781047,10699.7862254818,-31174.0903028175,6692.3617530596,-12922.4466361463,0.7444363143,-9145.8680562281,1.0052541093,-0.2093646155,-0.3779397629,2468.5756317243,7356.6085945428,-15333.4827612304,-17.2831077444,-4398.9287691012,-9728.3642211658,-0.9251446259,-0.7608287392,-0.0728924761,4308.1039779396,4075.8840403406,-1.5094545128,435.6034081948,-5.5305547147,1.7872674178,1262.4804258871,-1394.54632301,1279.2728708578,0.1278151396,-1.1064632368,-0.4629936277,4316.0041869034,-1.1954560607,-3543.5503293636,-0.4662879661,6349.8416111199,1027.6402767118,-4397.6646653948,549.2350117618,-3591.621950319,-12702.3886079154,8432.8544005963,-5863.5166491754,-6107.3365469857,1357.2597511893,4.9710040694,1798.1766722678,1302.8158686778,-2132.4981924678,2116.3512394322,-4233.9888999034,5330.5218107446,5281.3385915491,-1144.6178893496,3124.7253154821,-2564.8136420476,28.2635224116,-13089.5438628461,-21.984981351,-2127.8748263062,-2854.7131266014,-834.7366776138,-2133.3287086784,-5544.1559454304,21.370587085,751.9449942563,8246.0736509077,2306.4433995679,-1873.8570981882,1715.5891968092,-21178.6303592563,1420.0919988307,2248.8186981059,2028.1997863258,-1220.8674366224,0.3935019985,-0.0540111108,0.6561214096,-0.3765921847,-0.4087719958,-0.001592207,-0.5672649275,-0.8684922596,2029.1819148433,-1836.0432519617,26461.3641525184,9197.6608864608,-783.6719375567,6740.4673832905,2.3109016543,-1.2903920945,-0.2996876428,-6807.4523836427,-3559.9863974409,1.0906170934,1730.5950885655,0.9183394291,25.5956950761,0.3425210645,-0.371357424,5930.2353884155,-15070.6793026491,10.3622213544,-0.2388453757,0.836481141,-0.406764283,0.0249574649,40268.0323626987,713.5791399434,0.0903042413,-9585.0737694077,-0.8432104632,-5938.6351937816,833.8297580384,-0.9366322437,-0.4147843376,15947.0409032631,-4866.5831474655,3967.7461376001,572.5672712193,8772.2572747692,-4003.5055334933,3056.0394325348,-12097.1345904869,27.5440636346,-15.6799014188,1271.82301161,2727.8621323549,-9140.2313365159,2906.4433278486,-61.7483859688,20045.4894371787,985.1024101214,14334.8072954751,6.643988647,-1899.0696493865,1.8927564135,-2335.9683596701,-12103.7477572164,-1892.4797011864,-2801.7098097488,1630.2117617898,-8466.0749296133,-12900.3656468196,-7660.1107599662,39.7081931628,1698.3609480819,2841.7411663775,7540.0063767764,2876.9527050088,3.6842098205,0.3150167415,44523.390473029,0.8240501678,-3396.6433097235,-2311.0745231228,-0.908651597,-6076.0056494677
   -936.1496848084,-2407.8823922853,195.2226855705,0.7459128887,8.2780868838,646.4199965662,-3395.2187148964,-21199.9827050092,-0.4352996359,-10207.6588419553,795.9980418126,-17742.2878936168,1903.8824562362,-1593.1214279865,-1505.0251648056,2729.9209225497,-573.0380075597,360.9041896728,-1822.7429162211,25495.0928247518,-3159.3459232814,19527.6354150811,-0.5152118685,19452.004309067,2282.6926491211,1.7244823568,-28493.4742556637,-24678.3544856343,4983.6676185689,0.1610169974,2.5910219408,-6042.6916209515,-7954.8050660359,125.0518914797,1463.0349736028,2537.520668837,-14224.7051762476,-0.8166852975,7.7549643061,-5462.8587752411,3636.0117385754,-228.2057482391,5236.0208541408,-3366.4979421859,1797.1088681861,3548.1489636947,1.767149068,-2.7959463985,-5600.8790407091,3156.6735501143,-1097.4547542971,3788.8131103513,1626.0335505993,-2982.916966902,-5075.1414569432,3.3566593922,33.8894741058,-2.132927545,-3004.043453351,-5007.940530014,-824.7450502999,-1223.8577323577,-1683.9895755345,-9726.345571002,28.0252036214,-5613.3765281844,-6202.0669289702,-7897.1120486264,-1399.688376487,11450.4465051332,-1165.0443448897,-2111.2665350855,18261.8117902444,-1998.6670276459,0.2119449253,-1410.0426106985,-10.5704925818,2298.6188618268,26870.5088309174,0.4993902305,-0.1599735652,-1888.9146935875,-0.4450423539,0.0964498675,-0.4773098664,3445.9310939585,720.7066234161,2297.3076989119,0.2308961189,-10001.9784068341,5574.2985224029,4425.720630995,-2101.7723552222,2.3712759933,11.6553100937,69.3752377816,-1155.1013613871,-14585.8130670775,-209.4843518534,52.5061354434,-671.072407641,3530.7127129658,-9008.7266800226,-0.8212436046,13033.6130200047,-0.9334229451,-0.4382141114,-0.1470527441,-17569.8413095463,-0.1003185489,1093.0391797801,-25.3775028612,-0.8350411145,-6.4343671158,5812.6911135389,-7860.6722028415,3379.3377693692,8.3941613002,14620.1552241372,-0.278140176,-3027.7426040916,3370.8105301732,-12902.42794358,20737.5890893259,4930.7849211788,11563.6292427081,-5026.2965772061,4335.3993053556,-6841.6048635114,-304.4614170491,-3789.0303859267,5589.5599474698,-1803.9194169002,-534.4573142165,-0.6173327369,-6564.2158653129,-3013.5502065852,-614.5391535087,-5833.6002154547,-22.4918872215,1364.6493120474,12318.9654033734,-3189.5711168214,-18.2903431105,11360.0603587257,-5630.9103390034,3394.1274917459,-2824.1558351745,-2844.3612635468,-890.5373491751,-1.0225044074,5283.4295059317,4213.3148006201,15642.7441136046,0.1443776194,-3750.4955393369,-2241.1741300043,25456.4511863988,0.6067364357,-0.1949804188,-0.5551031792,1552.7739345173,-22097.3238329824,-0.2855751946,-3194.9440626585,-0.0196697108,1.891665305,-0.7300663565,-0.8293664993,-29542.6890008331,25664.703893198,-0.6499018528,-0.3083069705,1288.5824001919,54.7582962505,-0.6125741983,-6341.6234130547,-1.1481241669,0.6450991091,-15.9816416739,0.9185101228,-11950.4931785175,-8.1989658449,-0.2305994657,0.7620334047,1555.6328460791,0.8058765037,10880.451403106,0.2981951844,-16891.4010835312,-0.7511213824,31712.5737786941,3460.1543209799,3570.0699560914,-2964.3860647341,-2365.5971970935,-1885.2093683002,-16554.4312645013,3892.3061221133,-4231.7246944328,-0.3511522476,-5629.4002214849,-1415.396451992,7283.8848616024,1.2881997848,-2696.8984635582,3431.0843932277,-284.0361138724,3576.8303804283,-1223.9624020997,-5158.6440011124,-2.6560560063,-685.2630296498,14881.8306962752,14.6136913979,2216.965831853,-1547.8837875086,-12.8509269831,-334.4081279793,0.2477541643,-1.1130285398,-652.5699217868,-13492.7818059345,-2210.9258193025,9.1494822828,1.0990618141,-4716.3699627002,-6374.459815156,-2160.6240370676,3.0450360422,-8608.4050184813,-5066.7345727444,1.2218373784,5722.8183692461,10.2053400623,-0.3544543518,-7.6490432503,5900.186610397,1828.4332432306,-0.4847564245,1.1796386981,-0.4655205129,10211.0741421531,-0.2933860616,0.2250923976,3442.1964617239,-0.5618012255,0.6795745092,-5650.7258760075,-0.0375163262,-5484.4107139594,6820.7680365166,4299.2656339351,-33834.4579365676,5768.99169786,-1714.8956147418,4919.6486934701,-0.9673955659,-0.1263811642,-3200.0471287756,0.3021380043,-2520.7957849814,-14297.0850934097,0.5777311489,4.784338393,0.6885947578,-19709.6111761102,0.1695675813,9976.2730917384,-2391.6686295551,-9197.4091680293,1286.7556170768,0.9858400005,154.6478056958,-3.8527066919,-0.7277768937,-8.2739155564,7579.7162687774,-6136.3976918527,0.9762155341,0.5567958172,-0.0024926485,8088.3434562933,3198.8514761059,236.4995215776,6792.9924020256,-14611.6680449883,8650.4667401878,2122.3701802407,1207.1185841746,-2726.4991294881,-3226.8879637126,19.4736725947,-4.8661800193,835.3546131194,2850.9829830279,-7369.9888074915,-6508.254564431,-1477.2475422057,36.2956464015,2879.1160237899,11122.3412445059,-1487.4609991694,-1505.8513591522,-18929.6788510692,-1768.1144218015,1459.7791908595,4287.7457467124,2186.4857884819,10138.6496020444,7585.4001082031,2388.8457500952,39679.7652051874,-11668.0950288817,196.2195998907,-0.9598153649,8912.4096614921,-1.2873457867,930.2817004517,4636.6135407909,-0.2810398411,-1.9648438522,-0.8208814111,-0.4330913602,-0.4558466209,0.8441567283,15.7215047671,0.1596541984,416.1663321436,0.1525392941,-0.3726857315,-4409.5502326906,0.2435897806,1492.538727939,-25959.0674428395,10.9517990869,-0.4869968947,-27.5159557345,2376.3630287026,-979.3069279434,-0.5808431416,-39.3940011106,-16743.2196957259,-0.8271446954,-4046.2579536223,4.0551002163,0.2495337836,4856.1491055987,-2.7675745968,1161.8020624265,-2685.040589976,-3037.3367075595,-1240.4195789498,37633.8701668886,4350.6580712403,1.321489253,0.0571334162,1.0015322653,17507.8456772556,35387.800463616,0.2863933653,-4557.6597104881,-0.7050664989,-27.5799474244,-11213.6804069267,-2292.4676380753,2448.0678056037,-5073.169216673,1720.9800976129,-5367.6919103452,-223.7916554576,-34.6902629627,-2570.0944377522,-4091.9225713436,3470.8228713925,-2270.9233338776,6093.3892773515,-1647.4018471231,13154.2976756213,3.9517558013,17.6237913176,-3002.5858350923,-1583.5968886087,-7255.7093753776,-9131.916684702,-8390.8762304519,5352.0835024685,178.0798255876,-2667.0032633509,-9211.6709081019,7.0581498524,10611.301872096,5065.2662633845,-26217.6491983848,-2301.6401023238,-9022.1658989743,-4172.123983294,-0.5689395213,-3440.7074230154,21575.3829929926,0.5632658022,-2307.2068220585,-0.774511721,-0.399381535,0.275365063,-1115.8231506423,-1790.9156856485,-0.139684932,-0.6461285363,1.7470766575,-0.9465057461,-2307.448380028,0.3424807598,-0.0013960037,46982.8032596339,646.6970343253,0.0437713175,35030.0774057614,1.3708672631,0.2021959906,4926.047576546,9831.5046701049,899.8513533041,-0.5164068888,1.0620310822,20903.9266343443,1.3186146456,0.9075477788,5687.5462995058,-10796.984450937,-0.7234573987,0.7389256402,-2.1448649377,27402.0296146643,0.6710434681,3428.1293656025,5642.3528943079,0.6345168276,-4855.0236857464,21998.504443515,-15042.661261718,2544.4379038881,-0.0259337056,-0.8523503887,0.3814408467,-6400.7870843048,-18.293291021,2.2394374269,6409.5973443028,-1943.4880579624,6637.5567473907,3022.0289122034,6076.1139909023,-2174.3699170985,2979.9479324415,28.7195471661,156.939726928,6342.343503103,6527.4286297025,-64.6386558777,-0.5570282626,-1014.1348725325,-4844.0109441335,-127.9655941632,-5318.7867978055,-1053.5958868222,8330.3899356709,2753.3775682205,8093.0172282708,2356.999752535,-2119.500660259,10009.9813959009,2294.5214985356,-8528.6932534968,-10497.1038365508,-6972.0738836534,124.0216898734,2.4549233992,5373.3650221044,536.0245443345,2435.7838381858,-21556.4490530456,0.2315470128,-3295.180941774,-0.6432625487,0.5858322395,0.6527870897,-0.2721752103,-1234.8773367539,0.5411031366,91.2740611162,5.8541934957,-0.7143010529,-10599.1587227961,-1219.3465695227,-4781.9397065931,0.7039851786,27.0382267202,-1689.350724171,-0.4579045935,31330.6414213312,-6711.4149346498,6756.3233503174,-2814.9981497935,0.6889926325,1682.5605560825,-0.1053480893,-7397.9784980523,-0.6096556238,-1625.4533815415,-10.5080629417,-1655.481898839,-0.4506239798,-133.1237364669,-28057.2513537342,0.2308698735,6095.7540950646,1456.9104617028,5666.1393024226,-0.0889226183,-9957.6782228172,1540.9584669675,4.3058868155,-0.342499977,-22.3311850574,8673.814232691,-4099.7368057986,6692.9981645968,-41.8880630755,234.5668045721,-166.8202340803,-1563.3235766931,-5644.1835982251,-3028.108925081,5153.3653170744,-8242.915090995,937.2441555639,3436.876224925,3.2593979498,-1041.114057418,8927.2161986428,349.4307904844,274.0457817369,-1254.3282429232,-5911.8318379489,-6364.4758824665,-13359.9457745877,-2019.8059749119,1.2312310124,-0.4400298233,2604.5241223427,2759.560290499,-2246.4469395269,1184.2975067593,-8.266024006,4.6445896039,-2.4984455437,-2906.9752107384,-1.2327772946,-2307.2988662188,0.3794764904,-1274.0867005362,-39.1809536815,-34.3643390457,2748.5575231425,-0.9672761062,-10282.2562637337,-33717.9837071453,-0.69460372,834.9621832565,-0.933464683,-5405.0577670223,0.2698567976,-34.2289316808,-1959.3876759758,0.3514237061,28219.0204004603,3947.9248344548,0.9025311747,9903.3494184423,0.2491827269,-8011.1715881469,1729.2200980711,2.2982154611,36.0138143576,94.7181988239,-1811.7230645028,77.2172187991,9107.9006128976,-0.8114307421,31124.515780551,-1042.1279705973,-4.6022448902,6.2473166944,-6.9482859693,16884.3165923104,-0.6914210634,0.7786767166,2310.9783082386,-10729.3687194807,-0.8791824311,0.6671335518,-25215.445117142,41.2545453703,141.4905603464,-0.0262023175,3966.676404446,2348.7729569319,203.3377718103,-1574.9919770279,-298.6639917707,2131.0601053748,-2639.1950566936,-5321.7282075607,2.2292564013,11893.9821896899,12519.4210075236,-2925.2016640948,176.5388733348,-6895.2285345628,-2196.3435027129,-10.5236346753,5336.8318828869,-2601.2715534921,2838.1476627234,-2507.6391616085,-268.0626227309,1222.0228430324,-11118.8053489165,-3.0816395084,-6798.8263962012,12398.2744654106,-15.7710305682,3707.877679339,-4191.4998840025,6140.3632165541,-127.4652360161,4666.1441958508,6.393415903,-4.0535250509,4738.0716638228,24.357811588,3326.302964699,12.768028863,0.3932334056,-0.1246813431,0.0500283985,1.2214855724,35.1322916773,1.0507476447,1515.7988767307,0.2775765445,-95.493522865,-1.1404590908,0.5733012345,46.9238869985,6382.7961988096,-14260.8122603594,-962.6370725169,0.5304060437,-15.2592945611,11311.4479478555,19875.7728603248,-0.1825718559,-5673.1040856309,0.3520433746,-8276.1836498146,12167.0589273315,-5697.9932270024,0.3636111529,0.2045011172,4669.5136238461,9983.6041784427,4612.3014604874,-8570.2995292582,0.0989252743,-0.8328763659,0.9254762823,0.9769909027,-26947.3354084318,12730.0376814271,-2.1017665985,16116.3705810736,10327.3155780586,-3.4329030022,-23594.6968817892,-0.4887067472,2714.3204608525,-11410.8354468535,-5854.4537930054,5894.9175231267,3823.9983292436,-3362.8090653883,4975.5629216251,7520.379259078,-5210.9719368546,6851.2769563761,-11636.6216115318,-755.0480176951,-1934.9206580037,393.2669886498,10639.4660076088,5010.2865396115,128.8142344431,-7399.6983345381,-3.2613151468,2749.1811750203,19192.6071959815,-996.1720942234,-2457.5427307983,4167.3327914638,86.9842678775,10.253570446,333.343951675,11118.6752001344,-9098.720640058,-326.2269314767,0.918124504,-23409.2728417349,1068.7753308896,-19684.0178027709,-4963.3136052867,0.9248738508,632.9765796855,-913.8948842838,-8961.1581450813,-281.9004609178,-0.1408327779,14651.5232937896,20837.4187063453,-0.715105017,-1014.523063028,0.6704422713,-700.6135339056,0.1611612,-8961.8016643652,0.4503208645,-2858.6215709515,40030.5254940652,5846.5806437907,8988.8068328691,5613.1348842714,0.9384010637,4481.6222877959,-7851.1304379598,2942.7689210606,-7860.0889726568,-3.8445528736,-6704.7862309461,-1.1252831355,35583.9854348252,-0.4108949326,-846.574737617,-32182.2571428683,-14739.8669579981,1.2719950786,1042.9984255461,19030.4740559377,1.0180049512,-12661.3743122126,0.5079506254,-0.1941938356,2307.1588364244,4792.0524148647,-23657.1047855265,-3400.3381678626,-3090.1224455548,0.9566442875,1.6217905701,-3829.3874977703,104.9366173659,-2066.1679484835,-223.2296549342,-758.0354263574,3.8662755977,-36.0918400077,2636.7482703485,101.9297181378,1524.3858903663,13700.3871275949,1269.1812072129,572.7805890861,-21959.8441466284,-6358.0098975186,-1767.1211790646,-3214.2132620381,-87.7871926029,-1547.2024263963,16801.7198244916,-7763.8532367306,-463.3743047556,1928.2572134562,-986.3034300786,-2066.3885944533,7668.6070874683,3643.0090381925,-8724.0492034584,-1724.4091655628,36100.6428320917,-3603.5923555723,6239.3424396601,0.1229484077,0.8096764164,-0.301359946,6607.4326978339,-154.9239373099,0.2780260998,-8385.1577264229,0.0130924077,-139.1251639207,-2.6902118597,29.2770471795,-1085.4917017801,-0.5469833721,-2295.8502434596,356.551223672,-0.2429680827,-0.6350499224,0.2382584679,12137.9593578619,-4105.7299011027,-1.0161225145,0.0857189461,-1.2129445437,-0.7887948658,805.1779542879,-10.216449611,-0.2817505514,-4283.8077674764,11.5230103829,-646.8710777561,-3025.761974087,0.2111674275,5542.5216751891,-23114.3879701471,42950.9388460863,-1.5978085434,85.9420164838,553.0051409258,5121.0476151779,0.4270928268,-0.3321601959,-1126.7091212911,-651.2551268654,551.5635015682,-1645.7810926142,6945.2474372279,-6.3884032042,0.1561846391,-3752.1502030655,8190.4864561047,-142.6524338912,7336.3896365958,-3095.7888401181,9054.7373389227,-5986.2563873462,27.5405954776,-78.8051344705,7978.5463418725,9652.7631795483,807.308604301,-4457.002549304,0.0057922976,-536.4086202114,2776.5099045259,-114.4763727119,-436.6439391815,0.0698523649,-4079.6132482447,-5147.5472027481,-8288.6857362666,3207.9070517224,-899.2168152727,-13149.5974391149,564.1977691498,-2992.6997870138,-7559.0973444737,4705.3381726569,910.1992077271,-3568.8396523219,-971.7542482093,-5877.1264290982,-0.5938027852,-13.9271389047,0.1079790172,16891.0147201167,1276.3924876718,0.614971059,-0.2308560974,-0.4496602049,-2694.3489131399,-15.7568967724,31007.2499639521,-6238.812488457,0.961186611,-1110.2640227449,-0.0019451568,0.6657971121,286.3731955914,10.3869274219,7709.8596452708,-6.9645156215,-0.1289013036,3.491940494,-0.8183018662,-0.5280876245,0.390373509,-1005.8096254002,-0.0393111759,8.4881836056,-570.9968968035,12.4217797342,-1352.8449038211,-0.567952177,11373.6187409986,-522.0479786087,7000.8945722307,85.0761701896,0.1520567554,-2693.1896343948,-8623.8928956022,-179.5360686955,0.7814899602,-2708.4029201361,-8600.4831542358,10156.9877353151,-28911.4687379655,1652.4564704652,0.9971683742,-0.2932381327,-442.8925776509,-11906.1637281821,-4076.2948452965,1386.1812362676,-1893.1605952138,-3474.9061101243,6196.536716469,-2619.1627877822,7634.4070987815,-3286.9833949607,82.1328450384,-1714.7643928767,-6219.9954894126,5068.2250838675,-3863.6102650797,9919.4055410031,5367.1500795045,3708.7716102136,40.7318472905,3279.9690853917,-476.0590115561,4131.2239316975,4485.8962538166,2108.6169926542,-8509.7924544129,32.1774670921,-3906.7069256977,8583.0104570215,-13514.5946217727,0.5967350195,1375.4472094374,442.0357379901,13.6456394409,-1562.8918981067,42051.6405550442,-1.2060850474,1181.3376580052,5234.7841525268,-501.8479610469,1291.8778063846,-0.3365127483,-0.5267643508,-2.9752930079,-7743.3791022837,-3309.739490562,-0.7214120444,0.1428210028,-1.3025367561,-502.1665968646,-6.1967548241,537.7598667708,0.3283232964,-23637.8668961209,4.3242278228,-0.1477503163,-91.9470829587,-26898.1080715459,0.4102668241,9129.6923095945,19014.6614892145,6634.37065774,-1031.0363704655,2247.4318621176,12902.3837818254,-0.834563664,555.8564896307,4.3439834432,198.8051569407,0.4320392466,33315.3601247626,-14334.3478446374,6.0168564042,16964.690152297,-503.1760246614,-0.2001067371,-6894.263127944,0.8543796125,-433.776812438,-3050.6008866658,-0.7676532649,0.0584393049,-2748.0478833519,-1598.4082264375,-597.1611942716,-2312.1674099092,1843.8232049114,3111.4391967243,-2457.001408755,2598.4618124069,-1359.7993788074,-2362.9881921561,-0.7191586966,914.6515388628,-1252.0303160015,9849.8461701022,-5834.920674996,-201.1289410857,-24.4191128484,-3018.1702499386,-2107.3447747338,-5127.7854376495,16.0999385818,278.2684620177,-2442.2186838328,-1515.3401735244,-6.4933121812,1119.7771102107,5102.8255571521,2132.5912320785,5649.8910960311,1692.7845362976,-429.1744883911,-0.8305325794,-4602.7213045082,-4756.6809957081,0.795336383,-1181.724448666,6187.9324875042,13223.2274898362,-0.2160430608,0.205425805,-0.8117778971,2.7474844921,5615.8716170915,-0.2676938479,-2501.5086535082,0.3272225007,2492.2179717431,-1.0204777595,0.2939234347,-29.0897500431,240.4946168173,37136.3787815618,-4894.6715486293,0.0265593988,9557.1215637046,2498.1406890209,-2131.878299272,2014.9624423502,-18.9825014849,0.6893105686,0.9495441514,-6717.4843475584,5157.2305758603,-15853.4017927616,-0.6028889141,-20197.206059459,-30.6078438363,0.3367944922,0.0597996047,-9769.6940213416,5565.4660431441,-14193.8036159955,3852.8550695407,-29.4794859907,-1.2644027492,-5848.8811158638,37269.9762540555,29201.1855389216,-2.7934773492,0.8796405175,0.1460783462,4442.2915167069,-6620.7387842827,-527.5858483299,-6848.8480397205,2591.6564173989,90.0547226155,-777.8721128762,10417.5402036327,0.0418692057,-0.632311123,12526.2107077189,-13859.923448098,-2815.860594654,-8771.3717109319,-3232.9064976888,6843.3202305981,1.6987172197,-1150.3850030419,12712.0105229684,711.47716647,578.3284229518,2679.1200297934,-10283.3127112416,8715.1480630713,2337.443909067,877.9871280109,-5036.2458619857,-2432.6052043753,-3259.5905828708,-4406.6405892199,24939.0292681289,-3044.8977408603,-3492.8175660855,16198.8149238654,0.1965277285,-290.9665510437,1099.5523340429,167.2500275978,3854.5434750515,10302.7406866968,-0.8055100739,-1.8907997145,5931.6006645994,4558.8021376522,3321.4137274521,-0.4527248976,4437.8763164483,4.5455853042,3854.4141967121,-0.0271831654,-0.9551086924,1424.9309681133,2050.152711166,-2108.447518319,-40.9838019256,1.3369842468,541.5932034097,1800.2452439712,-532.5551235493,-12483.0745380373,3053.0023696628,-2240.1554418623,-0.5270531809,13.8610304654,0.0951559321,-224.5534541796,20222.4971061817,-1644.4056456936,0.9132437444,-0.6567990425,2318.4751787397,-453.2740846501,-27333.2764697373,0.1295555884,0.333220315,21558.6057350754,-0.1265924627,11101.6428503307,-6985.9321657836,1359.2373239458,0.1424693727,8117.861954541,-4628.9743199647,6238.9007449546,-2.6912605346,10320.3011858543,-7712.0572824665,12379.7139350885,-1.0288166902,3418.2244998555,5803.5836853572,-7408.000907416,5770.2696474706,-14.4891122331,2321.4800108064,-1.9999504573,9888.7638373857,-0.0779562041,-6.2050769477,6.8767200417,2035.5739440527,-2670.9893461248,-7959.2381492733,1897.5130445045,995.1650138824,-12445.8847358751,-1756.6539324231,-10520.0535408883,-1268.5918756338,-18415.2579960387,-691.5096010284,-1399.6416090519,-18785.9928288472,-13.9620544453,-7073.5338464561,-1101.2064868019,-0.8441111343,-222.2157033463,-0.8563526502,-2064.3967770353,6563.3676980575,-0.1715522527,3373.8651659858,0.4224773389,30.0516877829,-0.0527342097,-0.3018599834,-3347.9875058871,-10497.5358516834,-2063.1848909047,19782.4415437728,19294.6869029519,-17558.885190728,-6.517792538,-4723.1514300144,4.9333343218,9.7384204224,-4570.878239341,-683.6793839488,2.9242749575,0.8483059388,1464.3654020247,-0.4484780963,78.3594383449,7805.6730952939,0.0414632766,-3565.0791862135,-900.4338466554,6498.6311250871,24164.8779478641,27422.6230290079,-0.1233745938,-328.3911025145,-40636.0607703333,367.3893042717,48.2609249852,-4530.6728555176,740.7117352943,853.5619763345,0.1203873562,-0.3806037477,-0.1196016015,70.4398904279,6850.2260139857,2852.0298715294,6678.2792436772,-852.2205241143,948.5850176893,452.9285389136,-39.5218580469,-3.763167233,1298.2609708826,456.7235697241,6922.3025039817,1137.5509159827,16990.2139226596,-1.3246420598,-300.3622671008,-2813.1660815137,-240.0794397048,3711.086524749,6129.594078326,-1861.4826857415,-7.646644255,6847.5108514744,-2954.3948060898,489.4606994647,-51.7321430423,0.834499675,-2.2086583618,-1266.8920378903,-3783.3884625916,989.3321214862,186.7926612878,5313.9913221654,-6836.0339746259,7330.5019769287,-829.8682444988,-2997.8193133542,-23969.8369660042,-0.4735776089,9860.9070516583,0.5130775423,-0.1684529058,25.3699967086,-21462.6126211209,14131.1697940695,-0.2274892472,-0.1727206919,-8777.1457222277,-0.5241196844,-13515.9104227385,-6685.1339736441,-7674.5584334756,-2424.3281092891,7217.0734773842,-3732.77498779,7687.190937378,7127.3247133886,0.6633897777,-618.3606978624,3073.4375777264,-1.0705696161,5947.6202416218,0.3510192279,-8162.4599792121,-0.7424353976,-13330.4836908027,-4.4606756391,-55.668264162,-2.5466118701,8915.738585523,-2961.2200108552,160.0690503759,2949.8294452384,-2367.2545885495,0.8134246376,-2711.1593558243,-2431.06956973,-2092.0857602673,198.069064564,-71.9743326623,0.9574039693,-6598.3164157459,-4645.4746284115,20393.8045204524,-6082.9713626378,2631.1906306397,1920.9669076972,-450.0375870405,2131.3250118063,0.5806315104,1723.673844635,1217.4099916436,-1775.3306833055,-2503.2755813903,-10594.3352860041,-9139.58009778,-661.4297173618,-912.6856558246,-18449.9165604072,4737.5512887929,-19377.3363332143,-7695.4380089321,-3387.822003314,1458.5398459287,6.4778853225,-6866.8180467225,-4202.6791516298,-9312.57161053,-6599.5117561244,12.521298395,11829.9531376818,0.4324788792,-0.9924039821,3377.340737282,18511.4891762907,0.7239067142,1953.954151589,-10093.8743384478,199.9109955756,0.7149470501,-561.3210507565,0.1414532821,-29642.4242538489,-4762.9588380089,7035.1476646434,-0.013622453,0.6774324301,0.1867969342,1889.4091785008,-0.8658963511,-3486.6740497169,22530.6621091917,663.3524419577,11761.7762928317,-0.0032010023,-1474.1396100645,-13276.06731463,-4187.3577570719,3.0320209036,2345.5835997148,-1264.3924987511,-0.6071800061,418.5321031,-0.4991711692,29695.148941645,-0.6783407503,-2830.8557412365,101.9738939754,1128.8688659529,-0.9022618972,-0.2906606201,-0.5398096744,-14366.6697598987,-0.5080138014,88.0348926308,-1853.0732402684,1.2598414089,0.3322115614,883.5939352361,-0.7175946102,0.144477847,-0.5741685141,-4735.2651458923,-3298.1670541455,-2318.8044157585,17.7162545352,-2446.6940042143,-3201.7236470421,4067.0405073624,4218.4305068792,10569.1398170984,3346.4956423625,-3068.8068663817,-8176.5362837197,2954.0685336099,-1011.523214635,-3021.8328022407,441.7527157146,3996.0105408927,4596.2240815743,6894.4711605286,1.2422972697,-15979.0854936979,11108.7588934175,4487.1504675135,5488.0731758686,3630.0031220232,9734.721721892,8175.2720641218,-1068.1624560903,1.5797369154,175.7872026609,-32219.0966702069,0.7023336421,-4837.9163447868,0.7953606259,-31608.87471224,18868.2827831401,3962.7382457726,1769.1765256315,952.3795773276,-4793.5312775656,-0.1066392261,1647.8767083981,-1323.1747131971,0.6024798207,-0.2673151564,0.0027661401,-0.9853912842,-7905.595603043,951.1582295845,-1513.5510266005,1232.0170990695,-15268.5879688878,-24903.0592703245,-870.1682915872,485.8459013161,-0.5219979742,-6720.3947217756,7999.1699895952,8858.1528931025,-0.0805847716,-3122.2160687862,5042.0525202,0.2147960013,-3676.1157790752,0.0398370793,4728.5469114222,11399.3304909952,18978.1520875642,-28.9994510905,-34821.0559850611,-585.9208091347,-13411.3520325585,-4906.1155928583,19.2367613405,411.3290633117,-6683.0504057523,2780.3907251305,-10902.766166996,-0.0378970618,6801.8852245971,0.063200236,-19198.4570373447,9103.3974243412,5676.9549778969,-1312.7281550424,883.2441526251,4279.7542676475,-340.2894302777,-634.1797852282,2951.1564697194,2128.4531332851,2955.7873932686,1271.3139890601,1675.4156521585,1257.405086572,13.4875078033,1179.2874269128,-1.7192199972,-1.5542634348,6534.7205797474,6.5506767929,-16.3744948219,7617.1012657902,-4663.6067668152,-513.7353926585,-14146.5359406319,-12223.0645192526,970.3757190991,2463.4098434931,410.1381346197,2.3925354851,-4033.8961537379,-1198.1718391606,-801.7137298224,-8.1125554609,0.647492744,-10316.7824846622,-1.351690747,-0.5240288205,0.0753003011,1.6215857239,-0.8443914853,-6578.8215119651,-0.1770191692,5.0477853207,-0.251122242,0.933625303,5308.5489731104,-0.6551556537,-0.4780220191,35683.8009836287,-0.410322093,-12714.9409564784,-31163.972459156,-0.962741819,-1544.7856474504,2711.7141422787,8211.8419050009,-7266.6143156297,-3088.9658895144,-0.1033834402,-2285.7961052519,5092.2687556419,23584.8588083559,1.2091646382,0.9977330195,-2923.6180140608,-2093.3015332899,2335.9603798599,-75.9397728653,0.6098801083,10038.5547960249,-2791.4834688784,0.0895146173,0.8809402632,-12.0475757601,-0.7277909384,10646.0835646262,-9822.4043212903,916.6949905993,938.7935253772,-0.688283965,-37.1456561773,-4800.3452883768,9169.189215361,2767.9290239229,4334.5270292604,-8724.2848477302,5780.8864109887,-2.4021544043,2205.9526286135,2555.402260414,-18856.8980008864,-9860.9289923751,-0.5051476312,-3653.0355800716,1148.0546847759,1614.1162547534,-32.6133476408,1373.9151016345,226.9283452976,2020.6808714442,271.6407159815,14.6776760668,-4963.5235830315,-2240.5505214232,1863.7841980485,-2120.7476302747,38.5148602689,-2272.7887057167,2836.1069911923,922.9253664375,413.0765049678,710.2937245991,372.5367279598,1450.1955541306,-0.5769007747,-0.3297663358,-3364.7992843652,-139.0836636346,-6292.0926031938,0.2131211396,-0.9073483302,-0.1125923402,0.4833959632,3.9009123999,10253.231239357,0.5672487437,2180.851134534,213.0423765167,-6291.6613541742,-3440.9418850503,2.905574251,20411.331145493,-7438.5983430808,6116.775788537,82.6430282666,-60.7070180987,4837.7151133534,-1.1916175339,-0.9560822224,0.2935954921,-618.930990283,-526.3478081459,0.8959710781,-0.6786793519,0.3991451087,3143.124758594,959.825323403,0.0671016907,-3199.1818614649,-25063.6761998655,0.4120978446,0.6934190634,33583.143697279,8.3989214453,0.716753746,79.4858347796,-0.1835992675,21956.690582358,482.3212684993,18.3565180673,-0.7172276357,-4600.5104531782,-13150.3930096316,5925.1244920255,50.5849776217,2217.2232779393,3366.3037722936,-6997.3411763511,-207.6239546973,1818.5204208956,-3812.8244438109,1051.685760486,4681.8913634613,3124.9507912559,2966.0298827413,-2923.9444422692,-1286.4891129877,-2612.5214656849,0.1947000559,-8608.0756504712,-414.0695922275,-343.4963565163,3518.6578210133,1280.7737529404,9100.4388823785,13.6792584327,-4609.4820540142,-3306.2152889385,7571.1064438342,-4114.0737370563,3266.8143162675,-6977.9514312158,24477.6453403329,1514.8242489678,1414.0066125681,11748.8658452804,-230.7999250585,-176.8321073785,719.6480737171,0.1664217751,-35.5623066131,-0.2369451964,-9388.0096779125,0.6467773143,10.7274315573,-2301.7361806557,-0.5609154303,-0.0875679699,33624.2616905343,-0.9787121303,0.8821098974,-5602.6232234148,1.4821539537,15.0742361825,-337.9572349472,0.7552779854,0.2095072828,168.9894109278,760.1136251385,0.2893663899,-0.7165505254,0.7790393822,-22682.7302456655,-2883.3765044614,7796.594150663,-0.309996392,-3582.5441077316,-4.1141887352,1.0604993302,1606.6951913064,1522.045877741,-3865.4209191275,-11568.2009288097,17226.4772369802,0.0651418939,-823.161073614,-1.2548290824,5999.270012642,2412.0937026791,1341.3608458027,-0.8984775897,-0.1299200324,298.2884321694,5959.7239674674,-102.8590374327,-4.358801753,-563.0581028899,2656.4429337824,-8257.8364712154,7668.7791787776,-12138.2325415617,-12906.2501255306,-454.3690272704,-15258.5889485646,-7.4789945361,-1576.8354508536,10733.3412544744,-3106.4739575238,2968.5030728718,-15.2515854347,3118.7198563192,-12521.7614539077,-202.6514874859,-186.7495475316,5524.2296245401,296.8115581378,-289.6500429632,4722.7175978439,-18612.519771528,2400.6165156992,-7660.8589344686,6842.0850015573,-5836.5779641067,18.0063485564,-4430.5251759589,5888.8408618936,13.1879739577,-1.165803934,-22304.0160977157,-4944.8160516805,-5592.4537027221,3.6206520149,0.0744806661,-0.3709463242,-15073.5303733652,10217.8476519508,911.6263129365,0.8654207965,-0.4967770583,-0.1036521799,-5591.5267327962,4.2434262871,115.3906938641,-4978.9411146367,-1501.6453430301,3447.3056093703,-30755.7925597671,0.6300433529,30577.6601902194,1294.9251102021,0.7296226815,-3969.6454389202,11.5361554561,3356.7517514028,0.9185021342,17084.7680099765,-0.5633481276,6283.0228201911,6886.2367286036,-6694.4151589675,1.9143972681,3835.6795041433,0.8619206237,3024.3804292071,-9582.5152930763,4540.0768637564,-0.3516001192,9564.9142661239,0.3536492434,-2840.7296140426,1.7993424156,-425.6476175155,0.5512697015,2396.3161935496,-3949.8567831778,-12370.4975909088,-1198.6600855119,-6265.4913439434,-15880.9302312758,1405.3086823242,4244.4168474331,3709.4751114415,29.4330365438,-97.0751961561,-97.0421546753,484.801644309,9218.5751726488,1125.2449849626,-7586.3953270602,2006.793816265,45.8016926288,-4008.950084341,-1648.7795319616,7386.2077297013,2775.6045116455,11415.0132205104,-86.6907901936,-206.182649549,7682.3552052517,-1477.7513001994,5181.1499800964,2264.7432062324,-7.5716260616,77.3573954481,9075.3015331072,16590.1383393098,-0.9902470475,35264.0738865578,-1.4727620699,-1989.1982364865,-16297.3282789609,-40733.4931954049,-19.6815604213,0.9123370848,-2.1821515642,0.9986176715,235.0790115941,-2530.3582732551,0.0542228529,0.008174811,5204.3775438614,-40733.5189671308,8165.0934397742,4763.0891497594,-0.1932589492,-189.9374382348,-0.6003491472,-17341.9630429317,-12316.2346999944,-1705.0120112289,-223.2814775572,-1850.9044354474,-1.0379604058,6471.0838555059,-2370.1357000222,-1.0540322647,3492.1973800137,-0.2327162626,-3304.8058131563,0.7327903591,0.1153570754,-1427.4088207859,15671.5735669044,-3150.6815147299,0.2287519214,10610.6474306998,2674.6265094831,0.9984565117,8.9439436369,0.4049583997,5579.4239363665,-4372.0221498989,-14125.9666474667,-0.5359136674,0.1770595472,13877.8036460832,10438.5557590723,436.6609387732,6114.3791589177,13910.693823927,414.0442432314,-5888.2358840772,4895.7428266947,3097.7740402897,2891.9017245355,561.3275528476,-2380.3166803796,-2774.5446091014,-980.5948549655,-8567.3751647402,18232.1539237271,3.5508278425,-4636.0358392704,-0.0515731907,-2509.229853652,-2203.1273571718,-993.2344116661,-8748.5958466189,10223.6504436519,933.0392034094,7229.3358851403,2311.4383906343,2207.3138450527,-10590.7154610309
##end
biasActivation=0,1,1
[BASIC:ACTIVATION]
"org.encog.engine.network.activation.ActivationLinear"
"org.encog.engine.network.activation.ActivationLOG"
"org.encog.engine.network.activation.ActivationLOG"
