encog,BasicNetwork,java,3.3.0,1,1425320706738
[BASIC]
[BASIC:PARAMS]
[BASIC:NETWORK]
beginTraining=0
connectionLimit=0
contextTargetOffset=0,38,0
contextTargetSize=0,14,0
endTraining=2
hasContext=t
inputCount=11
layerCounts=11,15,26
layerFeedCounts=11,14,11
layerContextCount=0,0,14
layerIndex=0,11,26
output=-0.1536219496,-0.000038625,-0.0526705732,0.1849935213,0.000070553,0.0065326942,0.4716965999,-0.016231628,0.5295339147,0.5600320707,0.1023634382,14.7583412388,-15.0950189962,-15.1179278074,-15.7376390034,13.353732036,-13.5274602706,-13.2808943065,13.6421180384,14.646317163,-13.2817094695,-13.4770591248,15.5366593334,-14.0713556747,14.7337134945,1,1,0,0,0,0,0,0,0,0,0,1,1,-0.1536219496,-0.000038625,-0.0526705732,0.1849935213,0.000070553,0.0065326942,0.4716965999,-0.016231628,0.5295339147,0.5600320707,0.1023634382,14.7583412388,-15.0950189962,-15.1179278074
outputCount=11
weightIndex=0,165,529
weights=-0.0187000144,-0.0177464369,-0.0146801485,0.0014053147,-0.0037126889,0.0141274201,-0.0251239705,0.0055418326,-0.0026391804,0.0024222347,-0.000931318,-0.008396031,0.0013346446,-0.0261672366,0.0791159488,-0.0000010113,0.0000011851,0.0000007213,-0.0000022787,-0.000001015,-0.0000013506,-0.0000014409,-0.0000015321,-0.0000011606,-0.0000008284,-0.0000006136,0.0000001703,0.0000018877,-0.0000009231,0.0000015245,0.0203558961,-0.0001311729,0.0232475736,0.0017378292,-0.0041308779,0.0088000183,-0.0011535071,-0.0033411769,0.0008663013,0.0073266652,-0.0082313722,-0.0090009708,0.0024397546,0.0016559954,0.3516647682,-0.0081955778,0.000751406,-0.0071882394,0.0007705883,0.0095014422,-0.015957905,0.0007899459,-0.000702154,-0.0063387633,0.0160164895,0.0099911733,0.0018474942,-0.0119067118,0.0101103977,-0.0069281217,0.0000007302,-0.0000003276,-0.0000017923,0.0000025201,0.0000005705,0.0000011027,0.0000004408,0.0000024064,0.0000019386,-0.0000009693,0.0000024105,-0.0000004335,-0.0000010581,0.0000021834,-0.0000013818,0.0245111839,-0.0162711641,0.0150551369,0.0338435711,-0.0011437857,0.0009144742,0.0007903194,0.0000709272,0.0019356076,-0.0010128659,-0.0004402178,-0.0011603034,0.0012023566,0.0002237398,0.1804825499,0.0018796612,0.0342442731,-0.0030768243,-0.0016744679,-0.000961507,-0.0187948229,0.0116651657,0.0011714248,0.0061334451,-0.0062354311,0.0245425735,0.0070033008,-0.0145261347,0.0180734308,0.3641561851,0.0205568564,0.0383596835,-0.0171722552,-0.0113767205,-0.0333211779,0.0040102672,-0.0066775228,0.0142145306,0.0138061212,-0.0062281704,0.0041069467,0.0223051832,0.031580471,-0.0221506713,0.2319964568,-0.0320246401,-0.0266120818,0.0091944589,0.0052120404,0.010457418,-0.0041405223,0.0167966593,-0.0105870443,-0.0009482826,0.0003635743,-0.0190388985,-0.0088400997,-0.0083423922,0.0083006829,0.6531153719,-0.0070504585,-0.0205704666,-0.016164886,-0.0007053281,0.0165890276,0.0032115305,0.0042220794,-0.0175772596,-0.0179270665,0.0047158105,-0.0189679964,-0.0007809118,0.0078404899,0.005661897,0.324481274,-0.0225139454,0.0143124264,0.009303828,-0.0303962728,-0.0026287984,0.0083347321,0.0017502823,0.0143417824,0.0047827637,-0.0161186644,0.010412143,-0.0141909777,0.0022557348,-0.0023745337,0.4318114677,44024.4549646624,0.8116072655,1796122.3393195753,-1664814.275502975,-0.101785568,598727.6288637243,-604733.2258692291,-595237.3191418762,283224.0147705872,-419039.1192697368,282239.4465899232,-39887.8103007564,-501535.0736743856,-112411.2687507403,-465282.4036397031,634036.8579897642,103447.9547130668,-20021.0305036595,553811.4445378308,-316716.3630496453,336267.9320757319,-485567.3250208501,432923.1049945581,16179.9909383682,-115769.4250840658,-640.5534199774,-2737851.26102027,-0.6894311626,-1903496.0698795896,-100439.4137090593,0.2841978435,3101760.953851251,-105368.2189264206,996129.1708068616,2900961.8192381747,-687937.993230223,2250859.2322650696,-70727.9431078247,686606.1511893234,-89263.6439034332,237584.7229375532,-926553.2868243499,39335.2724091189,29892.9534492278,-627536.423130813,135449.7180034878,-182921.5800233708,-59219.7642836995,-285621.9642770514,-258489.3953201964,52554.5755169294,-78212.159311835,-274293.3157704513,-0.3307212495,427884.1048021223,266174.3185439513,0.3774734997,-1225039.9643355755,-288180.3301160578,-380033.9170563322,2274443.422589497,227062.9598426274,-1302767.359118277,-15492.2762751797,534053.6294000992,-31919.386985155,-251048.4231641193,310788.2973218578,-16601.152801849,389984.5604372281,154108.9774364082,-170680.0967804929,80372.9575609496,153845.6156219785,-511180.6027767081,-138056.7649937862,33490.2261468118,-7891.9192621844,582155.2582640046,0.0797672453,-2762048.1461087884,-3547520.6116965753,0.8222115453,-588711.173632886,179024.4459253201,256133.6346391914,4641906.628773445,501539.9645370644,-1245164.0887854958,79460.9928781941,268284.5267107469,43641.3013514991,453547.2190143999,-760673.8063806223,-81883.3264678544,665766.0405816429,305991.4981113531,223458.5379308333,595951.050494717,221429.3418391518,92482.1791929394,-15938.4891431378,256812.0140789191,168973.6343232888,1853167.664799007,-0.8079702044,3163785.9270414407,1332058.7196022342,-0.1212353619,-3331769.412950559,-87634.9495084661,-1544701.327351399,1145275.0487002148,-1032968.1913561029,-1888598.0883636144,51720.3976726844,-1396810.583318471,-2015.5958619354,-588708.9201474943,238290.9518449547,12527.5173251749,326903.2842171528,1216755.76836471,461664.4745293166,138216.6480268345,-611002.5287689656,403476.5040487699,-13369.3047599456,-116550.9259440198,37820.3717294716,-2078165.2015225969,0.6493677214,-610093.3893593301,2209622.007874924,0.1160261821,-346428.9095196328,-923410.795679317,245391.0185370187,373545.5412354862,505234.513017538,2105408.755296182,-32414.8457914608,633188.7366556502,23524.2613799152,508120.5382406775,-572278.7161704915,17115.5935112129,124256.7693012399,-468831.9472333777,-234088.5658353865,771628.709650027,566230.1820101237,-1056118.1603799532,-91794.0320357691,-56107.9950558344,-10942.0973863485,-766677.3185490284,-0.0063796699,-2380747.349310921,-2779660.5655978536,-0.6841252415,790723.0941207156,1030724.7768573423,-751030.884024743,-1042753.6728054738,1325052.3465920796,2687048.326134526,-132534.2876811061,936591.7810111316,47359.9616113665,415005.4731653288,-1509380.5280165742,-45412.16221118,112502.6485531965,-1007911.7390225546,317884.7177180307,-84680.0830071077,395626.1838193684,-138314.2948506716,-118053.3316314196,101730.4947748151,-39245.3208412174,1637329.3995519874,0.6879651568,-70337.9002128082,-24389.0865917383,0.2727817369,1705152.6976414444,-1032122.9618087489,71717.5697272204,1985046.904535739,351805.2018910758,-1562675.8195993009,24249.1188591559,-423255.931525968,60171.1861095532,303190.0818263079,353737.8375016649,-67125.6022700701,33532.8225317727,492759.9916303257,3670.412712245,94101.1065771017,230566.3266858232,353738.7159667095,-56221.068674827,-78112.4704425817,-11367.3281155059,-324137.4217709798,-0.1374787783,1257165.709425423,1461631.1720448774,0.9034879534,-1749548.540346953,3607864.935188401,-1150555.515192974,-1604789.4740346344,-171589.6301133652,-1342989.1716951763,6982.8668028383,609566.2003385703,-54674.6157995679,-276976.5414049851,657806.924667514,-7124.3775064319,149809.7427247878,592065.0479089642,11589.1101518184,-583270.1273510116,-369044.6332313393,-292829.3483823597,-86552.8906712555,-156335.2336105769,-148921.3728851013,-1112185.809766508,-0.0184082625,-3636516.077657393,1685436.2814743344,0.8939427927,95200.1410062437,-430614.2204547148,362847.6340125923,2513749.945426943,2261737.3831865094,557159.2620045706,118793.4035762392,961375.3890930938,69773.1042260254,300464.4622413612,-1003769.2198565123,-119668.0168026149,210994.9643808781,-723561.5547523989,-134433.0280053686,663784.9972566726,977128.3050538547,-879536.0124288435,-27338.4452568454,9030.3882972822,-41633.0955131654,-1408998.3081181678,-0.5276849113,1953643.7669330246,-70379.3034323302,0.9937258332,-2699547.4848222844,720566.2232805965,-1964910.851282363,974235.2177803558,1408813.282026244,833641.5452703753,-152656.3470282108,-63832.8270580632,-90119.1245167354,-226375.7847231035,-52982.290628366,29895.5810343892,237949.3104381471,-155242.8404494126,128847.4258789948,354276.4767976303,44592.9484229028,-42234.8997478963,178379.2304008119,130643.167478006,14190.9791467498,1462793.59757672,0.6403715603,-648630.0932487599,-5657150.536110289,-0.3371035972,2649255.185082655,919236.9046647903,322041.9722921188,-1088649.714889556,-1154398.0534959831,1137516.5947326885,-821.3940493536,61093.614654386,3900.9298993502,718749.0913719207,-336001.9653718305,-27772.6739381499,1012434.7778429291,-34990.4727757582,-831531.0696271806,127464.0747751886,-83580.2811396253,229824.6493734918,65210.836347568,-109221.4728498057,-16250.0309019791,-79923.3436987101,-0.3961814263,-4267733.965982189,-185797.5470290282,0.0779477883,6029738.754776221,-289756.0081728778,1352969.3786711567,2476084.224054022,-823733.8711021609,-66411.0930822626,89762.1687450874,-212670.1013133891,14822.028420285,375607.6790779926,-1189743.6185075091,-47756.5708319325,368467.7614468594,231619.726298018,548065.4687783727,-438070.966674651,12493.3000589926,612696.8424129223,79877.9945364997,45282.6598360365,123188.5377698955,434896.8567419095,-0.6192016814,484640.364829634,-2000679.5741733173,0.6209642752,3550514.6797850993,-2646909.2099557016,1763211.8357634335,2629621.6140311006,-1857860.3388140139,-1241756.582999549,9012.1934406952,161059.8016712004,-51087.0585788224,-304753.1485740222,-72831.6409290629,6254.3337058821,-230950.445687158,195728.1536264554,647574.1863903719,-610970.75886199,-469812.7627951971,365555.3513374103,-34508.2726801907,-44092.0549460349,-178696.1371993884
biasActivation=0,1,1
[BASIC:ACTIVATION]
"org.encog.engine.network.activation.ActivationLinear"
"org.encog.engine.network.activation.ActivationLOG"
"org.encog.engine.network.activation.ActivationLOG"
