encog,BasicNetwork,java,3.3.0,1,1425326770503
[BASIC]
[BASIC:PARAMS]
[BASIC:NETWORK]
beginTraining=0
connectionLimit=0
contextTargetOffset=0,38,0
contextTargetSize=0,14,0
endTraining=2
hasContext=t
inputCount=11
layerCounts=11,15,26
layerFeedCounts=11,14,11
layerContextCount=0,0,14
layerIndex=0,11,26
output=0.706764076,-0.0000439286,-0.3901371033,-0.0093881082,0.0000335532,0.0641672129,0.1367807083,-0.0047201665,0.9354812967,0.8694749191,0.1394882842,-11.6476879843,-13.9540129067,12.7323369211,-12.9464160292,14.0809537943,-13.1027228296,11.4561415543,-13.2647911652,-14.4310332539,-13.650950141,13.0775575763,11.6400848602,-12.5790010908,-13.2190700779,1,1,0,0,0,0,0,0,0,0,0,1,1,0.706764076,-0.0000439286,-0.3901371033,-0.0093881082,0.0000335532,0.0641672129,0.1367807083,-0.0047201665,0.9354812967,0.8694749191,0.1394882842,-11.6476879843,-13.9540129067,12.7323369211
outputCount=11
weightIndex=0,165,529
weights=0.0155627218,-0.0079004028,-0.0030644224,0.0156215476,0.0049964436,0.0042369588,0.0312933168,-0.0050887822,-0.0095627042,-0.0108453734,0.0150847571,-0.0038822339,0.0246041341,-0.0165827632,0.2303656216,0.0000002557,-0.0000005306,-0.0000003077,-0.000001017,-0.0000029123,-0.0000006732,0.0000012761,-0.0000006634,0.0000008884,0.0000018477,0.0000007165,-0.0000015054,-0.0000003045,0.0000007888,0.0000039568,0.0038861008,0.0257726343,0.0162692168,0.000499367,0.0028127235,0.0084900815,-0.0180058873,0.023839074,-0.0155084416,-0.0013593328,-0.0137461859,0.0100038051,-0.0091879561,0.0087686019,0.2295140363,0.0018446429,-0.0084224251,-0.0140595115,0.0020760048,-0.0084957385,-0.0210630902,-0.0005068794,-0.0023078934,0.0047525134,0.0200704989,0.0166155334,0.0096599063,0.0065181477,0.0064884976,0.0998917996,0.0000003833,-0.0000015148,0.0000008535,0.0000007058,0.0000014277,-0.0000016949,-0.0000016204,-0.0000002769,0.0000009287,0.0000005433,0.0000009957,-0.0000002343,0.0000008279,-0.0000002667,0.0000051422,-0.0008599875,0.005526448,0.002306971,-0.0057330883,-0.0126765746,-0.0017364969,0.0021750543,0.0031249415,-0.0013807938,-0.0124064554,-0.0053807805,0.0041027569,-0.00388601,0.0095690423,0.1108863468,0.0023501624,-0.0206107391,-0.0133476396,-0.0084894215,-0.0038750425,-0.0357303341,0.0072663546,-0.033586123,0.0182939269,0.0259178505,0.0017597739,-0.0243606298,0.0120701048,0.0246158663,0.3498120726,-0.001168802,-0.0013491379,-0.0124431788,-0.0024663162,0.0141010955,0.0071129295,0.0000120536,0.0070411826,0.0062569455,0.0002283381,-0.0305669536,-0.0195032909,-0.0179932165,-0.0188838083,0.3214536947,-0.0044037903,-0.0008928679,0.0150568435,-0.0175890124,-0.0003312963,0.0221571154,-0.0075404846,-0.0101756605,-0.011855386,0.0027499562,0.0107119483,0.0175545318,-0.0092577704,-0.0111522672,-0.0431493073,-0.0072902422,0.0011766296,-0.0001570056,-0.00158473,0.0041136208,0.0251134686,-0.0070159198,0.0136303057,0.0127447724,-0.0204547808,0.0002035872,0.01843674,-0.0312345814,-0.02501826,0.278578708,-0.0267523635,0.0134522288,0.0138269163,0.0175509484,-0.0122110126,0.0164093892,0.0096755004,-0.0021227508,-0.0096667064,-0.0080852961,0.0020968914,-0.0139091529,0.0011373721,0.0158988934,0.4238037902,-396477.3607360754,-0.0768232401,-86466.0237798316,581461.6852174951,0.1405956222,-40608.9981939913,-446253.4142350244,-225097.3484620027,448557.0756121615,202162.5673706692,374358.216607199,9870.9161964884,75131.2598695966,410219.5653872528,49497.46211704,-54352.2783409224,-194400.8284906662,118227.4737175172,-151982.4234980432,75420.2326614912,30217.6857290407,36901.0036390521,2773.0224778883,-23931.1989523272,10041.7308421376,9862.3170282465,-390805.1445165403,0.3885139052,206661.5215851492,-9472.26286447,0.3435622182,-153560.4632617928,-58245.2092825868,244225.1499078778,-151115.8827610837,-369895.405324021,327742.229208365,-13151.2633274266,-103318.3451451778,-11345.3901484527,-49548.7342195612,46636.3092084998,-25125.1204344777,-57123.3460890866,156099.5886424308,69058.842361556,109361.799387806,-81486.199179682,95512.8287631359,-14916.2548699134,-33404.0097799411,36979.867248808,-436627.676448922,0.1673629466,-322979.271441743,-379046.5344971141,-0.3772897075,-298952.199179189,2849.5350388197,-86569.9360293151,444563.4652263264,232044.4762772686,467331.706302452,-8213.3119567656,-8951.0700623958,420694.717425299,1908.1825098141,15490.3410712854,-306604.0714466102,82494.338014303,-62405.1678313694,20575.8803682213,-21210.745742011,-76100.0616536895,-63807.7596314559,22472.6288648607,5117.271437063,-10223.8768233878,-102345.4915078602,-0.6493846403,169963.2080659113,386046.6443224571,-0.5107954886,-121646.3154835867,-115276.8309084523,117057.2375312039,-160569.8695020861,-19047.9126456145,-110473.626504597,-7145.1590203936,-94903.126267752,-79487.7151645068,14489.3677097819,-4538.7411454675,79953.9017743196,123297.4597066016,6161.5820200392,-8018.8158892236,-63610.0885694278,-2620.7593984059,35709.4091549022,-2116.9614875701,4245.8031526467,12337.7350492917,-247920.3279466203,-0.9101893026,-16166.6951650132,472456.2077856894,-0.1654911033,-285405.1483706764,-335690.344527962,-93811.493666167,184694.000465799,235381.2084892393,310168.6845473236,14874.6389295741,17904.2814757186,360539.5121106454,71417.6782355578,-14877.7930325146,-166299.2734615946,204904.9409617703,30950.2993770192,15855.8309358192,-180864.3932382622,44558.3873498386,-17445.5759220765,56925.7296333675,34183.1855581453,-24775.7011531071,-108825.2890819379,-0.8488577974,-148494.3390831076,37954.3322379412,-0.1276018478,-267996.1861743008,389936.5051155982,-259321.822426795,130138.6002662633,208597.7909756954,109489.0827676286,-7670.5415354205,77760.0585494623,174727.0141323978,-22358.6344641727,-60639.5480457028,-31539.2769534434,-96047.5293348162,-89656.2387065734,-20766.1381678947,124224.7430708478,108534.0789368953,-89700.5569489977,-15017.7917853244,-28007.4216250838,1824.0781799542,-138677.0952256331,-0.7990952988,-273794.1878135726,122732.5571603716,-0.1639394082,-27576.8342556526,-76137.9972253388,-249006.6582439588,530538.2316872173,275904.6178116868,149403.7061394462,-12855.0920857277,96852.8826259225,418696.7399802607,38773.6097768292,-139852.5378212419,-228549.9877436409,128650.9073743402,-125111.9131375166,-13898.4686904575,-49189.5138701874,125192.5536994557,-41989.1704302513,20594.8456581386,-11222.3342704883,727.9832490407,284036.4509382803,-0.5285182397,-255992.4795626188,79813.5442096236,0.5556230276,261467.8267056879,-540096.5422609078,-82083.9596825932,261374.068887984,502217.4255605638,-315719.1072133427,-11647.5867147626,57666.3183065735,261967.7786311126,-23658.2400853726,-80283.3474014071,-71317.2394349442,114235.3044954994,-37257.6184784905,38650.7032676774,-84877.3352881627,39806.7022506927,-13687.8030499872,-15346.5680472973,-23458.2877220563,12104.6528826463,-230433.3003788325,0.6772111636,178135.0203525269,-596434.8825348965,0.7565254875,-521903.3237339975,695861.1600289815,-8299.7861155194,-184808.9283501817,-237272.9605088989,219927.7500880462,8062.5834020844,39018.1470752986,186438.449426115,-25344.3032506701,-97183.7841302746,-346432.0560243041,-172332.4273279585,-110265.1398033558,-66412.2916047509,293875.2257310812,96949.1937315416,-52903.7760639703,-41718.8698639293,-33525.7562853145,82320.084680042,110738.9255398838,0.2637160694,-274407.3041116394,-320914.3715113573,-0.4388842952,-187415.141294402,710.3820957837,-166160.0170655124,281873.796156101,477020.7151056755,-217044.6523907822,-22644.0605376693,31823.8202997457,147659.2655785254,-22123.8553672158,60145.2369346908,-57116.7105830469,62559.0337132472,-153986.3997323053,-71296.5592819813,9935.5239079463,22680.1493602213,-7558.3083989757,-16081.8052421853,-30542.1211751692,17676.8177493103,-293930.8909084233,0.0633081098,-164195.1557567547,389631.951639673,0.8111039644,-306052.3004322401,99798.185978687,-233741.7167530448,191970.842702049,166613.613008946,330473.3111051207,-1238.7039095555,43109.2652834548,173754.5050057321,43607.4657870539,5567.5255287943,-26537.9802485429,110122.9640559782,-40989.0282740319,61190.2198757044,-112785.7244007423,53658.7361191142,-6786.9426167914,28772.8740173202,-2092.409242864,-14319.4679555068,-105432.5247522221,-0.325771565,-376191.3363178953,37883.5150979022,-0.9464067121,205665.0293191286,-147243.4226382609,130476.5259471664,169336.2092388408,75414.4303072585,143534.5238580167,1334.9210539213,34844.3314645214,320285.1073563687,-5821.4644152486,-137417.9514549665,-175671.2946581247,-7076.0964471562,7438.2185794248,-50958.6899817575,-113510.2835864102,-932.4682314167,5539.506009527,10459.4499271949,6569.4599453241,9894.9217958572,-53185.8435090479,-0.4492078451,-81036.0510774574,249900.6443436568,0.5674835091,-104324.3527943074,26282.2528748666,108090.3794146594,-362487.5806893265,52282.1430371681,41783.6989830732,-1392.6388523182,-38058.584855209,153920.8516482346,-11920.0511323606,13938.2877914964,-187452.0488831897,-47085.8667851497,39220.7947084702,-31620.5964798604,92498.5623725112,35403.3398129049,8452.7032178542,-11776.8664988692,-4768.0665213106,6788.6870145084,-135159.4383994662,0.2682129996,145847.2818129022,110455.5488689852,-0.1645955315,-423378.1135923246,-32045.2642439757,-109318.8231547049,410821.9538001405,-18097.3718943772,-297651.6554202356,7012.0853105214,6487.898163532,-55439.970180549,-26167.8332153457,42189.5723549054,89400.039955935,-172440.6059250053,-5248.6121081014,42753.6708094087,169515.1534187035,52730.4522563975,-136684.188049569,717.4908456615,5811.0923136515,7261.5277674154
biasActivation=0,1,1
[BASIC:ACTIVATION]
"org.encog.engine.network.activation.ActivationLinear"
"org.encog.engine.network.activation.ActivationLOG"
"org.encog.engine.network.activation.ActivationLOG"
