encog,BasicNetwork,java,3.3.0,1,1425321016839
[BASIC]
[BASIC:PARAMS]
[BASIC:NETWORK]
beginTraining=0
connectionLimit=0
contextTargetOffset=0,38,0
contextTargetSize=0,14,0
endTraining=2
hasContext=t
inputCount=11
layerCounts=11,15,26
layerFeedCounts=11,14,11
layerContextCount=0,0,14
layerIndex=0,11,26
output=-0.2682702082,-0.0000690549,0.0584316268,0.0487938408,0.0001001143,0.3539054747,0.2123113739,0.2385245455,0.3544483467,0.8430592156,0.1701950386,-15.6152967375,14.345341702,-14.3391371035,14.5823680977,-15.7230047873,15.3684970316,-15.3467488158,11.6690100925,-15.501552295,14.5457804361,14.3690630828,15.8385395211,-14.5416323613,-15.5247918613,1,1,0,0,0,0,0,0,0,0,0,1,1,-0.2682702082,-0.0000690549,0.0584316268,0.0487938408,0.0001001143,0.3539054747,0.2123113739,0.2385245455,0.3544483467,0.8430592156,0.1701950386,-15.6152967375,14.345341702,-14.3391371035
outputCount=11
weightIndex=0,165,529
weights=0.0019881858,-0.0099159747,0.0020211629,0.0173948104,-0.0185440046,-0.0008646077,0.0178967886,-0.0120268429,0.0238077534,0.0124267474,0.0147010307,-0.0003927497,-0.0000456242,0.0195835454,0.1037152281,0.0000001112,0.0000015171,0.0000008147,0.0000005506,0.000002181,0.0000004084,0.0000032722,0.0000006356,0.0000037579,0.0000019328,-0.0000002461,0.0000020733,-0.000000376,0.0000018173,0.0000089688,0.0104064619,-0.0077828727,-0.0026216168,-0.0083072881,0.0198643273,0.0097355933,-0.0020688181,0.0025157481,-0.0070416535,-0.0008539659,-0.0143190863,0.0145332908,-0.0064596943,-0.0065447751,0.201017373,0.0115045087,-0.0048820199,0.007453099,0.0102829289,0.0016197351,0.0091947027,0.0039397194,-0.0024277435,-0.0174456662,0.0005389823,-0.0049853406,-0.0102812788,0.0011604763,-0.0093449477,0.056342686,-0.0000003806,-0.000001344,-0.0000008283,0.0000014743,-0.0000017671,0.0000005888,0.0000013184,0.000001366,-0.0000013933,0.0000004676,0.0000022019,0.000000454,0.000001014,0.0000000869,-0.0000036003,0.0035725584,-0.0024572083,-0.0035156504,0.0037958265,-0.0142011643,0.0152135363,0.017015165,0.0147840498,0.0262130519,-0.0187446006,0.0157815473,0.0092903356,-0.0144776228,-0.0028527562,0.0209657996,-0.0004811115,-0.0162960962,0.0081987626,-0.0057502868,-0.0076293859,-0.0013806062,-0.0234384772,0.0091959908,-0.019118824,-0.0224859664,0.0013133997,-0.0167508614,0.0216945455,-0.0131277174,0.4630465223,-0.0182025843,0.0195644724,-0.0083528604,-0.0108856079,0.024695141,-0.0105810429,0.0018422918,-0.0267224402,0.0141806855,-0.0041776709,0.0009123844,0.0069021923,-0.0065866959,-0.0140326756,0.4481097256,0.0083640324,0.0173115969,0.0057583356,-0.0069612974,-0.0081825089,-0.0078575194,-0.0034240105,0.0115922535,-0.0182937813,0.0042857376,-0.0019561256,-0.0025942525,-0.006786672,0.0151600431,0.0850259547,0.004339152,0.0184368951,-0.0033805685,-0.0054110489,-0.0201347582,0.0039026753,0.0152057582,-0.0045088522,0.0114539169,0.0149889978,0.0134106549,0.0156630345,-0.0134378623,0.0189733256,0.2040770763,-0.0123127217,-0.0173418969,0.0015284664,0.0044467501,0.0173485102,-0.0101184793,-0.0169796139,0.0097618214,-0.0070402207,0.0174355257,-0.0129623511,-0.015655419,0.022863979,-0.0117816051,0.4586010279,155911.6136275424,0.6802779059,-418987.9848349102,-3139682.8353637373,-0.1968831022,-989191.9329473312,3149537.982639922,-655273.8511325157,-231783.8114130575,384010.5169599379,-217416.9252274027,-73210.6410463414,-53676.0255077343,-79031.3136193006,-233854.4917867416,657954.6500094086,-18222.6951081978,500481.9649293026,338689.4651497133,-143912.9186492008,529307.4454997866,223955.1277756504,-539107.8610111999,-85049.7515435553,158070.781938653,-147143.0303189003,2079245.1784283817,0.4818121636,-2287435.124737335,-5315034.422142895,0.6279462212,1924833.8451413293,2719064.0783703444,-531813.9077491161,-1648248.2337613455,1643491.7016255923,-1373754.2133825086,-111171.514627127,-63589.4541890853,-55273.7670931115,-242783.4306236628,881941.2305675169,48308.7907725568,837900.35152118,427797.6856644917,-38085.0643400675,421599.2931477564,344237.2557122651,-435658.6183779959,12992.5762856104,-72171.8881704247,40044.8119057253,-2626541.2565230504,0.3268952987,2353424.9907417204,2804730.7951343646,0.9866327026,-402577.7499705618,72235.1309294181,-299852.7576629714,-2545117.080142285,-453530.1711137602,2324933.3896775506,260446.406546187,865165.5534210659,-39364.4681523058,-215082.5503599984,7215.0782726526,-61840.1904401714,-446233.7774674374,117711.1176697348,309521.2807886766,-961169.8600198447,-83095.2768965441,248109.1680807159,-213393.2572600557,49318.9205645485,69094.3878242208,890005.429336875,0.714948326,4725644.998029385,3397760.6947813695,0.6079704472,-3999083.679298963,1159822.346611228,-2511638.8380650957,-1078109.6205470772,1571742.8624286256,-2524857.9154877416,-43782.6370558071,384167.7654711941,-22286.013651441,-398348.8369330654,-195538.2832267658,3350.2590161612,-1831456.8843345789,506396.2523445469,285320.8544444977,983319.0082109574,222102.3224318448,-405556.0209425604,53567.6622855714,-56878.8126740448,114354.7990917995,-5081787.332812316,0.3501916669,-3442427.7498349836,3148444.394807839,0.972857533,799311.1656518243,-2506213.2771899495,1770688.4718228485,7780894.7827225905,-243780.7405794831,1727026.002171525,-66293.2935865434,-598614.2997631022,759.2193345372,402172.4312618198,-918825.7788884805,41934.8798967483,252564.725106677,79992.4733336145,612105.6265813692,-283336.5827323914,57097.1048418236,147781.9494568726,-66448.6057376059,59104.5099233217,-73512.7122775246,774423.643748204,-0.7956743549,-2848077.7920740335,762842.9802014127,-0.2007851176,2149758.2819250827,-182060.4660761855,-1768649.072726814,3721081.585752394,1509056.8241539341,-488380.4460954987,-29173.7506132502,320066.8255928784,132888.7946161366,146373.8347588838,-1098680.2811861278,29530.3469005116,473070.8151355765,17100.1962287658,215876.8349247735,627921.6560612521,-25480.1741147634,159254.4115538046,135069.3286778693,-193463.3721196956,-69378.1734612326,577623.4497589121,-0.7676973235,1481977.8919735358,1286623.1961998094,-0.4488993728,2374825.830660307,-4505647.687818425,1145417.8899676204,-1177764.1471924977,328415.0950940373,282384.5467288747,69938.0563590916,481240.4778496732,-45059.0223835876,-354458.5590973551,-39542.4234445819,-43428.0157060215,371577.1357021626,-318528.2867374664,-258127.8054186145,-289636.5095872703,-283781.68117913,18629.1407219788,-241348.2901887874,88527.7060102157,-85607.2588409018,1447302.4956094366,-0.2992610898,2609275.9952337085,-3001629.697554688,0.0971633352,-1378484.1268266018,431712.0773633207,-1327120.335185004,3381424.412439716,-1315334.1139039057,-1444894.3194843617,31114.4163737114,491722.5168116135,-40390.5480267592,-1027288.4932997588,838184.0739776299,-12486.9185176845,-683733.6733580052,555755.5634612906,-764175.9468897701,1230616.9026098894,-138889.2400936757,-457671.389178581,33807.5782610614,96247.6300064779,61355.8259671334,-718521.7100893896,0.3319675728,-870551.3741639076,849060.7987143757,-0.7315032974,-1201977.9977322007,1099983.6670423902,-51626.2836273006,2109384.5183303016,-1818858.1044441974,449113.6213748732,10783.4842013738,-316114.8586429888,175743.2298581263,142493.1493381039,-327464.6026106197,2276.1118367738,-158581.5750106227,87077.2428195156,-540133.3527627323,1249113.0066120261,-82933.7695663362,120121.3941064956,-100582.563242803,109312.0753392148,-134602.987285368,670406.6117263765,0.6488357505,1647289.0379141283,307918.0619239429,-0.8613902277,-2367885.0260614767,-374694.5499483316,-421512.8678493667,-1851756.8524201803,-979521.7798507358,-332554.7161026429,62385.7565068027,-294952.0846385173,-88272.8944945046,-56731.1224725657,267934.8037933083,122907.8605036269,21295.3136702949,676800.0250813802,70937.9250242986,383484.4236048742,332641.1024952703,-409692.1337965184,170152.9880872482,33723.3418835052,18671.9580833925,326272.6247556208,0.9254484973,-1250783.7885936596,-578804.8520725218,-0.1192940847,2687508.3174947943,501195.716922252,2236378.5503031504,-2461592.8617585595,-2204380.791266433,-648574.7520553052,-47457.2378509198,383613.8836824717,5790.8257106162,254629.5168263174,-272452.6298449148,-45836.4334384363,191259.2538252175,66832.2833167138,-437788.9326455084,311131.188920926,-82025.3049094912,937114.1700461681,63768.6265459754,-59831.8681085013,-67341.1182489461,-2452096.1559855253,-0.0071718052,974266.9632158737,-1530433.5409692382,-0.7139045189,-2378446.570174035,-839649.9530086083,1450646.7737625865,-149941.3821473884,1046606.5261480844,1317178.5836089216,85221.9145232708,604335.7977724376,5653.8329035983,-509911.6857697504,-194549.8616183381,10000.2675666896,907278.4390129836,-341247.1251101411,538322.7042978974,-108574.2966753628,384615.2046115514,-510223.8608731258,170931.0257884275,-238129.7577263622,198532.1008988372,1707007.8213253107,-0.3152116062,499803.2531695429,-1027039.9658514063,-0.0806282581,1459994.1106672264,797640.3630000715,-95926.9271599859,343383.843886311,-2127145.8760497333,-2214462.715587389,281844.906788094,-526295.3843676109,-751.8999569589,94754.5069018731,-20007.468189188,-23269.3989097365,-114350.1922896522,582525.3806883463,-432140.5531697431,116374.4852173651,-98523.1537034199,322568.5485515745,-144774.548526419,-69574.5890876524,-14360.5060815289,-609085.7859785435,-0.2732159722,357896.2169723418,291058.2840423148,-0.9905501625,-2528317.9974887185,449695.5851532621,-502299.517929588,-271959.5780802814,483676.4937390566,1117622.574437392,54016.157928988,3010.0626493749,-51680.1445396025,-804337.9422826292,817231.1721651298,42358.6712319668,-49846.9134432281,659210.9616217166,-289396.6965742551,-140077.7328791105,374446.7006192722,-1017663.5384714992,126.4390470332,202294.1163633614,-213890.3066266793
biasActivation=0,1,1
[BASIC:ACTIVATION]
"org.encog.engine.network.activation.ActivationLinear"
"org.encog.engine.network.activation.ActivationLOG"
"org.encog.engine.network.activation.ActivationLOG"
