encog,BasicNetwork,java,3.3.0,1,1425320285445
[BASIC]
[BASIC:PARAMS]
[BASIC:NETWORK]
beginTraining=0
connectionLimit=0
contextTargetOffset=0,33,0
contextTargetSize=0,9,0
endTraining=2
hasContext=t
inputCount=11
layerCounts=11,10,21
layerFeedCounts=11,9,11
layerContextCount=0,0,9
layerIndex=0,11,21
output=0.0681554678,0.0000065458,-0.1065109893,0.274485178,0.0000245335,-0.0001180344,0.0137509453,-0.0489737707,0.8339477889,1.2577331269,0.0115809644,7.5004351878,3.277341443,8.7903760329,8.7636334438,-7.8608158711,7.5461611034,9.5601263983,-6.8063889739,9.1416478963,1,1,0,0,0,0,0,0,0,0,0,1,1,0.0681554678,0.0000065458,-0.1065109893,0.274485178,0.0000245335,-0.0001180344,0.0137509453,-0.0489737707,0.8339477889
outputCount=11
weightIndex=0,110,299
weights=-0.0298071807,-0.0095395036,-0.0052186374,0.0064930196,-0.0100531106,0.014215677,-0.00427073,0.0061039141,-0.0207250749,0.3974940759,-0.0000000361,-0.0000009573,0.0000012957,-0.0000002677,0.0000012519,0.0000039675,0.0000015801,-0.0000000507,-0.0000025951,-0.0000109146,-0.0030016609,-0.0066123281,0.0087503087,-0.0289415827,0.0115432476,-0.0050797455,-0.0257435821,-0.0120801985,-0.0010861561,0.4172790968,-0.0180189855,-0.0109049919,0.022303901,0.0129497684,0.0042279641,-0.0108102945,0.0072400088,0.0177430001,0.0083520207,0.2258386914,0.0000008497,-0.0000012619,0.0000018309,-0.0000002199,-0.0000014134,-0.0000013241,0.0000000399,-0.0000001553,0.0000002029,0.0000037175,-0.0000103081,-0.0000031813,-0.0000059708,-0.0000022424,0.0000061669,-0.0000035442,-0.0000027938,-0.0000029439,0.00000154,0.0001096601,0.0335399269,0.0106415623,-0.0040902928,-0.0093405129,-0.0045580474,-0.0524029825,0.0233626298,0.0319700618,-0.0028859534,0.2253676358,0.0282700847,0.0251182168,0.0009892558,-0.0175888929,0.0072504905,-0.0473645659,0.0056904361,-0.022381108,-0.0241218746,0.2303072818,-0.0163992196,-0.0055805094,-0.0101640054,0.0219794033,-0.005523964,0.0285643543,0.0024919763,-0.0283675038,0.0298382842,0.123315259,-0.0338960127,-0.0157139323,0.0074333383,0.0134941919,-0.023274049,0.0511195272,0.0211109637,-0.0358953853,0.0131795277,0.244534666,0.0198817177,0.012680826,-0.0076583105,-0.0086739327,-0.0130987621,0.0034606694,-0.0261869316,0.0257351303,0.0016616911,0.2454759915,-35.1137013213,-0.3957590727,-1233.9021842495,-4021.4718183051,0.9936720034,-0.0215518053,3223.6344016653,2021.557783613,3270.4277856268,-334.3910130932,1608.7742774996,-0.5190975646,735.7401084145,2881.9920179643,-1114.0534282426,1210.8043313777,3085.4426774771,1328.3801069465,-499.7823099184,2602.4867011934,-617.5516569561,-1369.9546351004,0.7037471329,600.1184952182,3318.6391823057,-0.1861304085,-0.8247874776,5304.69700236,4892.4041068532,705.0800109152,305.424407073,-1623.0799964507,-0.5921349756,-1350.9303483104,-10623.7688464908,2115.577433604,2902.6984105531,13966.4974171922,459.1386775025,-148.5002053234,-10104.7030962327,5.7132802952,5352.9111519056,-0.9276006416,29.5351080899,-3118.2392142304,0.6977421765,0.6587574113,-2125.9702989011,-225.9725978971,4713.4570087019,5664.3874810483,-90.1236004777,1.4294220932,979.1747947401,-6496.7631956275,-999.0131200788,2490.9024701692,165.9617472463,1739.7535122212,3275.7053179062,-380.5116602256,2344.7509439211,8005.9693260385,-0.3627633512,873.5601776542,12067.9224999404,0.0603739505,0.8489605999,-1419.1973039927,-925.4954693389,-7513.2357891499,-0.2107363046,-726.8104239436,-0.2602439491,1026.6527728466,5852.2425140828,-2259.2625577029,707.4465702418,4288.5550770745,-3203.2099651069,7406.9960443243,1881.2001718228,-843.5097683559,-786.0274637835,0.6692922136,-3490.1573715576,-15501.5232492329,-0.7039186485,-0.4910965106,-315.6636119467,579.068277698,770.8998904232,1496.4924794249,156.2962955888,83.0076726033,-368.3972288792,5242.084598487,-6700.5922334722,-5868.8580846442,-2171.9912412872,1431.0329585101,515.3695300616,-2918.2656956087,-1628.4097455789,-345.1241954253,0.1958142539,415.1714862883,702.8710907573,0.7064246842,0.6117387799,-8.2622873593,1252.1983605129,1957.2846440709,-1222.8300871208,-5.2051216159,-0.4405367257,968.6006504269,3690.037406021,1046.4686176401,2683.3608817847,3007.611512613,-1834.9902961288,-968.5978199867,-595.6199128924,10.3500482631,6001.9210867602,0.0128772808,-1702.5540071495,-2178.3770741743,0.2538670695,0.3891844603,316.3633580976,-459.1244492169,-16920.7745914856,35.6571689779,8527.7191902498,0.6759415073,1412.1638580946,1394.7975441694,2487.6655736363,-4473.2346599604,-1444.8444719561,-1588.3901625395,-2849.7141236387,3231.4183702735,-45.8149143628,2576.9130389516,0.4492925429,4568.8695657921,16682.0675593335,-0.33735186,-0.8476933216,-537.7666023758,-8000.9147816729,-5297.7621933893,1074.1685064436,-2860.6645816154,-31.3826715236,-456.7193754715,-2887.3927146886,2355.5721869478,-1435.4309406868,2271.0128328399,2506.9363303558,-2316.8414871008,2132.2736535865,9217.0428574672,4039.3277496514,0.5113869109,-432.3629932563,-5713.1173693863,-0.7750814444,0.5312925493,2583.5147942941,1870.4391939014,5417.0572243502,-612.8936938454,-2675.9823310428,-0.1051670133,8199.6769944282,7.1133861415,-1107.62808871,897.9848182435,1678.0733644427,1561.795874198,-5352.5767567015,3105.1204077006,-3832.2770212883
biasActivation=0,1,1
[BASIC:ACTIVATION]
"org.encog.engine.network.activation.ActivationLinear"
"org.encog.engine.network.activation.ActivationLOG"
"org.encog.engine.network.activation.ActivationLOG"
