encog,BasicNetwork,java,3.3.0,1,1425328409914
[BASIC]
[BASIC:PARAMS]
[BASIC:NETWORK]
beginTraining=0
connectionLimit=0
contextTargetOffset=0,136,0
contextTargetSize=0,34,0
endTraining=2
hasContext=t
inputCount=50
layerCounts=50,35,85
layerFeedCounts=50,34,50
layerContextCount=0,0,34
layerIndex=0,50,85
output=-0.0866915269,-0.0003636301,-0.0203559167,0.114685437,0.4378754827,-0.2286518168,0.0290519777,0.2803011201,-0.1052484244,0.3888957679,0.0000845942,-0.1511600254,0.1728081194,0.5732414698,0.5265596053,-0.0000403082,-0.2479343029,-0.1220399342,-0.0478221708,0.3241808055,0.1299186319,-0.1222730477,0.2923209698,-0.0628418187,-0.1151550924,-0.0316498363,-0.0070210139,-0.1287602616,0.2371518194,0.4062785172,0.2812129629,0.0574684339,0.2021716864,0.0741871176,0.0000132853,-0.0816905117,0.5600652415,0.0736227295,0.0167403886,0.1226606734,0.3740489204,-0.2040653032,-0.0965011721,0.2699235009,-0.0198497419,0.3227987902,0.7314919065,0.2968644978,-0.0425490089,0.0482400767,-9.5093697425,9.7934743797,10.5515300303,9.6699235214,9.6661777779,-5.4449530264,9.8558994877,-8.8606899919,-9.1170656775,6.2764102777,-10.8260390465,9.2852401087,10.3411707209,-10.6138108845,-8.3686569325,-10.3438032625,9.4002169761,9.458309034,11.2162356266,9.1356106216,9.0217733202,-9.9827065761,9.9194178749,9.4886332404,7.8572659967,10.596231115,10.8039124327,7.3541502584,-10.250826815,-5.9305400447,9.40090884,-8.6965184702,9.035586675,10.0616632746,1,0,0,1,0,0,0,0,0,0,0,0,0,0,0,0,0,0,0,0,0,0,0,0,0,1,0,0,1,0,0,0,0,0,1,0,0,0,0,0,0,0,0,0,0,0,0,0,0,0,1,1,-0.0866915269,-0.0003636301,-0.0203559167,0.114685437,0.4378754827,-0.2286518168,0.0290519777,0.2803011201,-0.1052484244,0.3888957679,0.0000845942,-0.1511600254,0.1728081194,0.5732414698,0.5265596053,-0.0000403082,-0.2479343029,-0.1220399342,-0.0478221708,0.3241808055,0.1299186319,-0.1222730477,0.2923209698,-0.0628418187,-0.1151550924,-0.0316498363,-0.0070210139,-0.1287602616,0.2371518194,0.4062785172,0.2812129629,0.0574684339,0.2021716864,0.0741871176
outputCount=50
weightIndex=0,1750,4640
weights=##0
##double#4640
   0.0051131982,0.0004755165,-0.0026294195,0.0043450779,-0.0002191316,-0.0058857065,-0.0014721125,-0.0015638689,0.0077291742,0.0021827198,0.0022133503,0.0034601888,-0.0018093929,0.0073135693,0.0007667754,0.0051924574,-0.0036396143,-0.0104772038,-0.000987842,0.0027668822,0.0002944633,-0.0017341074,0.005060571,-0.0036019174,-0.0002970515,-0.0021761261,-0.003279965,0.0062727894,-0.0111974247,0.0011878673,-0.0044440081,-0.0008343107,-0.0037802396,0.0018193164,0.1592466792,0.0020489106,-0.0023388148,0.0073409998,-0.0037114261,-0.005009359,-0.0097803174,-0.0063166938,-0.0025071031,-0.0067671487,0.0022840025,0.0035974263,0.0024317172,-0.0010529207,-0.0015112133,-0.0004921173,-0.0073258255,-0.0033122042,-0.0035512563,0.0042034384,0.0004720828,-0.0041800589,0.0011615851,-0.0054721103,-0.0050154868,-0.0060546509,-0.0034924048,-0.0003081762,0.0105433008,0.0093976381,0.0005062947,0.000855775,-0.0034024909,0.0088632704,-0.002340488,0.0709339712,-0.0016542421,0.0049155861,-0.0021509695,-0.0044060987,0.0024722557,-0.0065507667,-0.0072093295,0.0079235456,0.0003160109,-0.0116536517,0.0122329837,0.001334264,0.0061586935,0.00446645,0.003128733,-0.005332893,-0.0015952362,-0.016770678,-0.0062560625,0.0005473038,-0.0032097243,-0.010908065,0.0044696461,0.0042191371,0.0012824136,0.0015731848,0.006441576,0.0008691886,-0.00009837,0.0001296192,0.0084946561,-0.0059809138,0.0000053432,-0.0020147309,0.0734438686,-0.000976537,-0.0012319164,-0.0013495974,-0.0016998151,0.0023356776,0.004839015,-0.0025249135,0.0029336687,-0.0058495264,-0.0015023068,-0.0002018969,-0.001029712,-0.0023493936,-0.0038549757,0.0023958097,-0.0016927052,-0.0026248267,0.0005945228,-0.0014117917,-0.0085276337,-0.0009797314,-0.0078449701,-0.0016488692,-0.0008814843,-0.0063040776,-0.0017934954,0.0019448214,-0.0028144016,-0.007874806,-0.0049398787,-0.0049556707,0.0046947225,0.0039509399,0.0077443425,0.1522209732,0.0016021074,-0.0035657781,0.0101671652,-0.0006194006,-0.0007873172,-0.0052021435,-0.0019792993,0.0040924289,0.0021544148,-0.0015125666,0.0034585828,0.0025601503,0.0046964406,-0.0061992903,0.0047153694,0.0015978642,0.0028023655,0.0037435942,0.0024489563,0.0050337294,0.0054105587,-0.0018070378,-0.0092266871,0.0044228074,0.0072117334,0.0023602958,-0.0013626134,0.0064454893,-0.0014944691,-0.0044576838,-0.0030541817,-0.0011474418,0.0036435093,-0.0037676067,0.1213378091,0.0005151832,0.0029599848,-0.0120077149,0.0058908674,0.0027926718,-0.010386248,0.0092773299,-0.0005590973,-0.0024550079,0.0095181487,0.0028361002,-0.0098204245,-0.0016315917,0.000159438,-0.0050601857,0.0091609205,-0.0052455189,0.0025199379,-0.0013715624,-0.0038275894,-0.0101561063,0.0017945634,-0.0000290889,-0.0065625637,0.001285064,0.002322543,-0.0088660614,-0.005811005,0.003095823,0.0055742392,-0.0106329227,0.0022071087,0.0060183712,-0.0024227529,0.2534841556,-0.0051461453,0.0045337593,0.0001080522,-0.0036187531,0.0052420888,0.0048631221,0.0042685369,0.0005363603,-0.0025636443,-0.0070273283,0.0082194405,0.0011094034,0.0012515601,0.0007482107,0.0068815159,-0.0042834948,0.0039598658,-0.0046157593,0.0012612791,-0.0111162648,0.0042520332,-0.0059813165,0.0007733903,-0.0009465779,0.0005356088,-0.0083551045,0.0084006929,-0.0019588514,-0.0006002081,-0.0035012848,-0.0101742042,-0.0017207436,0.0011608248,-0.0015420589,0.0795963249,-0.0018432801,-0.0074958845,0.00331683,0.0043458388,-0.0053200192,-0.0008673793,0.0020755955,0.0053798226,0.000054585,0.0046468488,-0.0006700374,-0.0011118691,0.0085965655,0.0031211518,-0.0024649515,-0.0012070692,0.0028645046,0.0031234423,-0.0004319143,0.0036583376,0.0050769073,-0.0049620019,-0.0042196288,0.0032625998,-0.0042152467,0.0041461747,-0.0033279671,0.0018413144,-0.0087078141,0.0070859474,-0.0068645558,-0.0053074904,-0.0083033818,-0.0042474597,0.1496082129,0.0020287388,-0.0095146145,0.0006395553,0.0052328723,-0.0018523228,-0.002876895,0.0024259707,-0.0003204194,-0.0005688858,-0.0019474065,-0.0001088666,-0.0027509654,-0.000835727,0.0010806015,-0.0080414008,-0.0038856893,0.0046173,0.0013166663,-0.0072704714,-0.0025120977,0.0050666817,-0.000959987,-0.0022187422,0.0005498021,-0.0034391954,-0.0036259582,-0.0088876873,-0.0009170065,0.0000974844,0.0037851569,-0.0003114444,0.005043789,-0.0060920323,0.0058044003,0.1146194957,-0.0104823765,0.0000652553,-0.0011480669,-0.000964669,0.0072270404,0.0007523581,-0.0011639052,-0.0025939232,-0.0023649855,0.008155186,-0.0020248788,0.0067157167,0.0014814116,0.0002132988,0.0040869557,0.0135932454,0.0003575317,0.0075916214,-0.0009360475,-0.0043485344,-0.0070960741,-0.0051902712,0.002063792,0.0023476022,-0.0009879668,-0.0000659871,-0.0051190107,-0.0086463757,-0.0021928965,-0.0084160245,0.0079181314,0.0024150108,-0.0006998879,-0.0000050644,0.1898938007,0.0000030314,-0.0000035742,-0.0000026624,0.0000067925,-0.0000029835,0.0000066957,-0.0000010312,0.000002221,-0.0000023971,-0.0000008573,0.0000090662,-0.0000072886,-0.000002083,0.0000017088,-0.0000026865,-0.0000073048,-0.0000018058,0.0000034973,-0.000002574,0.0000002944,0.0000003624,-0.0000005701,-0.0000018658,-0.0000029703,-0.0000042653,0.000002375,-0.0000090829,0.0000010912,0.0000003975,-0.0000075935,0.0000048643,-0.0000004746,-0.0000012531,0.0000065361,0.0002979681,-0.0001539584,0.0075273281,0.008002565,-0.0081480638,-0.0067472085,0.005681529,-0.0017635392,0.0025630079,-0.0009624892,-0.0070815936,0.0057704134,-0.0036131448,-0.0015646245,-0.0029309732,-0.0029766367,0.0023282324,0.0050736323,0.0015345943,0.0047122925,-0.00843605,-0.0001982828,-0.0019660824,0.0077532001,-0.0053265311,0.0023967314,0.0003099722,0.0013682916,0.0016390242,0.0016767385,0.0043910685,0.0030375379,0.0003501151,-0.0032257899,-0.0083702319,0.0201246099,-0.0051713755,-0.0076790897,-0.0000982095,0.0026664954,-0.0085625711,0.0014845965,0.0073896854,-0.0031691313,0.0013038691,0.0017285749,-0.0018049131,-0.0022416947,-0.0021335602,-0.0042099099,-0.0007603377,0.0003696927,0.0072505785,-0.013312991,-0.0062490219,-0.0038505334,-0.0018226441,0.0077993908,0.0149091075,0.0037636926,0.0126783299,-0.0002561755,-0.0020093415,0.0072780991,-0.0028571006,-0.0001642456,-0.0111714466,0.0019815333,0.0006680008,0.0004814714,0.1673040971,-0.0054302994,0.0054330504,0.0030265563,0.0070252336,-0.0028910853,0.0075344198,-0.0087243626,-0.0046177305,-0.0061868166,0.0083927319,-0.0014757623,-0.0007371162,0.0019845699,-0.000979948,0.000819977,-0.0012388929,-0.0010860847,0.0001253248,-0.0032860139,-0.0071544219,0.0024625441,-0.0005444947,-0.0015281434,-0.0045523855,-0.0072672269,-0.0003839416,0.0010776717,0.0007948862,-0.0060010325,0.0027709057,0.0064217972,-0.0030184706,0.0099286968,0.0088071726,0.2030689244,-0.0071364761,0.0049050602,0.0034833063,-0.0027924282,0.005471157,-0.0123504774,0.002943118,-0.0058297016,0.0000455489,0.0134192521,0.001705527,-0.0047356926,-0.0045410765,-0.0055449615,-0.0020330965,-0.0038044909,-0.0034416435,0.0042132584,0.0012940961,0.0024252127,-0.0049881523,-0.0039914142,0.0124790952,0.0003777346,0.0019575454,0.004764121,-0.0080669174,0.000828136,0.01025844,0.0033735077,0.0059073762,0.0088801415,-0.0090261739,0.0066414514,0.120886588,-0.0000018131,0.0000014386,-0.0000002882,-0.0000031383,0.0000012966,-0.0000020394,-0.0000004955,-0.0000003156,-0.000000761,0.0000014997,-0.0000072093,0.0000031793,0.0000033126,-0.0000008553,-0.0000002097,0.0000002508,-0.0000011303,0.0000007993,0.0000006398,-0.0000032883,0.0000000297,0.0000010874,0.0000022429,0.0000001665,0.0000026963,-0.0000023142,0.0000030772,0.0000009466,0.0000018429,0.000004711,-0.0000017409,-0.0000003268,-0.0000000108,-0.0000045613,-0.0001440521,-0.0028290162,-0.0102111081,-0.0084066179,0.0042126245,-0.0081415349,0.0008415595,0.001823686,0.000812937,0.0065181482,-0.0040015235,0.000496495,0.0045611075,-0.0112976008,0.0143266545,-0.0004735584,-0.0065436962,-0.0097763745,-0.0014353819,-0.0037305227,0.0106609096,-0.0001753685,0.0059879759,0.0122867877,0.0081335452,-0.003444181,-0.0011555204,-0.0015341492,0.0048406505,-0.0052658214,-0.0027812554,-0.0070388579,0.0090255308,0.0092077815,-0.0149521366,0.2643940825,-0.0018307165,-0.0014281997,0.0028810909,-0.0034565198,0.0021899279,-0.004408832,-0.0058268226,0.0074120757,0.0044763948,-0.0016367835,0.0042061534,-0.0057293445,0.000536008,-0.0073108195,0.0020011611,0.0011842235,-0.0020130684,-0.0019286403,0.0045053363,-0.0030300011,0.0030538735,0.005328182,-0.0024658685,-0.0028473586,-0.0026842577,0.0066979088,-0.006210239,-0.0006351729,0.0041536894,0.0010431049,-0.0016322498,0.0004466873,0.0102648408,-0.0004590617,0.1443473197,-0.0019205142,-0.0089491553,0.001436141,0.0030353026,0.0004001776,-0.0031672444,0.0013290675,-0.0002700192,-0.0012221607,-0.0024081166,-0.0035106794,-0.0010852317,0.000659597,0.0011072601,-0.007061518,0.0000024085,0.0065963357,-0.0000102591,-0.0060599677,-0.0028470916,0.0056079958,-0.0012876133,-0.0013583379,0.0019699156,0.0015776507,-0.0022836922,-0.007294262,-0.000347697,0.0007667144,0.0052618754,-0.0005467798,0.0057275887,-0.0058935306,0.0032304515,0.0336842651,-0.0006664495,0.0014536387,-0.0046600407,0.0015674903,-0.0025702963,0.0028674173,0.0014245041,-0.0041174552,0.0010083531,0.0067075427,-0.006584986,0.0007296333,0.0047117101,-0.0028551907,-0.0011237226,-0.0020265137,0.0086496927,-0.0058620259,-0.0023203358,0.0036971367,0.0038141286,0.0038262402,0.0020091948,0.0010718243,-0.0022755593,0.0002728082,0.0053444122,-0.0000923861,-0.0037284088,-0.0022516877,0.0052055622,0.0051553655,0.0051243069,-0.0085235211,-0.0110276376,-0.0005597189,-0.0004906338,-0.0024527253,0.0069600331,-0.0042091158,0.0044389227,0.0021100878,0.0023267602,-0.004283704,0.0108199435,0.004604876,0.0058306743,0.0042119584,0.0001880819,-0.0026113261,-0.0022894745,-0.0034404619,0.004667472,-0.0035965062,-0.0018868482,0.0055636246,0.0041508457,-0.0044011626,-0.004470782,-0.0017238686,0.0033441554,0.0003884446,0.0060268622,0.0090694144,0.0066520199,-0.0085017743,-0.0077217978,0.0012621839,0.0023406142,0.1172253326,0.0028467775,-0.0043018052,-0.0022461452,-0.0006209148,0.0032568012,0.0015886608,-0.0037818846,0.001335747,0.0030894037,0.0000636113,0.0021600526,-0.0001116598,-0.0065324664,0.0035445507,0.0015718007,-0.0014782822,0.0050142333,0.0036007645,0.0050027181,-0.0048181141,-0.0033358987,0.0025930833,-0.001884449,0.0022261704,0.0027710769,-0.0028938817,0.0017156,0.0016278708,-0.0046496314,0.00411922,0.0040323967,-0.0028238061,-0.0029620587,-0.0006762081,0.0446539502,-0.0002688296,-0.0013247554,-0.0062071588,-0.0041378848,0.0081778419,-0.003286773,0.0031430496,0.0013739993,-0.0004584571,0.0047598145,0.0014855524,-0.0013861182,0.0000046249,-0.0024710784,-0.0071635223,-0.003248088,-0.0022988074,0.0076076702,0.0071457831,0.0020317998,0.0003076906,0.0014132207,0.0077685034,-0.0044903969,0.003791236,-0.0043982887,-0.0039271886,-0.0057259441,0.0000292007,-0.0047871068,-0.0003464917,-0.0029319187,0.0008005192,-0.0022109343,0.0614356928,0.0032668575,-0.0011610428,-0.0033558024,0.0006182413,0.0011807407,0.0100565153,-0.0000467931,0.0039528872,-0.0015707395,-0.0008136792,-0.0009735619,-0.0007507057,-0.0088852468,-0.0051315586,-0.0066634333,0.0000062251,0.0105675925,0.006446135,0.0002752644,-0.0102503538,0.0037967244,-0.0000027262,-0.0009363876,-0.0048489467,0.0091440269,0.0033849928,-0.0070749131,0.0097524343,0.0057266444,0.0119503025,0.0071978502,0.0034987892,-0.0082934087,-0.0013002804,0.0854130594,-0.001553422,-0.0018325058,0.0004360727,-0.002040653,0.0045968568,0.0020861041,-0.0081562416,0.0011370471,0.0019375047,0.0011181631,0.0089462611,-0.0098692938,0.0018565623,0.0010054835,0.0055810515,-0.0052252487,0.0063374865,-0.0086943965,-0.0076328579,-0.0071027278,-0.0070229988,-0.0026171484,-0.0028057666,0.0039899421,0.0084413879,-0.000529859,0.0088186779,-0.0054495095,-0.0007422725,0.0022989421,0.0006536624,-0.012885745,-0.009881274,0.0020790623,0.1844437256,0.001040429,0.0042350157,0.0018486102,0.0107777291,-0.0002371215,0.0017491434,0.0017840892,-0.0026423996,0.0001121605,0.000441928,-0.0051363464,0.0070282583,-0.0134459918,0.0065266412,0.0062501544,0.0022444593,-0.0066867184,-0.0059997834,-0.003332669,-0.0001933145,-0.0010242237,0.004176737,0.0015940377,0.0019971056,0.0006033033,-0.0018958399,-0.0010285094,-0.0022546566,-0.003044195,-0.0033995263,0.0005678122,-0.0013060503,-0.002908577,-0.0060264285,0.1819063816,0.0003833308,0.0016178979,0.001621393,0.0056901326,0.000377511,0.0021521882,-0.0027424954,0.0020468125,0.0001521524,-0.0032330706,-0.00296369,0.004630588,-0.0052897118,-0.0004072587,0.0046602613,-0.0013270846,-0.0034538361,0.0009959339,-0.001293357,0.003761743,0.0015326695,0.0014477891,0.0009367169,0.0051210753,0.0046619762,-0.0054858482,0.0008784049,-0.0036853445,0.0033382205,-0.0005885478,0.0013138226,0.0009629403,0.0021814949,-0.0026960807,0.0033428284,0.0033207294,-0.0053587533,-0.0015000392,-0.0019037354,0.0030720785,0.0059958698,-0.004555561,-0.0007183988,-0.0038073276,0.0021048704,-0.0021683544,0.0013141702,-0.0098530237,-0.0034471315,0.0037381069,-0.0114881105,-0.0045820095,-0.0057963772,0.0033060206,-0.0035046392,-0.0073137202,-0.0082637141,-0.0091738325,-0.0031544239,-0.0008415183,0.0004632291,0.0043344718,0.0022134859,-0.0035110199,-0.0031366358,0.0020496096,-0.0047148327,-0.0109945744,-0.0040039058,0.0857891209,0.0106298771,0.0075866012,-0.0029244198,-0.0080260068,0.0004674622,-0.0019943561,0.0027021583,-0.0026642151,-0.0084371205,-0.0050939948,-0.0022127143,-0.0006560102,0.0061514768,0.0006128998,-0.001444027,-0.0024609721,0.0029725464,0.0077293015,0.0020119151,0.0055030085,-0.0005998383,0.0071310704,-0.0021277187,-0.0026858698,0.0010216018,-0.0022152203,-0.0041279951,-0.0071739584,-0.0064450249,-0.0045592019,-0.0017784667,0.0007703183,-0.0041068113,0.0036278967,0.142347512,0.0093372742,0.008913547,-0.001686651,-0.0044635184,-0.00796323,0.0013065442,0.0024865652,-0.0072499326,-0.0033275179,0.0022310585,-0.0028031807,0.0044813972,0.0027168343,-0.005935253,0.0074590589,0.0016889826,0.0189663027,0.0002328583,-0.0016952668,0.008813128,-0.00263493,0.0107567821,-0.003190009,-0.000196026,-0.0124192493,0.0041675531,-0.0034926441,-0.0077498562,0.0023364031,-0.0051457293,0.0044368536,0.0012135344,0.0078223993,-0.0019921514,0.3190363278,0.0040079574,-0.0039567444,0.0044553574,-0.0058255688,0.0024727408,-0.0011788943,0.0018948753,0.0007876503,0.000633719,0.0083405298,0.0051913868,0.0068722345,0.0006573384,0.0008624628,-0.0052382204,0.0043016031,-0.0126697224,0.001802851,-0.0010806199,0.0168228302,0.0080981455,-0.0038047221,0.0027251805,-0.0067674363,-0.0070345285,-0.0054390211,-0.0000379806,0.0070080409,-0.0045605221,-0.0119971134,-0.0020477779,-0.0068012598,-0.0132230999,-0.0056323911,0.2409687887,-0.006252359,-0.0005078792,-0.0105455145,0.0058354934,0.0016352713,0.0109780914,0.0051946393,-0.0016208805,0.0060690771,-0.006928658,-0.0026058468,0.0037713905,0.0030758972,0.0052438169,0.0035364658,-0.001592775,0.0090952108,-0.0003143865,0.0025967582,0.0069217429,-0.0043802845,0.0009449316,-0.006840093,-0.0101218695,0.0044732673,-0.0027251466,0.0059598129,-0.0036527151,0.0070871432,-0.0050318974,-0.0177382752,0.0037318115,-0.000013813,0.0136786413,0.2074694424,0.0036744454,-0.0018944071,0.0093508551,-0.0024720712,0.0043473337,-0.0034797018,0.0024641588,-0.0060251313,0.0055649477,0.0031279314,-0.005279078,0.0004680232,0.0035579705,0.0060866985,0.003243624,0.0061634619,-0.0084465382,0.0052399768,-0.0008817812,-0.0002922362,0.0032207331,-0.0009402979,0.0025000578,0.0081967458,-0.0021573754,-0.0002332945,0.0087748069,0.0023363504,0.006015683,-0.0085766098,-0.0008783423,0.0039480717,-0.0007011328,0.0018100622,-0.019087733,0.001854626,-0.0004993865,-0.0060820406,-0.0005903238,-0.0008549405,0.0042282803,-0.0033234627,0.0033000088,-0.0056024321,0.0016617596,-0.0026525128,0.0081757555,0.0087043563,-0.0009478951,0.0001551474,-0.0074595736,-0.0048102205,-0.0012946223,-0.003290678,0.0036438469,0.0005736608,0.0024325846,0.0008168053,0.0031469342,-0.0055005434,0.0127254142,-0.0019080443,-0.0043953127,-0.0011705565,0.0048895659,-0.0065405244,-0.0041020935,-0.012288733,-0.0004967218,0.0801961094,0.0000002545,-0.0000016963,0.0000004903,0.0000022281,-0.0000031811,0.0000010772,0.0000011442,0.0000005457,0.0000023988,0.0000006874,0.0000070335,-0.0000033814,-0.0000028097,0.000000908,-0.0000019138,-0.0000012565,-0.0000005434,0.0000016506,-0.0000032224,0.0000037488,-0.0000009682,0.0000002318,-0.0000027181,-0.0000007508,-0.0000020673,0.0000026461,-0.0000030974,-0.0000021434,-0.0000022097,-0.0000014045,0.0000026858,0.000000762,-0.0000012083,0.0000057305,0.0001481651,-0.006992971,0.0028897899,-0.0028958078,-0.0046202831,0.0014548515,0.0021483308,0.0006690703,-0.0028711069,-0.0022246651,-0.0070634594,0.0028016525,0.0022348475,0.0003656212,0.0135928074,0.0003476043,-0.0069416448,-0.0025797959,-0.0033601512,0.0017489477,-0.0043191408,0.000575052,0.0011556346,-0.0071202662,-0.0010005744,0.0044316507,-0.0037863828,0.0054804785,0.0077151944,0.0071980293,0.0041280442,0.0037865481,-0.0009284601,0.0134785612,0.0010078776,-0.0560655357,-0.0023208557,-0.0053023925,0.0078525832,0.0013583983,0.0028289251,0.0039369133,0.0031961045,-0.0006883828,-0.005378757,-0.000159565,-0.0001175163,-0.0004028997,0.0000676326,-0.0088705657,0.0005135472,-0.0014922938,-0.0049228032,-0.0011258461,0.000877338,0.0017508713,-0.0067437749,-0.0132946958,-0.006499553,-0.0035305501,-0.0046042297,-0.0010631952,0.0040790266,0.0039563014,-0.0140303505,0.0000320518,-0.0023711041,0.001033974,0.0005005539,0.004705335,0.1661122087,-0.0100536474,0.0043024149,-0.0112119482,0.00131934,-0.0135539275,0.0020859382,-0.0004551178,-0.0076906994,0.0012182741,-0.0093456333,-0.0003671525,-0.0086182162,0.0017630088,0.0030837952,0.0042522409,0.0033646109,0.0044575013,0.0001524347,0.004417239,0.0101351671,-0.0089578212,0.001921458,-0.0053875899,0.0066349638,-0.0006903377,-0.0061475568,-0.0044958398,0.0065690273,0.0009001241,-0.0040459609,0.0070846277,0.0040825111,0.0109109243,0.002700192,0.155050866,-0.0006213711,0.0061550073,0.0035888379,-0.003561247,-0.0007685917,0.0002138414,0.0045685301,0.0072587276,0.002790197,-0.0099733016,-0.0018078105,-0.0032495859,-0.0068299732,-0.0044735179,-0.0055758939,0.0053860084,-0.0033489329,0.0032674539,0.0096033385,-0.0048448718,0.0046261628,0.0107261248,0.0012520131,-0.0114543759,-0.0024045282,0.004333068,0.0033529488,-0.0063453619,0.0020482988,-0.0051018649,0.0132310219,-0.0016766523,-0.0036950703,-0.0054480714,0.1279685904,-0.0019109525,0.0016099417,0.0017654052,0.000932009,-0.0001136125,-0.0000363499,0.0000197746,0.0023848124,-0.0008649409,0.0038991297,0.0000809435,0.0025527461,0.0025916848,0.0005898508,0.0028559731,0.0032657769,-0.0021618274,0.0000519052,-0.0005865472,0.0002902627,0.0039101474,-0.002222444,-0.0038375321,0.0035519451,0.0043471842,-0.0011721176,-0.001901166,0.0015161473,0.0011553348,-0.0090867692,-0.0003590779,0.0021625324,-0.0036738708,-0.0016696898,0.0533167106,-0.002447224,-0.0017052444,-0.0010682226,0.0020824035,0.0026252849,-0.0048990256,0.0017102452,-0.0037125828,0.0060366693,0.0071805104,-0.0006877745,-0.0037807653,0.0020023577,0.0059190913,0.0032040295,-0.0005418594,-0.0008208039,0.0081151133,0.0078242663,-0.0024878101,-0.0027735503,-0.0041773007,0.008885988,0.0012470252,0.000022745,0.004206625,-0.0031274819,-0.0036387805,0.004127326,0.0000671337,0.0027995388,0.0015377166,0.0005526613,0.0054580854,0.0926838877,0.0068932227,0.0028066983,-0.0010420278,-0.0044849706,-0.0032981625,0.0006005488,-0.005229617,0.0028232964,0.0026543144,-0.0076927249,-0.0001826374,0.0014665059,0.0008310412,-0.0011666685,-0.004188003,0.0094062119,0.0026107379,-0.0037856678,0.006694229,0.0016510476,0.0044159361,-0.0051073273,0.0036340092,-0.0070761148,0.0045493393,-0.0011643193,-0.0014634898,0.0030867042,-0.0001188249,0.0046099624,0.0076403073,0.0014164596,-0.0050954866,-0.0026874643,-0.0310027453,0.0019851403,-0.0022842542,0.0016932175,-0.0066104021,0.0007855797,-0.0059056213,-0.0062418394,0.0008806713,0.0002758182,0.0004011018,-0.0004465867,0.0007458727,0.0003267689,-0.005502076,0.005040824,-0.0004209373,0.0038565875,-0.000343916,0.0016887351,-0.0001274308,0.0028071418,0.0005262734,-0.0011648811,-0.0006683761,0.0003651469,0.0008054667,-0.0003807307,0.0029010828,0.0033670501,0.0014257803,-0.0063155769,0.0002332176,0.0053706354,-0.0033292105,-0.0075693511,0.0058317151,0.0048781487,0.0037439044,-0.0023588208,0.0046319843,-0.0082265763,-0.0010119517,0.0042287472,0.0004577912,-0.0061345582,-0.0023996316,-0.0193306232,-0.0039205009,0.0002732949,-0.0096528435,0.0002527824,-0.0109897593,0.0078893793,0.0021519909,-0.0025472419,0.0089839581,0.0021048859,0.009592467,-0.0062370197,-0.0039203933,0.010164713,0.0129949293,-0.0044086445,0.0051635054,-0.006094113,0.008515874,0.0053992234,-0.0041443762,0.001315931,0.1350759125,0.0112055888,0.0041067006,-0.0071528417,-0.0014565001,-0.0006734487,0.0008679192,0.0061194126,-0.0013752426,-0.0055094532,0.0057241841,-0.0021238618,0.0052338946,0.0002591693,-0.0056646418,0.0006411549,0.0021511585,0.002854662,0.001516768,-0.0098878537,0.0047636748,-0.0012996434,0.0012446934,-0.0012965686,0.0062738946,0.0077638629,-0.0023726008,-0.0033727624,-0.0018920815,0.0086711044,-0.0016022059,-0.0034976497,0.0053526203,0.0116620003,-0.0090741145,0.0447690157,0.0036668343,-0.0002166056,-0.0010847524,0.0036671496,-0.0018676341,0.0025118806,-0.0127710392,-0.0020007135,-0.0027367748,0.0013150165,-0.0097611981,0.0050100525,0.0086331997,0.0018102524,-0.0001217763,0.0072658945,0.0014260502,-0.0073208292,0.0007888606,0.0003593404,-0.0038998428,0.0017409245,0.0033055645,-0.004585978,0.0016189,-0.0039100013,0.003288585,-0.0015197689,0.0002334891,0.0005775136,-0.0038769447,-0.0071188843,0.0032668488,0.0226190611,0.1289263312,0.0025262972,-0.0011080801,0.0089369979,0.0043010611,-0.0018424681,-0.0016861201,0.0059855999,-0.0038581514,0.0045920918,0.0001820454,-0.0001601831,-0.0019120642,0.0054377242,0.0018764557,0.0057400175,-0.0008211114,-0.0029962393,0.0038455973,0.0054563678,0.000192048,-0.0006225217,-0.0041498863,-0.0004062588,0.0065034646,0.00228297,0.0092524327,0.0044226086,0.0052783054,-0.0066133851,0.0027324494,0.0027408225,-0.0020482242,-0.0009081595,0.0060522816,0.0908108811,-0.007256725,-0.0025517967,0.0031506657,-0.0025715548,0.0001110522,0.0009411045,0.0019822037,-0.0015438683,0.0088331673,-0.0051692239,-0.0006590508,0.0005511861,-0.0002864325,0.0016722402,-0.0014458735,-0.0005053876,0.0003278353,0.0037322753,0.0031330927,0.0096577132,-0.0041666422,-0.001351267,-0.0066550282,0.001348741,0.008992213,0.0055669362,0.0000746699,0.0046339164,-0.0090113465,0.0051579243,-0.0017073382,0.0025237591,0.0043844683,-0.0001967898,0.0090267261,0.0005267665,0.0056930387,-0.0016724785,0.0074171107,0.0019888236,-0.0031023884,-0.010144234,0.0046376972,0.0028732226,0.0055501094,-0.0027805058,-0.0058655553,-0.0113923684,0.0041430257,-0.0001091294,-0.0014430879,0.0111485086,0.0009776763,-0.0026077168,0.0049854952,0.0001253281,0.0017659943,-0.0050227,0.0074746545,-0.0007539248,-0.0109054035,0.0072181297,-0.0079602462,-0.0011622266,0.0067474592,0.0113494089,0.0040062932,-0.0046516265,-0.0038981405,0.1238436558,-0.0031634619,-0.0028217802,0.0036126446,0.0043085414,0.0074468046,0.004013547,0.001386611,-0.0023999005,-0.0004338292,-0.005963342,-0.008361224,0.0007509351,0.0003365293,-0.0012641466,-0.0048508717,0.0053016497,-0.0131694988,-0.0023385167,-0.0093754195,-0.0039710652,-0.0011306845,0.0023876791,-0.0022168759,0.0011755601,-0.01241991,0.0116182317,0.0031029813,-0.0074797193,0.0044117471,-0.0028211176,0.0073575286,-0.0092593596,-0.0011305036,-0.0047045944,0.0788124456,-10826.1517332037,-20110.364271279,1.0696683315,-0.5788237579,-0.1458792499,142.0517807068,-4525.6737496831,20336.9392006068,-0.3135973526,0.8322674886,0.9676106406,-0.5374302667,1419.5586055056,-0.4936001813,526.7840572943,-0.4153053332,0.3996762665,-67.5261664135,-1.2926035813,-0.8497732167,-8850.9087148383,-6708.8593049948,-0.8406232814,-1407.4879177786,-0.8479514565,-0.508111378,-0.0449854625,-12036.7949682301,-0.0517761971,-1.3025794739,225.4126875814,-12469.1383635887,-0.4343892559,7182.1916533299,-0.7646529724,-40420.3638633073,31.9123705014,-3.4526320889,0.8041663808,-37.9467057946,2143.8558118979,-1585.4341140414,-4534.3401536661,0.8394873992,0.4730830729,-3.6282179919,39314.9094682416,1951.2551710968,-0.3110144481,0.2498213411,0.3876278247,-12118.2543529199,3415.5118493403,-5860.1818211579,1016.8590231833,-3821.9400656979,-7166.6183589318,-1162.6272813955,1344.5771850527,-7879.5337464928,-6039.655371296,730.374738218,12605.9387869675,-1352.1448672715,710.9121297176,8119.3065444252,9083.0866408134,-2343.0605014204,11502.684076891,-2073.6141366419,7988.5205964681,-1996.1483877728,-8648.1899499996,-976.6042077606,-5.7930046854,1892.0926563021,4146.5820324617,-6756.1185617753,-1.8402303715,-4335.5926773215,13956.8940500098,0.3709676203,3115.7706577581,-1572.4477415633,-1789.425776439,554.9954982544,-0.7574329594,-6725.2447135965,-1227.330880808,-5534.4275424237,-34.8324551441,-62.4969822434,-0.4391915265,-0.9182347711,-7503.7735951438,0.794377585,1557.0400718918,27.3899440078,-2172.1336225061,10.79225352,0.7199706975,3470.1557800763,-4120.1682407193,-0.2749294934,-94.9140919544,-1421.179700192,32494.2836585272,707.4138419985,4.3900232123,4477.0361607374,-0.7004510011,54.5640928483,13492.927281573,0.2068571058,1.8501764432,-0.4424460646,70.5936198381,5.0169133346,2889.8000233922,0.6752316493,799.6199472355,0.4048499508,2234.7044004912,-25707.6590586039,-11826.0288340781,18772.3845221623,2040.7270595359,1624.1432494904,-0.4952835975,5936.5415904718,-399.7988441432,12900.0965907019,-0.8468241341,-0.713314285,-1.0424203084,0.4813870786,-4743.7929161706,4081.1730503779,-1249.7880952569,9060.1539307041,-9996.0932830729,-4115.7394937756,4446.3951035354,9727.1245837587,1053.2087407821,-2187.0081291535,8588.1975622517,-5914.0486276633,-1504.7245069536,2699.4158055016,4635.8717389577,-2809.1867939602,-2730.0692918805,3626.6759313225,-4670.3568056048,5115.3814642345,5.6912366402,5503.4935327069,9956.4902910233,-2860.9481186905,2818.615156884,-2620.1815371193,502.9605527639,0.5001994852,-685.7807872618,-3239.9729440579,-7009.2430861381,-4755.7566457688,2837.913761921,2479.5347197105,-203.3697923203,1.2340505899,5100.4855218133,-3.0930532914,1950.3329594528,0.3243874098,-4747.8081470385,-0.4679475983,-0.7170316159,-0.2214344962,-0.3353077875,-0.9167888837,-0.7357997616,-33306.5096008417,8624.3083710499,0.1403540354,-67.6267651831,30.0625083423,0.7592101986,-1144.4498824226,-14896.7487329625,0.4259598994,0.9286731181,0.9029727082,0.1860705572,-10059.3185370996,-0.0199700276,0.7680471462,8183.1646975017,0.7974341246,1061.8190800138,-2.6622330641,-1.7916201377,14424.6353533817,-0.8020495957,-28915.1453925152,1.1575677683,-280.2041805761,-0.5499866418,387.5920368783,-936.7977310413,23148.7123974173,1303.4535332934,0.6310945493,10638.8255193088,193.8654129146,-11259.4604462693,-13676.1690545279,-0.1400816762,-0.7255279572,-282.5617660662,6623.3805073688,13908.5714995164,17860.0256118626,-5775.6660420272,-1215.6187446685,-10000.9440936696,-11352.7940544938,-6380.2291036276,1205.909330296,2729.4520337451,4.9296843376,6144.0314681961,-435.8668824211,-18443.1650090997,-6629.0038332067,363.5138922849,-2231.5285143982,-2709.0809542409,5928.6310316675,1884.2028229899,-2423.0411870358,2641.7390560444,6467.1746572223,58.7261463964,-5852.968874134,18.9947254268,-6929.9700488725,10239.3907391977,-3300.0829318604,-10188.7512974867,5032.3059508301,-883.3977641813,2464.8025449849,-1.7246640431,-1125.8030781762,-0.1049674662,-1918.0635907173,-15039.5317850861,0.3222762767,0.3706039024,-1047.6236168496,569.9754139109,0.2336996157,1.4216656917,-0.0555058129,-22201.2959644693,1475.40715266,0.7570968922,-18120.1935929741,0.2836849508,1.1111640524,0.3569992533,0.2152673429,0.5126777431,4.0414166268,375.8314252617,10988.9042445094,-5.0541728989,5594.3149623581,3824.3123427196,0.0196945994,-771.7172973692,22.4388875238,0.1541898025,-0.0935752499,7151.4324737944,1.4571056143,2526.2051151321,-0.4007932025,51.9090967791,-28014.8816961254,0.1685245098,0.4811645109,0.5946795562,0.0058519875,-38630.4437359394,-1.379098556
   -0.2758089952,-4.7348716519,-1029.9031716735,-48.4692842194,-18995.8660416137,11178.6906876572,-0.3640815885,-0.6390597257,-11870.1160775608,-1859.5083397922,4010.5683072119,-5916.0834908374,-170.8043309584,-13090.7933519556,0.3164016952,-4347.2498953018,507.9240959337,-12.3249313028,-14363.1131674696,3182.2859352565,-14470.9304754812,2267.8266689196,-1377.9535185913,6510.1310562154,-4399.7249999826,1636.5030001124,-9420.2201851648,7398.5255619877,-9965.1669954329,-3760.2363550271,2435.9172268876,-2364.9148189467,7453.8184548499,1789.726330501,-990.0462617647,13.5768778851,-18279.6600649138,-3736.1334084252,-776.6549109227,-23467.1501027092,-3.515695942,1501.2627229553,-11280.2308807622,-1205.7355409948,1152.3690975129,6.4636955417,-0.0894633767,2711.0190620322,32912.220863051,0.2367930256,-0.6129370695,-0.6468448732,0.6917112415,-0.1019973383,-218.8387833775,-0.7483592082,28.4991840469,-0.9015837472,0.3224964534,4183.8550422464,-0.5657900833,0.4697534054,-17619.3485852936,-0.8474463186,5463.7219175836,0.4901371878,0.9286874881,-10074.0118548889,22332.9614578567,-0.5453294901,4009.9940520527,-0.0548553348,0.0201325239,-3.336877901,0.4268680467,7882.137193192,-0.1716767905,896.6146447753,23.3630975957,-5574.8298654832,-5.4718190735,-0.7184649343,91.5708072856,-72.2744168743,1986.8827189484,0.488411987,-0.3649862331,0.7051165484,-2.217122938,-2105.7687489593,-0.6675675847,-0.3952211584,-0.8060886614,-4274.17957673,686.3122283563,16009.3380820681,-12288.2390662142,1.0823645207,-4938.6334165254,-3326.4141188846,11940.0828197624,-4225.5289483504,-248.9454596829,23234.2857213642,22306.7012310839,-575.4515472959,8288.4175399506,4466.5113607187,-99.9778936215,4818.6624233677,2900.5643997792,1753.1269270536,3799.8152157116,8249.3605154732,7697.9077755519,-7809.9587509963,7003.6773974225,-9588.9847339312,-8.5454863824,10329.8521081634,-6506.2592027397,-9377.7353573342,-13553.6799117207,-1.2310537461,-8955.3874620569,-3973.8848215121,-175.0750948078,2641.8484096321,8410.2315408041,-1.4880748696,1.4502288508,3928.6070496404,-27.0511443418,-1783.9856856218,0.8379711418,-0.4246984756,-3555.1985905287,0.7354167521,-18617.8602884664,550.2312507706,0.8081116252,-3695.4590986129,0.4501373841,1998.881988309,7.7242260522,-0.7031030284,0.6612107642,22462.23108836,-28.4217609049,-8191.0946347566,-4184.3025251077,-0.7769384754,-0.5239089346,-14544.0314889552,0.212697008,-0.0859331459,-0.4629742325,214.7112960852,-6534.7264030305,116.1079241187,-7976.582704044,-0.8812203631,-16241.9067956572,-1.0311963584,0.1661787719,-0.3392274943,-0.8574979132,-41969.1704668888,-21110.7286147501,12701.6264624166,1345.809839148,0.8668210783,0.4037323683,0.7782079792,-20589.9047774216,-0.0349977994,4038.9116203808,-0.3355052738,-5190.9018837979,9598.9006001199,4393.7647157555,9609.4540961656,2016.4408157336,35.1294741227,-2905.0940772217,2011.7714963142,-70.6840034744,-8666.8044658258,914.0164819049,267.1721936552,9353.5011957145,2985.1434562816,-3086.9211307423,-484.7139276754,1056.1330572575,-6881.148972156,241.8035671185,5349.7005128646,-663.7019027352,-4.6616375459,150.7743182361,4467.843137255,-64.1382028076,6988.5339864662,-7664.5252817493,5704.1260174945,7845.9859007131,-2225.3394998038,-10515.7872460977,-7840.6021652323,-2769.1349561596,-13.3896021022,-602.9402708038,-0.4627021455,4867.9020293199,-4943.2910311787,-0.3284068495,-8314.7562963382,10514.506752285,-1747.9172631307,-3.385333188,-2.8621788129,0.750518938,-6697.6468954074,-1800.1408642194,1601.82893346,1288.0519243793,0.8461928904,-0.307954916,-30906.514887383,-4.0141586622,-0.1453746275,-3095.6383264629,-0.5756922797,-1713.4962542861,-0.2726072166,-3.568080236,2932.5444027388,39.8273321969,0.6273504569,2469.2776919681,5928.0397918641,1.3984998535,65.3236771827,40017.355988783,7553.5498502493,0.2188604318,7119.0404001604,0.1725998823,0.0604113339,-5330.9465363964,11620.5622133987,221.9787771953,-12147.39705656,-16.6696360611,101.2886113822,0.1229780311,-0.5297738369,3378.8531885694,-13150.619155965,-0.7691813568,0.5398464136,-0.1469502062,4441.362577794,3280.2982110511,5896.8008893973,-6.4167361879,854.0158712296,-8142.9699465255,5845.0266528754,8.6277671778,5488.8386336011,25.976942805,93.2685474064,2323.6154563949,-10310.810367442,-6884.8015822626,-66.9493268512,3450.4867674805,2.1526371016,-12816.7520502618,-7394.7354558587,6296.6346153204,-5817.8991850555,-2568.826235061,-5415.0455237484,-4153.6956476674,112.8300827438,0.5829143024,1944.8126467401,-2444.6015102006,4038.4624050161,3444.4736736858,1231.6764426632,6674.5950968942,-1526.7019275073,-0.0269985355,-33939.6415614725,0.1108780236,0.4927443404,-0.789111432,-0.3917875237,1811.3841577961,-0.3127208433,-10.9628251218,-0.0460122676,-0.0470618786,0.8427601978,7327.4203980565,112.5152766322,0.4721893573,-0.9238128492,-0.5406837571,-0.8558471918,0.9407112757,0.221580489,11559.2685484128,-0.0981100471,-24635.154454804,4597.9370249215,0.3613822551,0.7097786832,-0.9494699379,58.9307979106,-0.9827301572,-2177.5221590936,1.8296635415,-193.3147687058,0.4714551497,-10519.2515990842,-2811.0611034809,-0.4478001184,-8.9327053807,51.6468238388,-2674.3689797576,-0.991636569,-1.0133528435,-1232.1460782216,0.5476445679,0.9562801921,-1402.8610009742,24391.8104718385,-8352.2557135997,-3301.2825972974,3827.7553096672,-1722.2710212601,-0.5239351025,0.4650115598,-12649.2882063814,5400.269309443,-2339.0504499913,-9105.3285497765,775.717902204,347.9553594213,-32.9582103903,6474.3474041308,8623.1190673126,-6987.0713124508,-5398.5349032875,4926.223443943,-9254.1623171917,-4599.5490279264,-4322.9417423449,-2985.8117199662,5343.5898373341,-1269.9568975972,-1708.9242442986,21755.1490655014,-3827.4736716643,-15364.1009561751,4645.0456738553,-5944.3724479416,2377.9416961196,-2386.3595409534,799.3940290898,-294.0616518536,-3056.0676157528,3661.6902055753,-6.8027176864,-3429.4743415436,-8340.9490928826,-306.8936158082,-3116.5563782304,-1.7617862559,-1070.5768788821,-0.1973260409,-2270.4217883266,0.6401789821,1002.4082838964,-0.896864363,0.1209255126,-39.4756654952,0.6174648656,2987.293668625,-0.0778814124,13711.3956572625,-4342.9498635406,0.598395196,-0.7564225926,-4622.5108605802,-0.5143160656,15419.9848647945,0.617347433,0.049731473,1.1855270919,0.387443089,0.4030690503,3783.3772316034,-0.0298123485,0.1798492262,9119.7200912209,-0.1152095196,-1822.9526605686,735.9916734714,0.8327232949,635.3293343476,-0.7328188162,3366.5774861814,6.0913546994,-0.190340134,1.1595741864,-0.4514515301,-9554.366166689,-12951.6887897975,-35965.9417745596,0.096401007,-0.8855417172,-0.4924838683,0.3767705276,8787.660004601,0.7931036629,0.7711044467,0.042372243,-2441.8568018851,-2418.2962596967,-5785.6242557286,8186.0050009144,3682.5410625266,3670.7489623031,10191.3806430247,-1855.3523714548,-289.8550498343,-12.8969771287,-13969.2396801692,-11330.8515945406,-3442.3217430455,13769.8931249097,12783.3252212671,3757.0333221692,-916.6383856621,2181.2277044872,2021.8850006905,20588.1085191115,-11119.6694276847,-10263.0684233417,18382.1103007015,-5263.6902419247,3805.3880344584,8710.7642144846,1603.7537170923,40.4398011451,-8182.8132344553,10891.9089738535,0.4338040141,-9033.8756599314,-4132.715281603,-0.040338007,6302.2621315984,-9746.2534202493,10.3080619607,-39916.8215337398,1.1377301824,5088.5745513717,-0.9352233693,0.478134846,0.8156720166,-0.5596817086,-0.5028110633,0.5068654298,-7.5271662666,-1.7419897105,-0.8838112617,-0.1568650753,-28947.0534188432,3948.7069047977,1.4175982492,0.0904677724,-4490.2583540654,8188.6887134174,0.7225880155,3628.6553963411,1246.926948185,925.3043914087,-0.5175440396,-11533.0979913604,3168.5851758059,2143.3180845918,-0.846232698,2517.5757126504,1.8234357079,-0.8244288228,0.2474917332,-2323.4395368183,-12995.8224341566,-3.883502678,-0.0229443429,7049.8328329172,0.0031120169,2826.6102602955,2593.1769220958,1.0222996859,-0.5972423851,0.5501112816,2711.9751217272,-11980.4338608911,-0.7552124294,-46.1087615985,0.2040561117,-1091.5571452659,3892.4851635362,1323.9245553326,-4219.2625878011,-9.8881699397,6308.0172031373,792.4822830597,-25.3715001175,135.1740664354,1.3012659745,3238.0339318054,-9865.0695384999,0.4779522962,-8297.2983205618,-16473.7323965569,-1332.6806027924,-200.9840052222,1739.8560427566,-5421.7529011774,-243.5209126275,-0.7784297269,3532.5821682698,10038.3417539992,-173.7437566027,4956.0266095677,12302.2441891585,-1949.7684631754,0.1433799681,-3740.9308598998,7306.4077710514,-4890.1719031424,3487.6824331205,-9332.1215768461,5811.9691423487,12400.5255016098,-4.1883033769,0.9829154428,2882.1867724862,-92.7947067693,-0.0826102257,-2570.534277275,-14205.7084811783,-21668.5307430146,0.2369297007,-0.7973219029,-0.8364843528,-17081.6961093425,2.210692668,0.2173341548,0.6943295244,-24202.9681909308,3.962187355,-21667.0258628744,3584.0166601474,440.5084200303,3763.9965207653,0.0966214011,0.65101295,-8969.6126787532,-353.2876764618,-94.0819756951,1976.2288591553,-67.8905013883,-1033.6973057535,-2525.4230695116,4175.8599546309,-16568.2006678878,-27113.4760361653,-0.596135542,-85.7872038909,3601.8264098493,10107.635265372,150.1414113584,-1044.226323482,492.5580891272,185.7887446852,-15590.9015666158,3.6743032986,-270.8998122312,-1598.9828142365,-0.1413639421,8435.892830984,0.6987361496,-0.570772114,0.7796725531,14204.6028730121,4662.8502263908,-20334.3541005825,3.9943146748,-2250.1018189052,84.0089969451,4640.839743935,-5618.1720290395,184.7516174703,-4522.1546359929,-1572.8505287754,-4.1835353248,4914.1440171943,-4266.7701640218,925.3305206318,93.4977635149,-7294.9315660576,-2003.3910219704,1023.6746830372,-10308.6084542522,1781.3477423255,4362.4862595479,7805.7688249671,-5642.1815675367,-7837.7193807357,-4252.8645483383,10070.4487809789,10694.9447369597,-10595.2153639899,-2982.2080100141,-18.2215171485,5620.7364520724,-985.7153311606,5209.2080312922,-6715.2898058444,-2774.1271174962,-0.3970993552,-0.607576528,19571.3240175907,-2963.7777882032,-0.7076705925,37429.9110669627,-0.1647551653,0.3375132216,0.4913049149,-665.5761514004,-1.0213856873,-15.050555566,-19989.0898363941,0.1122374141,-8096.2806804158,-4155.9268587775,1.329023226,-0.482778138,14152.5498008345,-7010.5995857729,-24369.3525966482,2347.4316289271,6919.0059215825,-7259.4959098772,-42129.7211028582,-0.4387186922,6.1619321329,-0.0574900995,9501.4582401093,235.327723657,7647.9036401102,-4550.6965966817,0.4636610713,-1137.2227930327,3975.3810268153,16454.7512052044,0.5258407647,-9530.5446339682,-7653.3040691857,4.9121414104,-1692.1312014952,0.1805129257,-0.715712085,-1031.0377549734,4955.9668019463,7010.1118235817,-12818.4570652386,6585.0025633084,0.8167921798,1186.4229149525,-5073.3952707886,-4.3514004476,-2427.9011664034,9386.5394284004,2799.281496679,-57.7326586705,4682.4409434958,9230.2502296835,4201.258742606,-3276.9747501874,-4563.9608539291,114.6432047215,3175.3431685137,-561.0009122542,-5371.2077692478,1848.7722234894,1932.4797951983,-9593.839507356,1214.6349369048,-13337.4907767646,-5434.5192773998,-7091.4478035627,-598.0428977426,-3232.1681732889,-9572.2738959029,-10606.4173779663,6267.9682844747,-4369.2213371706,6528.2366119479,7312.6373186499,2138.4218316893,12039.5005053229,4208.3955103584,-6261.1500585273,-606.440818188,0.2936551042,19477.4832678879,1536.2907398675,18.6357068349,274.4401058362,408.5763665045,-10920.1265814697,0.478266547,0.4548119283,-49.4346138106,-2858.7862490095,2.0422937329,6406.0267699867,-0.4059120974,-0.9158761932,-0.3378399075,-10919.9584300889,-5547.7791015401,866.8850953443,14527.2293943976,-3679.6183881233,0.929160652,1.1717271075,-0.3536491571,-4129.0139502531,3864.7031112887,0.2736737794,0.2823056668,-114.229605109,4696.2096293007,-1.5319713391,38107.9247323365,-0.7247410116,-6858.044360425,10769.7676814822,6795.3762654242,-0.5456833612,0.5174521579,-0.5309110027,-2484.6299450847,4160.0443780839,2.1500362393,-0.3252651134,-5057.8661456748,6260.4208867045,1838.7224659426,1664.5369118384,-9105.8686877104,18.533937931,-208.8727886154,13070.7035227315,-3691.2699336569,210.418918114,3717.1137603285,136.7719028294,2814.5894720229,-5297.2909641685,17435.609479629,-8087.5251019214,2533.5424375408,4959.505531501,2472.7709934172,2294.8406365422,3692.0991983543,-541.0136327851,-2234.6447981708,-8490.9433773506,-9331.3568611679,4598.3885681213,324.6972341612,-11898.6907884171,-0.171991243,7.725850085,6145.800339547,22062.4349045908,776.9130161811,3562.7310169189,20079.0077428168,3543.9791292761,2400.7241234946,527.0525555802,-14994.5242365913,949.2241298168,-15640.7787336898,-11309.2682062448,-33024.0586740252,-0.4592832528,-15456.0489736023,2761.5871116047,10003.9930432712,0.2601199895,4277.6528661938,0.6983208145,-0.9952073788,-9699.3758333118,7071.2580622487,7485.2844298414,-162.8254003212,-0.8542493026,-1124.2175905523,-0.5655287835,4276.7392687784,374.2785310598,12925.4966827958,120.4279141164,390.9615037889,-0.9689003612,-0.585799394,-1.0322486805,-3544.4842547739,0.8519042372,0.0414773603,-0.6792531884,0.1295001552,14465.2535422891,-0.0907454555,-1626.7555941024,0.4740237857,21437.5883282232,-0.6764426209,608.6273017943,-0.1919088928,-0.277316733,434.8346542014,-47141.4791824324,-25577.3658442372,-593.7680997498,-1.3757218203,-1.0195704821,-4504.9353626266,13671.9961197512,0.9680180685,2127.0981353659,-0.221785955,4171.1934285586,5816.292720815,-9160.4530335841,4037.0802443737,3316.0416395459,2039.1753811299,15105.4159616554,5187.037348508,4155.8844765424,-12712.3169639985,2195.3578509665,1652.2185636464,3337.0086483911,-6369.7530314274,482.5981606566,-549.1233869623,-3086.6837441906,1033.3702442493,-4199.1210607612,4237.1441587469,-0.7876710625,-1.6627588425,-995.0370726169,-6694.7103739424,-19504.2591122485,-2.555784257,-6688.063212717,18908.2816879152,6042.6901904103,-9520.9760565307,-6007.956729121,3091.9960183286,11861.9673135074,12934.8699082961,8201.2180457043,-0.8117870856,1.5749516712,9914.9259928522,-1757.283879865,7624.3865251735,1713.9855337822,3179.2212551758,1.8940473521,0.0808399472,0.3621863932,0.4559945906,-20826.0921872343,-3276.8146085661,-0.8613557763,-0.6550360057,-1.452597845,0.0122506199,0.9895938427,-1094.8030542892,2304.7376996121,2902.2641430943,-19164.7830498715,-0.3708946698,678.420034831,-0.5739062833,-1.3391378079,4640.186504576,0.6532078218,-1634.3054324619,-727.3600832242,-0.8277888562,6851.6287545653,1863.7025278556,0.0002552304,631.8271378478,-0.4018284949,288.2042740332,-0.9672317292,-31281.5539871213,15086.2309659002,2445.1327309802,2542.0365229285,38.989748739,-1320.9645863914,-2026.0946886782,-0.8103057481,-671.3959308441,18.545305754,-690.1978680147,-0.1619723299,-9889.1339319314,-59.6126787252,3692.5007957272,-4753.2713012587,-3527.2596757145,-10801.5605044469,-2338.6897967395,-605.7103721602,72.5091690143,-4112.2588822256,-175.1599479684,16510.7437445103,-10373.5636231665,-4093.1329160012,672.2709618758,4979.6939290878,-1386.7347143313,-1847.0747515024,12848.9418972612,1202.302887528,-14.0526165873,1787.0660133059,2567.5739867163,0.2612297574,-8409.9259171511,1665.3406780057,-7184.5859310061,-9966.4200218948,-722.5727822199,6776.8494008457,-4469.5257017941,324.261607395,2440.6291993286,13.2867555523,-30243.1725457209,0.7604524544,-8570.3232862966,-29154.4505923092,8276.6522977801,0.34233351,515.1516029881,-0.076050991,-43.4450065821,-19686.8246268506,0.4356156782,0.3388622905,1616.8200739087,0.919259089,1060.4484957253,-0.8257422193,7947.9129047262,549.5256360627,-44.0575571564,856.6835233336,-9826.6529902025,4408.0866288005,-0.4073962402,0.1684672074,-23.0341040695,4806.9025745309,32592.3032455071,2.3661930301,143.5226976555,14125.3720351076,23.0877818844,-17877.5398752557,17879.3129071311,-2.9645693662,0.5615362627,-26239.582812419,6727.3076918079,-4683.0749085156,-4858.397432217,-3370.1482875901,-699.6317379634,-1.5472065612,1821.1453360209,4.9690902437,38009.1712719373,-2787.310228811,32452.8954852501,8258.0575496897,0.0177791279,47.5895386601,0.1314157796,-10286.5496690265,-10651.1572640666,-7622.0039371102,-8838.8484948084,6752.3152652368,3975.9055075995,148.9883082896,-8.3671955076,-2779.0856421309,-18336.3933614825,43.9621420087,51.5810902536,9172.2813627992,-8354.7350145177,3131.6085459644,251.1669776298,18976.2230289361,1453.040243412,4420.7136110474,1835.36739613,-13092.3294343933,1349.7426983929,6268.8728201444,4047.9474119587,-3985.8304866056,0.7238312239,3108.7794494427,-7654.2833371174,5301.7443359581,-2573.2628921249,-3106.261367422,-2520.328395367,3623.950317248,-6586.3631410138,6286.3598464573,-0.1896294706,1.3687574868,0.0412791347,0.1699410932,-0.1735407966,0.7534710922,9.4251543888,-16369.9556028314,-4631.7667447744,0.2832402791,9882.4414947749,-9545.3142333697,535.2218673208,-7232.937614025,-0.9711144809,168.1682570115,17.07276789,-16369.5071579019,10672.3458360874,45.5489783132,37298.1856842347,227.6014971106,-9723.4794900455,1352.7398015223,-964.7372341946,-25565.5588759905,12464.6300297646,-5553.7429143445,0.3703166597,1.2142146873,-7372.1991668486,0.2720800276,1.1612080228,0.3069502628,967.9532079273,-0.3527889072,-1.3720280913,30173.9921405345,17944.7910850678,-0.3146521135,6343.0819730644,1.2080987469,855.8289428213,-14053.8056090497,-27080.0082420496,0.001585409,-21.0386567566,842.4608586895,-10328.0887418809,1.0537651783,114.4196399353,-39.8381295774,-2.0058720032,-4750.4653841686,-10849.745172392,4.086008146,-1317.1151495254,-0.1773236266,37.0296804079,3399.349580969,-5445.1277515055,1769.6899845199,-2581.8453870914,-212.6993092956,1891.0082646646,-9206.067875441,1208.2678508758,-1.3151869293,304.5571970177,-6250.140025271,-1885.4400348504,-4565.8424258432,4702.1800799265,6405.4903288342,0.4816849218,5956.9059937041,-793.7351907841,25.2380821843,-1720.5683835987,-7087.5378251716,6819.978047485,-1187.0005722688,4375.5841473245,7072.8626265514,-13598.102507141,-1.18441951,5646.0619460362,-9636.4728384884,-148.8153423722,-0.486565386,32056.3643496469,-0.0269843642,4.7824963356,-14183.7280033714,0.2519324097,4040.4963450997,-1112.4462072983,1.3329899105,-1.6199242857,-0.4199579841,0.6829514644,0.6689968676,4.6384469152,-1901.3164441261,1294.4495965938,808.5536318955,2128.8487414062,603.8548377213,-0.049985223,-5429.3808401147,701.6213654361,-2796.2728655484,1404.1175727557,1748.0039571136,-1751.9744050864,-647.134605145,-2830.407728582,8071.8132466125,0.6433647169,2019.0437159311,-45988.9334794163,-1.7717134858,-1328.8365387043,7519.2998978761,-818.6299607599,0.7934905205,3329.4397505401,-0.7118841922,4818.9112473142,0.7183877566,-0.3561094563,-21211.2154719091,4513.7976224519,-0.0950225479,-0.6639704833,640.5904977527,-883.1224852967,2984.7350424389,1745.1544888332,-6906.8860111716,60.6320389553,3452.9165036873,777.2595055557,-3890.8537944806,291.1498598013,10902.8057179609,-2130.8670359589,6661.9239638297,1070.0461124762,5023.4073916923,-13123.4345208097,-10811.1136670208,1831.7442414774,6874.9364745141,-55.7372673282,111.7307378954,-22021.356488807,951.5134048092,2.0177915395,-1280.8708272706,-4185.2993572835,-7296.1663833329,-3181.5558048646,2894.0588983484,11239.6275488489,-14037.6791494315,21.6164678506,3291.2476239838,15415.7279563008,-355.9810480173,0.2331176209,27732.8624588798,-23442.0841525069,-0.1321737775,-0.0272374469,8134.3950960446,-0.594219081,-9124.1910607227,-38602.1514682617,0.7321270987,26866.5832186605,2081.7113346439,-2444.097991532,-0.5880754791,-0.7157296891,-0.1607178444,4320.1858348375,-9124.9552724397,-0.3773740231,12.3321019957,-2905.0937358006,-3785.706194978,-2.9323738994,-2939.2172554847,-1525.4049953647,0.2288374033,-8197.5538745868,0.8328843075,21.5576292687,-190.5899110098,20.1641959838,-12.1849903609,35538.0060915242,-0.3457459369,5742.5078563544,-3990.7658653926,177.6567975936,0.1411381074,-169.769334582,-9.8158486937,34970.6273879237,230.7148709708,1195.7862201935,3820.1298290381,-37.128025524,1475.1132731823,-49.7532837897,0.1662247915,-2133.0389135242,0.6987140673,-3053.6253580151,-1838.4870952742,6279.1951812487,13.7391582638,-179.2236284216,1673.2952711775,2990.852746682,2.7427479868,-14854.6807609226,3541.0994401203,9093.4511243769,0.0504107855,-1891.460332272,-563.8648035305,-1871.1624611925,6785.2760501302,1375.223314204,-2924.107855317,-5525.401495032,-2.541683373,-913.9249880769,13737.8112843917,-6166.1472629829,6584.0651712898,8122.492886903,1160.6957774879,11745.4162876841,314.4243290897,-6370.6175860079,-5228.0750801941,1.6943194804,-5217.635549851,99.0773933993,5898.2684377528,5601.1580399194,-26932.8612385064,-1363.620565755,0.8505764282,-679.4999856049,2983.8453120767,-0.4253976894,3677.122093447,-0.2905388055,3690.1408960379,-0.3200429933,108.2353564743,-4223.9746192958,0.6569140597,-0.2556339998,-0.6439712253,-8239.1927608738,-44663.0541732096,1.0639450785,-19406.9802766604,44286.463784639,5365.6544922552,3.3647907734,15159.6640472387,-0.304225321,3130.6281890718,-17210.8069867138,-0.2875407622,2223.0567401096,704.1026011398,-0.3144862038,-533.095225659,0.2402540207,-0.0801168435,-0.7825987815,-2959.7241869873,-0.7225580777,28.6625147886,1.0893769674,-4286.9277371041,0.5798300325,0.589770277,-27494.2815376012,0.8282728257,14.6987152495,-1114.0414173107,6042.1556946887,9562.1192357703,-0.492878923,-0.7508825998,-0.1413255595,1863.7804444881,557.6742574728,5905.7791692544,1872.3051943133,-0.7888100391,-1.1903175529,-8139.3383801584,-448.1973605398,1622.9000456684,-8572.8454218567,1618.597043503,-229.8292172099,-3216.5373566456,-5560.8933547982,755.2711388271,-5455.6397916546,-0.8256383959,-1002.5454404973,33.6046207414,-4099.8515556929,-1.6076196105,1140.557829219,6059.1529789358,17092.2700731219,6231.1091753263,-3018.5675285713,-4442.9965168247,-6208.6872734245,-7460.3071704009,-5875.835558293,-2886.4774577754,1158.9363985768,-5090.3713899253,4333.4970297124,-37212.4576875769,-4896.567967865,0.1686246585,-0.9917035903,0.3650190298,-7962.7268243318,-0.3387188965,-0.961119978,0.3530170106,-0.692733355,0.064967871,11651.7331861083,5371.2740287508,-2535.1563309852,0.285906153,0.0123322261,0.7177566267,-22701.6551126597,0.1184261787,0.7922939804,-22.3962916384,-1002.6263911042,1762.4905156506,1805.117153148,0.68064261,-2666.8856129752,-0.9451288496,1387.512967743,-1.0362499784,0.1076820424,1969.0237200916,3001.5735525155,0.2004806444,0.6721087911,-0.0436812282,-28389.0410249564,1.1040993106,-2.8775041809,-0.3042461484,7809.0512104918,-12293.1122484844,-7.4042637039,-20766.1148971006,0.5142704377,7081.117552306,0.3862699743,0.1108678059,921.1632272477,-0.8017111224,1965.2001745293,0.7308295621,4096.3686808573,-2675.532676988,-4299.2939505757,-1443.0802392905,5813.0483150757,5748.2706193452,-369.4072511818,-1461.6670467485,-156.0875944844,13914.2958011154,-1386.3289489254,-3834.1676482631,-1577.7618887998,-21104.0655002731,4652.2151772336,3944.571786408,-6875.7651900605,-5209.8408826003,5043.1665102407,-563.660867763,1043.1317428162,14748.2391078936,-9.7081738987,1019.7204501798,-13.8844011142,-8247.8844328474,15406.5196426648,1167.7588023967,1976.0538347211,-9324.324763106,-2006.2847578154,12834.8581716268,2011.1232269176,853.4142973001,1911.224785974,-4413.9740281645,-28186.6275609336,-2578.0038673693,-10333.6913395666,-3106.3044947842,5.5137442392,480.741499448,-0.1941316779,-51.7573826077,-0.4928013995,30859.5258142159,6895.8780704855,2783.0298288299,1.0811858773,0.4543221189,7061.4862080555,-4844.2026746063,0.6458100499,-0.2500695531,1892.8478747108,9040.7059164525,-0.5547449123,2.3986284809,0.167211567,17187.2365824226,0.6384564247,54.1148474065,-3461.2769793761,-0.3682205234,204.1527919858,-4552.8783662859,-0.4464307397,8064.5581791619,-0.0059457067,-7030.8599200913,-6770.6625380275,-12.9898280585,0.0971225908,-0.477092577,1.4508737435,-3941.9897845399,-13479.7361025215,-0.426529095,-232.5391936022,-217.5437751356,-0.1450272329,-11728.1604265788,0.0159748815,13267.1058655565,-0.1603885759,8085.3873737537,-1405.1456935677,-6492.7492003589,-140.7209572604,7339.8128317892,-499.7774680681,-5.6058318599,17880.8657484953,645.232483849,-2359.2504469887,-912.8323357307,5906.6230522404,1176.8348695922,658.1047309447,-2165.7870052049,-4276.0245389358,5939.7499621861,1930.7093260608,-3750.0225201468,-9312.7822978482,13133.7117671417,5191.0697610015,424.6647309023,-3435.7002722183,-7581.676329052,3668.2187416854,-3599.7373304261,-7.0119371352,-2321.7848171512,-11404.3978123171,18.7598238804,5807.7504330035,-87.9161900611,-11083.2127019922,-559.5334878673,2738.2455267879,-7.6801123034,-16255.4057383177,-95.7062082844,-0.86731324,8452.9392410451,-1.1135486714,2132.4284572203,7546.5073914067,0.1294154993,-3.8329712663,16005.0509985073,-11052.0112170078,9884.8819813778,0.4370588623,-787.3340434973,-5862.6224562954,2133.4454303431,-9482.0090004149,24.9571104064,1816.0438400439,-3364.3728391048,0.2682797556,10.4433806647,7915.2008665106,-0.4589607419,610.8171600338,-11693.4603694723,0.5935110838,1477.0812004692,1511.1779387209,6358.5560054877,0.2311582384,0.1771493974,7144.0963761856,812.75352004,-25935.5162594363,-18280.4253694336,-5364.5856140854,4162.4094769993,-2197.2894315475,-1484.0092576686,-33972.6761562508,-0.5808723725,4933.2206883338,466.3366692792,16695.140907291,-14079.4490665877,10097.4379922041,-0.1882440061,-11433.1537204064,226.210583128,5798.1487730682,6534.4062507497,2274.0778564401,-2157.0413501018,18.7482493922,4751.7372323005,2023.9255272336,-3459.7617212733,-2861.5664582002,3982.120826154,-5625.0451717325,-7904.519324117,157.0282380075,15.8189530182,-1204.9827950906,1798.3227530448,-1934.8910786093,-4858.445414245,-781.0396887726,4030.1704788502,-15461.1036123103,7385.1266076465,1598.5055633116,-8678.5817596856,1928.1990323552,2128.6752178235,-589.2477228631,10747.2999500226,-1984.6002703436,-1697.3324868261,3107.5874677884,2440.8822057654,-12100.4302127014,-0.574897191,-4900.9111985645,-282.8686325876,-0.0757531848,14699.7354031612,-7748.6534947197,1505.5117207777,38534.5928334664,5265.3178117738,0.4515657492,-3715.1496814638,-14137.7469995359,-55.4141223685,4796.5323912478,-0.9422976852,-2231.3487326783,-31.8397638672,38535.0984603286,-26420.2307209465,37.4946232276,-0.7391690876,14337.43381609,1603.2277751689,8327.4061889102,4.3286702239,-1060.6914990181,0.0409278437,39261.418243244,12.8119201604,0.4679250565,-372.0403192428,4857.2563376512,6674.1722430309,0.0698558125,5136.6923917551,-5.1176449817,-3.9183184291,5394.8426950986,-0.1885441471,4.4012932139,-6389.3700115413,7079.5105733603,8767.9146804518,-2.9243120438,-7483.3272282411,-13242.1759760173,0.357253609,3150.8380405275,2500.2901615038,1.027695666,7324.3203043622,-3106.3560848422,-1022.0244862271,1474.854632892,25.2171137079,13045.3212874537,-3322.3716765029,-2.1463612971,-5659.5455730714,258.9841055319,4184.6023750381,-12512.9152009634,6944.7260538976,8290.748481137,5844.0894994075,-3320.2250817918,4401.74087011,-5305.3771955094,-26.1135318405,-2989.3466482463,-443.2034825555,2725.7623796553,13132.6995867889,3493.415011548,-297.0480289361,-5720.0665331103,-1799.8701821152,4282.6872856131,-13972.6899857977,-4156.6841307092,-8236.6890155973,-228.5432595146,-8873.0047817813,-738.5446744294,8336.0971940819,0.2207267971,0.2046352241,0.1507207818,0.5438905216,8761.7762988604,9604.1420524475,-0.3929526309,-0.8724262754,-3849.6136485141,-0.133867309,14.8176599191,7915.3880526279,1061.5548437786,0.0790534434,-0.3227934777,0.9387963712,0.9044885695,-0.1271036828,35396.8691430623,-1775.71659784,-20534.9693715802,-0.0816806372,-34093.8561797391,0.7165021748,4873.8731267309,0.5905037805,-0.4000274478,-0.1610754165,-0.9205682797,0.0290489395,1009.9581670815,-5959.488547498,-1955.2713587875,-0.6157667056,1387.3389800563,-1.2371742513,356.3820333026,-107.8662936495,23616.6889497576,0.2388759607,-11402.2655788722,-14426.1485922733,-3303.9853327135,-1859.2406009758,-2830.804936134,-1120.7117057872,473.4075281353,10551.6540381369,-0.4467198763,-0.6214532176,8303.6603501986,2697.9377549358,5283.5761707981,7917.2944952401,7748.2227958947,6949.88730323,-1698.8623844717,7627.7664356336,-4849.0735229724,11.6229747968,-3411.9960345218,-974.0196294407,4522.2616615171,11327.7949420901,5771.0900118114,-2519.9719089571,-16713.3216976892,885.9983015509,-8088.525739041,-4867.0471207258,-2201.4683846003,-8133.1431106549,3183.2426663975,-4278.2039774963,1024.9208980975,-1295.7072838999,-9020.8606991226,579.2476422782,-7640.9266824687,12753.8899812018,-4725.2731101983,-982.2361524242,5960.7759639539,14897.3159080376,-12742.7190540227,-31315.4117680379,1477.8955469652,2605.4536100889,-15938.3160875807,-1.0752213568,-464.181123085,-24075.5462830563,-3.5081263648,1203.6557664858,0.5242097751,-0.8139395421,2.8941066012,24199.2401140766,7029.1696791409,0.9238682585,2833.8503064182,-2676.310213195,-3.0689674488,7844.782259777,-11.4514328742,-25752.1733896827,-2253.5674815603,-1338.9496672822,-109.2114496042,10170.0732939704,24420.7196219247,-5396.992384052,-9434.7743414886,1.4866251922,0.723420016,-738.5839829966,-3596.9163770135,43850.2629086476,0.9483910332,-7610.4975132107,1.1784005672,-23933.7213869734,-2528.1592838888,3481.8334532106,-5539.7303687683,-783.166395721,-29758.64607603,-0.1537610254,1944.5966488781,6419.3233862904,-8453.4480438635,-8910.6044662743,3.1610713814,1.6802503586,0.1559585297,-9815.9417691635,-0.6580812826,-3160.8549874426,10968.1145707154,3997.1920323818,1861.2704925664,296.046360458,-536.053977162,-13384.5096973748,-481.6435639656,9542.758301935,-447.1238100833,2701.1408318565,11119.2169113907,-1770.8459412546,6769.8535921511,-1165.9547608956,-5016.7673640879,-3027.4030047209,-12170.1694856887,2373.577377507,-383.1102831125,-4795.4522754332,6454.2298130748,-4156.45140175,428.9631308278,4031.470824586,-792.7526019761,-8704.7125202425,-6570.0049885386,0.2721313586,-7085.9774705564,15196.8833262699,8093.891673214,-0.4851085143,15549.7914932303,-0.6462292492,40478.6669726793,-20850.7452762867,14636.8382265153,-0.3708856603,-2382.7696322491,29.8439752854,-0.1705225878,0.8768049845,-0.483659502,22552.9479535889,-9365.160717645,2872.739544107,-0.0684044214,194.2346250612,6293.2085417715,30.5191268413,-8374.6181137792,-9992.2816053643,20750.8490765645,-35.7711232679,-0.7721597151,-3182.087140782,-0.247333622,0.4775867968,40417.7052936868,0.1733486592,1499.4516968315,-602.5261542335,-3140.0148126305,-14186.4681177612,1233.0501336622,-0.9254677785,-2853.4930863797,26163.6812968715,1.9632456997,0.4060217892,-37484.8845082727,-0.042178371,-1216.132115966,-0.0460782198,-1233.2770365292,16.0404147402,3620.6765902247,-7570.9918220985,-4691.9251425063,-12.0471798522,16779.7513811436,0.7552644616,7937.0011104148,4515.9686662116,-13009.8633446873,9115.705384713,5770.8949133535,7735.5578709375,-3136.8125380661,7402.0192695949,10113.8442666413,4197.746868471,3829.3133703317,-41.6993185319,3813.5722994947,12751.1406645282,2701.2672255217,936.1454850625,1828.2235405742,2630.6136654216,164.26762369,-6164.879698072,1.1737803438,-3940.1809901851,5743.6348082528,-325.9246569034,9894.9998004301,0.3477894405,4597.5228972109,-3420.8924417693,-1804.8358767843,10220.3634229046,3089.4348312372,14817.70446585,-16824.7375565406,-138.9108896903,378.20326702,-2.2381314237,-766.28372178,-12324.4000068956,5570.7134908734,-0.1793734652,-19974.0386112232,-2461.0563330259,-5231.8869225196,0.6823357812,-0.5715469528,-0.2929707394,10546.537697807,-1.6282398123,2.4979471901,-0.9989292368,-8219.6818122557,-0.3666571282,-5232.4384021116,4900.3305515817,1487.6038908921,-2604.1999028364,-14805.4904563782,-0.518440411,-24.3511178962,-14.4312103297,-0.8250508581,-201.8164019323,0.3184990332,0.0517939656,-2.4906921549,1145.0130081003,-0.0724954341,-7716.7582439328,-0.5439908349,-27.1967368329,2.5359202422,8394.4767755056,2.6827774639,7257.5865723597,-14.3644122677,2626.8643496136,0.3436799427,-0.7700032217,2421.9298666253,1826.7480046187,4764.6795381617,38714.7616333454,-533.9431795672,-863.3304131172,0.6333132702
   7188.25694477,-3468.7533467627,421.8084021991,-7319.8097314658,-11993.6929534075,496.2132041286,937.0372729081,9240.686570178,11470.0333484355,-319.2210933671,3393.2148494278,7103.9419404914,-2168.3366549041,4639.9142878336,0.1133198522,-150.0556732313,5214.3530941017,4949.6240801406,-4718.3604871607,15098.3864126604,-8.279784921,-123.5794502713,-2385.2646535013,-2521.8848366726,3523.8906640962,-1084.0131784987,5928.6226829097,4340.2901956957,-1523.7669290998,-2695.1542671219,-1.8631451979,1570.0556944859,-5572.2063483431,1511.145341781,16256.9523473045,-13726.7369158673,-35533.6149846527,5717.0545331956,-41.3622784206,0.5268816821,5699.2559194209,-3133.1749845539,-959.7237262505,-2371.8166190415,-0.4349354062,17543.172102475,-3214.6174236621,43361.8114542714,-2573.2449949593,0.2383167892,0.4423538678,0.4493840181,-960.4455924139,16616.1239703691,-3463.6384907532,193.6628190383,-4798.2286842796,0.7333352025,-28.2988306388,-4396.485829671,2079.2513962125,3700.3808047704,-3548.314699713,5.4957684592,-0.4333820131,25611.7199092536,-6361.9259269822,7832.8669427512,0.5254317633,7561.9232707264,0.7329251757,34274.0331663372,-0.0518261501,15309.4330598436,-5310.475668357,28082.9837323972,-26503.9534173001,-89.5869410229,-6606.9951235323,28738.2171128673,-0.3156700423,1885.8042986967,0.3601731653,0.7446178453,-1.5622102744,1550.0978746564,-3357.3126012141,3391.3153450696,3.9771840123,-10090.909098292,1581.6656517124,1147.8003017243,4553.7233488407,12128.2795656163,7682.5914315256,-85.5644812381,4285.0224492768,-127.6386026535,11656.1558363749,12522.9575880971,10140.0571513531,8020.089857935,-257.4682040967,4420.5271584957,594.2712048598,-6254.7878499827,-13700.700717241,19.3248821031,4542.6294984791,-97.9144971882,2968.0686934392,5559.8339025222,-874.3599988199,10768.5743614505,86.0871513472,11741.3900309663,-3983.3174083346,-2395.7095526811,-10227.2111465464,0.2660497986,-3581.5774540854,-0.1007528095,-24.310983731,-1.7359798449,-5.2480809358,-7125.7537776038,7202.8717941641,0.8064846187,-8.2067018184,-0.4439010025,-17113.3539927966,47.6327318119,5173.1815655708,-0.8122789513,-0.9175175423,0.2682391031,0.9780262628,0.6779905433,43055.6959626519,10781.9078784571,-24451.411604763,17037.4196765308,-1373.2350120116,274.7644937782,-0.7475286049,-2277.1739731934,-1077.3313593318,-11322.7477857715,-4379.2052856075,16.2615452069,17912.8403508673,-0.5134047442,0.1971188592,-0.7341926224,-127.6495007726,-4398.100249996,-7949.5541207353,5681.7464774203,22814.3999034501,-3918.9340107013,-2160.1478165951,-4887.3196220486,6963.9148927433,-12980.8643398569,-2916.9828116235,-68.5516279826,-5702.705796116,27991.6891301259,-0.0316809782,0.1182120937,-4295.070396521,-7402.2394494155,7146.4088468966,-4989.3978485478,12520.0903373028,-6694.6278447236,-9422.2544793168,-7945.3397179935,-767.3865593454,-76.1637234611,-5273.7678265783,-1.4204122471,-630.2376330667,3284.2492857355,7823.9867184982,9561.4077541503,-5203.6164564565,12601.6823837384,-2305.441998091,371.1477004029,2818.6298890242,12862.7121630583,6047.328620985,4465.4520696854,-3212.8979063511,-15344.034494477,-1220.2273374366,3180.9166880511,2527.179984692,3.2525904931,10330.5766933186,8036.4043520029,-10908.9719731392,-1486.9810603811,-10638.744257644,-0.1233843732,-2919.8369622287,-3722.8038212735,10.1438451318,-0.8088882055,29.5900253748,-1263.3850800892,-11.2613977554,2116.9604721151,-0.2255080654,3411.7647277312,-3332.7659776345,3261.3233567899,-1.0387176315,0.2940402594,1.2127036468,22355.1644605795,-10.2211374142,-3305.1433856232,-31628.561201307,29271.4295573984,169.4539051379,0.0176789112,-0.4093331402,-3798.2193496527,-1.004540279,-0.0946184182,0.3245794206,-0.4957400472,0.8267879749,-83.5607087819,0.065847641,-173.7669570035,-0.5584006124,8042.5265034858,-0.4589422232,-8473.2108351887,-4887.869708545,40.8959587858,0.2978548454,0.7747808229,1466.4804312848,0.3691419474,-0.5220773876,20818.5005609254,-337.5504582347,19076.2536204206,0.0354861009,11508.0807853806,-0.5843466731,1576.4593477359,-7226.8542303846,-7521.5360287574,-2.4856328102,9573.7146274307,287.669792823,0.7353721832,-2499.7953171524,5715.6248719527,830.4988481608,15310.8515921984,-2109.2940228222,981.9301020853,21.2322034268,-3487.6199992891,-779.269320655,5756.8797575797,1941.1629725432,-44.9132976444,-492.3376228454,3.7793258919,-1075.788268823,4983.1446371245,-1500.4171827563,9956.4780396101,1727.4226390481,3.7458924415,-6011.2683940766,6809.826238304,3067.0122712365,-255.8121679148,7359.9463387265,-3581.8649968998,7424.2719366227,1641.2071163328,-50.3291213379,7.5198792132,-29259.3633653925,4459.933017675,0.0226174603,866.1150870808,0.3528347138,1913.9991440989,4012.8947115197,0.5596060318,0.8331897799,-3973.631740944,-1823.2249265666,0.3272068742,-0.8883145891,-63.2079374492,-975.7712221651,1913.8314857617,-0.1965505349,0.1356712511,12.1994989837,0.9878044417,-0.8944731666,-3.0144595263,1316.1831486118,-0.9172787599,-293.9328234321,0.330980036,35043.6824869315,-0.169342295,-0.4936894063,16.8633214527,2083.5692864906,0.2720246827,14810.0077654508,-18262.8090590511,-10896.8660281337,0.5590130234,39831.4206034236,-57.687050226,-0.9201797764,1.0720072328,-0.9137246836,-2.1928201435,-2812.3139619447,0.6576458439,-1229.3866218673,-0.5294920526,-0.5221743311,0.3534998584,-48.6290031462,18326.8956081122,-4675.7584344448,-5689.3104656865,-2884.3073589251,-3631.5965080609,-8537.1860316958,8000.6767017926,1932.3946163548,-78.8501659015,-201.4716892167,-2147.7412531014,-13575.2118670926,2717.3388087674,-1293.5043973237,-7702.8988380524,2328.5975814338,-4586.9048051745,9344.2693699852,5953.0800481153,3184.5179351468,3262.6762150549,-5888.4193207041,2763.1499413786,275.8144174774,-5437.2656801199,-49.5107994508,-951.336740276,12601.7113873734,0.3448288188,1735.1182207422,-8.299728348,-8620.8854867733,-4326.9580784604,5510.3095228851,5353.3227012657,-8625.8771377601,-912.8629473326,-0.1988411813,-39718.1187522696,-4254.888737414,1.4282019098,-754.4351749213,-9126.4633268754,-0.3343110656,0.6988056991,589.7334656628,1.4978418747,-0.3935784677,0.6408760273,89.4577102124,-9029.3485109806,-754.2935889309,2597.8446401966,2240.0025783709,2167.3280958181,-32494.209032214,2.4807840852,0.5886415146,32384.4410902537,-2453.8384521753,6161.0306178937,-7695.6406284221,4103.0310324084,-5171.735575681,342.2398601814,44.7891510019,397.0776062229,-0.5330210541,5722.6145680983,-4102.5392770449,10269.6947071295,-0.6126961507,-29870.4375788743,5911.7443354713,2017.8168493752,27006.2137533348,-0.0420528848,-17361.3162925098,123.5252231296,0.3610628142,1.5725913178,-1.0305009005,1901.9445741332,-0.6399716721,-5349.179257161,-10778.3514259467,4218.7925506787,4187.217727908,3663.794680946,-1855.9262140922,5390.0550966593,-880.0825940896,2876.3256319583,-813.8551528341,2529.730070527,5737.7591732768,1265.2534005173,-9813.5254100302,1836.2686392236,361.4896557261,-11049.6461861245,6525.1201496702,-4384.7726554716,-972.5138492896,3999.0550265962,-1243.5730907142,257.0563951456,2613.8179321583,1047.1377601241,730.8079091814,4284.0180989465,-517.9359580538,-1800.2402114371,-854.2797344019,13.7138493861,-4776.47567941,9874.3270142738,9288.744783344,2898.8928739949,1836.7874098047,-0.5801340308,1221.9589946789,37627.0201316659,0.9621191431,5907.4530081544,-0.1063675164,-20379.5554226562,-4524.9619301493,0.0058811563,6.5467231156,4864.9484628871,0.5418510452,-0.7716255607,0.4248630339,3037.0531225023,17746.911511125,-20379.4160169024,-10654.5043964596,139.6188146191,7154.6669040649,0.7653766115,0.2349649959,-1.224553528,-1042.9535611019,-1.2785478698,2921.2649418424,0.4517789186,0.4764146489,0.5570851442,-0.4957397817,-4.9872681894,50536.2430542949,-0.1100424128,244.912260169,282.1931935531,0.0067675583,-3019.7216607629,1544.9637735513,-0.900667464,-31.1066107206,42190.8105378857,-1621.4130469708,-1833.7379108978,-0.8114746197,-693.5396707791,-4350.7644512611,-12460.3900362364,-24082.8742382577,0.8876438041,-1458.1602010423,-269.1844601202,-3093.0508667299,-1734.9532045364,-568.7780297494,4216.7254058346,-11569.0671016119,-3.0006628807,-7134.5844281192,3826.307142637,-2795.7863930866,-1214.4653521977,3454.7140411862,-3987.9324785313,-18.6999298335,461.5192592605,-762.9984655239,6838.3610327892,-5327.9066132353,7252.6166703993,9.8630567158,4799.9443888971,941.6090558126,-5799.6967564769,2461.6651028639,-4691.9521441363,-2361.4403024635,-6113.7891252466,638.0033560037,-7907.5734982981,1049.2058739894,1616.7406040656,-3294.3023445415,522.0503831386
##end
biasActivation=0,1,1
[BASIC:ACTIVATION]
"org.encog.engine.network.activation.ActivationLinear"
"org.encog.engine.network.activation.ActivationLOG"
"org.encog.engine.network.activation.ActivationLOG"
