encog,BasicNetwork,java,3.3.0,1,1425333738278
[BASIC]
[BASIC:PARAMS]
[BASIC:NETWORK]
beginTraining=0
connectionLimit=0
contextTargetOffset=0,131,0
contextTargetSize=0,29,0
endTraining=2
hasContext=t
inputCount=50
layerCounts=50,30,80
layerFeedCounts=50,29,50
layerContextCount=0,0,29
layerIndex=0,50,80
output=-0.0089246681,0.2408642061,0.3335777489,0.0664611356,0.5755896123,-0.0593262437,0.0627752969,-0.0216435713,-0.0702975435,0.1818531105,0.0000061972,-0.0155562009,0.049646189,0.5811249699,0.4989265894,-0.0000041929,-0.4578910634,0.1577467824,-0.1070277686,0.3943981859,-0.1798852923,0.0895929772,0.0875085463,0.0853084665,0.2260479401,-0.3531692183,-0.2205836664,0.1745345956,0.1506047116,0.5293736263,-0.0336032125,0.22644407,0.0975125316,0.2625085685,-0.0000648012,0.1295530273,0.4311217067,0.2798335744,-0.2173078511,0.0614246542,0.2473251571,-0.0082119547,0.216674432,0.3016990932,-0.5307560679,0.436286476,0.4914723824,0.3481216574,0.1859930373,-0.1191153294,8.2877842341,10.5732781203,3.009448322,-8.2685854557,9.6618770859,6.2730572946,-9.4650926072,9.2648740269,9.2915989627,-10.2706194015,8.7147696814,8.6738204729,10.8308985324,9.4996282268,-11.2518487249,9.3357130928,9.3748741075,-7.9977023188,-7.3381397676,8.8169687621,-7.1824361696,-9.3958874015,10.4364068756,-7.3935298279,-9.9697730479,-10.5583960291,10.0806484256,-9.4520243742,-7.980466303,1,0,0,1,0,0,0,0,0,0,0,0,0,0,0,0,0,0,0,0,0,0,0,0,0,1,0,0,1,0,0,0,0,0,1,0,0,0,0,0,0,0,0,0,0,0,0,0,0,0,1,1,-0.0089246681,0.2408642061,0.3335777489,0.0664611356,0.5755896123,-0.0593262437,0.0627752969,-0.0216435713,-0.0702975435,0.1818531105,0.0000061972,-0.0155562009,0.049646189,0.5811249699,0.4989265894,-0.0000041929,-0.4578910634,0.1577467824,-0.1070277686,0.3943981859,-0.1798852923,0.0895929772,0.0875085463,0.0853084665,0.2260479401,-0.3531692183,-0.2205836664,0.1745345956,0.1506047116
outputCount=50
weightIndex=0,1500,3820
weights=##0
##double#3820
   -0.0031562599,0.0014162272,-0.0002815654,0.0000051182,0.0014657545,-0.0054083708,0.0056585287,0.0025703742,0.0051092219,0.0005891216,-0.0027665157,0.002705251,0.002862539,0.0022976985,0.0046426315,-0.0017849648,0.0059367841,-0.0003419104,0.0055939245,-0.00328163,-0.0026836322,-0.0067162708,-0.0046060094,-0.0045501262,0.0064088065,-0.0020661107,-0.0002549536,-0.0012603804,0.0036892665,0.0337709059,0.0040006776,0.0052175939,-0.0028960223,-0.0080011086,0.0029789976,0.0050473342,0.0000651946,0.0032400831,-0.0034174078,-0.0010232601,0.0005534725,0.004022327,0.0038440769,0.0042286228,0.0065730922,-0.005894931,-0.0030191068,0.0055506065,0.0082687219,-0.0056414432,0.0061100961,-0.0009086845,0.0002542765,-0.002113611,-0.0090711608,-0.0031337262,-0.001964001,-0.0014725943,-0.0033929382,0.08942781,-0.000017225,-0.0063139627,0.0011968629,-0.0077444777,0.0087755174,-0.0022601368,0.003771466,0.004428228,0.0068572269,-0.0083477791,0.0021164644,0.0027873039,0.0113756079,-0.0007400762,0.0007561436,0.0070455883,0.0025607251,-0.0013962108,0.0030446332,-0.0078407465,0.0036576682,0.0013665719,-0.0034197063,-0.0085298682,0.0135465265,0.0000855855,-0.0046897016,0.0027230541,-0.005104647,0.1276555187,-0.0004170336,0.0015236604,0.0029196408,-0.0036027537,-0.0102599959,-0.0021206208,0.0011988136,-0.0018912647,0.0055831001,-0.0005704757,-0.0112966111,0.0027660193,-0.0057594788,0.0014395824,-0.0054670045,0.0076897159,0.0061014601,0.0052133501,-0.0005341558,0.0031097232,0.0014332855,0.0027878195,0.0009795056,0.0035981847,0.0001352449,-0.0013836909,0.0009908167,-0.0020141858,0.0032389882,0.0782431233,0.0099191591,0.0021034605,0.0030996351,0.0012614425,0.0021774403,0.0028686386,-0.0000957309,0.0122591007,-0.0078505365,0.0014466911,0.0062372414,-0.0021312298,-0.0030894647,0.0043514699,-0.0016174892,0.0009798289,0.0040009402,0.0007533735,0.012177493,0.0081423071,0.0040729379,-0.0110037216,0.0053153925,-0.0029492749,0.000214333,-0.0059338623,0.0023927051,-0.0032931323,-0.0078430771,-0.0082476095,0.0092334129,-0.0022002749,-0.0017726804,0.0050481915,0.0086263308,-0.0004879054,-0.0059949098,-0.0092267899,-0.0012438381,0.0074170886,0.0074344703,0.0102191645,-0.0096809071,0.0055868883,0.006616466,-0.0077972141,0.0054383731,-0.0027387315,0.0001692284,-0.002235453,-0.0035668263,-0.0000853633,-0.008464265,0.0087459687,0.0011022545,0.0014952727,-0.0073816863,0.0049305977,0.0035513056,0.2670502936,0.0011397364,0.0018005725,-0.0069398095,-0.0064856966,-0.0001351589,0.0065705371,0.0011993735,-0.0021989053,0.0074631173,-0.0015380379,-0.001696644,-0.006668907,0.0028423761,0.0042268958,-0.0114564904,0.0067317938,0.0062368979,0.0036050788,0.0032755866,0.0022631707,0.0076055601,0.0078199563,-0.0067264542,0.0019879174,0.006066034,0.0106971256,0.002110727,0.0065825865,-0.0035953884,0.0912739663,0.0005564675,0.0011323364,0.0016371037,-0.0013911132,-0.0074759842,-0.003736656,-0.003555951,0.0081341264,-0.0076495112,0.0001662129,0.0068795981,-0.0060038891,-0.0052910449,-0.0040540572,0.0052279362,0.0143214498,-0.0029284843,-0.0021126595,0.0039718944,0.0003447786,-0.0106026163,-0.0102770228,-0.0018731772,0.0112954077,-0.0006993381,0.0058646786,0.0060454181,0.0054866938,0.0005953818,0.0354749898,-0.0012574075,-0.0041469067,-0.002953517,0.0004064054,-0.0049333855,-0.0036005506,-0.0093105631,-0.0038493515,0.0011201073,-0.0014373607,-0.0041453927,-0.004950933,-0.0016512484,-0.0056307314,0.0059904943,-0.0034516271,0.0019374239,-0.0093807137,-0.0010161565,-0.0015112448,-0.0078008009,-0.0024179909,0.0020375389,0.0028825277,-0.008410328,0.0084467353,0.0064760873,0.0065686397,-0.0050857839,0.0344427955,0.0055043481,-0.0118687631,0.0075747631,0.0101098051,0.0019723675,0.0029996625,-0.0082254875,0.0018808502,-0.0047004479,-0.0013121282,-0.0002032275,0.0006537775,0.0030931201,0.0057865921,-0.0006318682,0.0000148372,0.0008346936,0.0171069854,0.0040738487,0.002814734,-0.0134484412,0.0047196703,0.00144738,-0.0060554216,0.0030634142,-0.0022420706,-0.0098398627,-0.0040441156,-0.0018552435,0.194923249,0.0000002472,0.0000014699,0.000001038,-0.0000002852,-0.0000007661,-0.0000011004,0.0000013935,-0.0000000946,-0.0000003532,0.0000015095,0.0000008651,-0.0000007029,0.0000014892,0.0000015827,0.0000016645,0.0000017986,-0.0000005994,-0.0000014487,-0.0000005642,0.0000005606,0.0000007179,0.000000991,-0.0000013808,-0.0000010315,-0.0000009403,0.0000029194,-0.0000008655,-0.0000021093,0.0000004151,0.0000193625,-0.0044107694,0.0024001806,-0.0095039558,-0.006622203,-0.0007202264,0.0011129183,-0.0019538374,-0.0033321547,-0.0019493855,-0.0045423244,0.0025804129,-0.0076935264,0.006336428,-0.0020821165,-0.0034752226,0.0047805452,0.0021050789,0.0048978549,-0.000081752,0.0055945692,0.0004407349,-0.0054710312,-0.0046052623,0.0004710761,0.0047556401,0.0016841418,-0.0101914885,0.0037602026,-0.0021521711,0.0240584998,-0.0010086967,-0.0107404419,-0.0140004082,-0.0039528188,-0.0064628274,-0.0021083356,0.0015729351,-0.0038778452,0.0029765871,-0.0027660436,-0.0004910479,-0.0077511841,0.0075003121,0.0041078746,0.0004930351,-0.0043540568,0.0058788109,0.000402453,-0.0128393752,0.0073628404,0.0024962355,-0.001226749,0.0013831064,0.0054890859,-0.0027137145,0.0044574611,0.0002988184,0.007904922,-0.007460362,0.1025832113,0.0047913581,0.0003898769,0.0031182098,0.0034748525,-0.0006849428,0.0002291663,-0.0015104948,0.0020601548,0.0040343788,-0.0124272093,-0.0083171126,0.006823709,0.0041851246,0.0027359395,-0.0060613625,0.0066903999,-0.0077991612,0.0011197323,-0.0054418263,0.001704064,-0.001310622,-0.0012389104,-0.0021299155,0.0032894822,-0.0072914271,-0.0062664697,-0.0018923965,-0.0064954682,0.0031200401,0.0709622571,0.0029194826,-0.0102194164,-0.0078638397,-0.0070520671,0.0002707035,0.0055184208,-0.0038627235,-0.0078473584,0.0027614892,0.0043079041,0.0015497871,0.0175254395,0.0021858055,-0.0039006613,-0.0010740977,-0.0086653324,-0.0076199848,0.0013273571,-0.0045939861,-0.0096137544,-0.0084890687,0.0013066743,-0.0013647056,-0.0109181635,-0.0120923771,-0.0024798617,0.0064975911,0.0022598323,-0.0097607242,0.2314614638,0.0000000206,0.0000000899,0.0000004277,0.0000013125,-0.0000003479,-0.0000011616,-0.0000000027,-0.0000000365,0.0000007167,0.0000000938,-0.0000009322,0.0000006605,-0.000001578,0.0000003462,0.0000017137,0.00000078,-0.0000005971,0.0000004625,-0.0000004593,0.0000007729,-0.0000001604,0.0000003654,0.0000009877,-0.0000016886,-0.000000536,0.0000029195,-0.0000006202,-0.0000018464,-0.00000026,0.0000285217,-0.0117339202,-0.0114802574,-0.0061927435,-0.0028888649,-0.0009010558,-0.0013193322,0.0124355193,-0.0001155457,-0.0079216016,0.0050356403,0.0046486825,-0.008969532,-0.0028443004,0.006653451,-0.0014259638,0.0015663799,-0.0096867475,0.0007986522,-0.0084636213,0.0032186121,0.0008126259,0.0025484677,-0.0006885481,0.0080657923,0.0034941243,-0.002092118,0.007738244,0.0036764305,0.0076595706,0.1247239478,0.0140059269,0.0040970812,0.0065631663,-0.0060151414,0.007731992,-0.0003962869,0.007531673,-0.0066711517,-0.0009058586,0.0018971319,0.002083841,-0.0048632414,-0.0016145132,0.004452533,0.0012992153,-0.0039724375,0.0037111924,0.0002515995,0.003920221,-0.0065792541,0.0053733641,0.0000374482,-0.0031005738,0.0089785755,-0.0068518735,-0.0004069281,0.0010171151,-0.0012913833,-0.002992272,0.1412913932,-0.0030851399,-0.004647599,-0.0047408156,0.0002347039,-0.0049047949,-0.0033772174,-0.009739448,-0.004786349,0.0013710034,-0.0013251405,-0.003201126,-0.0036313253,-0.0005762237,-0.0056816552,0.0057136682,-0.0029329788,0.0039531677,-0.0095427892,0.0015959405,-0.0015661727,-0.0070489299,-0.0014203652,0.0028122537,0.0047691942,-0.0090528619,0.0066358443,0.0056828768,0.0078147298,-0.0043160647,0.0055749294,-0.0001697966,0.0030301083,-0.0027993873,0.0075999831,0.0014572304,0.0012017359,0.0077174049,0.0012786853,0.0046083083,-0.0049790028,-0.0045746145,0.0028956198,0.0075638424,0.0063981446,-0.0015836408,0.0011669967,-0.0069073767,-0.0001043132,-0.0095264199,0.0075586969,0.0040492222,-0.0046023124,0.0049038887,0.0028067041,-0.0019363361,-0.0043550609,0.005244624,0.0043126308,-0.0004099994,0.0261097887,-0.0060854588,-0.0033776187,0.0047536442,-0.0007802325,-0.0040714245,0.0032776896,-0.0069153648,0.001558446,-0.0009627068,0.005938116,0.0103543669,-0.0020258668,0.0003504801,0.0058280089,0.0058247909,0.0035874044,-0.0045319219,-0.0042736968,-0.0004790683,0.0004215507,-0.0029076976,0.0004762486,-0.0085373313,0.0122124583,0.0006258511,-0.0057343326,0.0007167993,0.0046092478,0.0039703413,-0.027676767,-0.0043411609,0.0020138315,0.0037935181,-0.0027462588,0.0022717011,0.0024664311,-0.00454901,-0.003041843,-0.0022721469,0.0020363334,-0.0029292993,0.0034191835,0.0022755478,-0.003227308,-0.0001081243,-0.0053402815,0.0032687193,-0.0003086172,-0.0010695562,0.0002833284,0.0033511586,-0.0029050681,-0.0011231058,0.0041973608,0.0000337544,0.0052193875,0.0055143606,-0.0090947495,0.0026767672,0.0417312374,0.006707121,-0.0025481139,-0.005305259,0.00071271,0.0034231956,0.0006520734,-0.0048461448,-0.00806384,0.0070412963,0.0040409165,0.002453713,-0.0050090187,0.003566029,-0.0034363868,0.0030521158,0.000347892,-0.0036134449,0.0062918764,0.0014048239,0.0025716749,-0.0059187491,0.0048465873,0.0015035002,-0.0024328448,0.0030205223,-0.0039944958,0.0014897675,-0.00238484,0.0017090176,0.100852271,-0.0088659842,-0.0036866481,0.0070849129,-0.0064904524,-0.0088915791,0.0046900418,-0.0090517022,-0.0083944964,-0.00184708,-0.001750381,0.0020628704,0.0056754209,0.0048834953,-0.005883294,0.0063551315,-0.016649296,-0.0018346795,-0.0072002586,-0.0038648206,0.009633345,0.0006100034,-0.005104502,-0.00366459,0.0062418307,-0.0062985823,0.0075914306,-0.0002172968,-0.004683927,-0.0023252596,0.1771330477,-0.0039399805,-0.0030149778,0.0061838457,-0.0039496829,0.0091961563,0.0036372285,-0.007427147,-0.0007199764,0.002086785,-0.0090140558,-0.0017687085,-0.0007598867,0.0041398222,-0.0145324313,0.0035979802,0.0095701562,0.0003360385,-0.0018009705,-0.0013894917,-0.0062664411,0.0061525222,0.000227189,0.0033103008,0.0037239278,0.0048327592,0.0128651589,0.0054167773,0.0005220746,-0.0061179091,0.1707387483,-0.0071681755,-0.0011319089,-0.0009591235,0.0022867598,-0.0000152529,0.0004827847,0.00253558,0.001297652,-0.0053125564,0.0005014809,-0.0020811087,-0.0034089546,0.0037212183,0.0041445806,-0.0015175227,-0.0057989536,-0.0048341903,0.003342067,-0.0011506481,-0.0017173354,-0.0080042004,0.0143714704,0.0043859969,0.0052598433,0.0087399438,0.0036445202,-0.0024823226,-0.0019939779,0.0011592171,0.0991491494,-0.0058733089,-0.004778755,-0.0023210712,-0.0014531122,0.0020098385,-0.0003935516,0.004093161,-0.0015287946,-0.0041620653,0.0002197443,-0.0012877075,-0.0012989847,-0.0052810534,0.000702663,-0.0006633512,-0.0000255712,-0.0028536433,-0.0027578639,-0.0002817291,-0.0001639875,-0.0005320588,0.0079015909,0.0035593676,0.0042332251,0.0003139361,0.0019269025,0.0012332912,-0.0044241951,0.0036773875,0.0834821028,-0.004704341,0.0139145087,0.0030448426,-0.0087128592,0.000764118,0.0005894751,-0.0071395762,0.001507707,-0.0071386247,-0.0008118331,-0.0124199592,0.0090102501,-0.0032932036,0.0032290202,0.0084950854,-0.0017576367,0.0052342278,0.003393783,-0.0044530539,-0.0023011266,0.0103237429,0.0035998494,-0.0004265003,-0.0063385505,0.0086661182,0.0055305915,0.009830333,-0.0035402657,0.0011341319,0.1501616954,0.0045744286,0.0064834076,-0.0051422553,0.0045514954,-0.0025333886,-0.0017099344,-0.0081266752,0.0045695361,0.0086231013,0.0079744659,0.0033386458,-0.0075487897,-0.0045449709,-0.0091957076,-0.002573551,-0.0039700005,0.0069787592,-0.0035470124,-0.0034580948,0.0023024163,0.0019195277,-0.0005989683,0.0064244359,-0.0068876642,0.0013049117,-0.0032963315,-0.0040239962,0.0014971244,0.012948473,0.0830222753,0.0009549879,0.0111074443,-0.0025122145,0.009417009,0.0075263679,0.0016883057,0.0057719442,0.0129078316,0.0050320308,0.0030227938,0.0050674955,0.0036699397,0.0084978388,0.0076104292,-0.0058284393,-0.015288557,-0.0038127312,0.0072315576,-0.0056079532,0.0044356268,0.0036887211,0.0000191495,0.0119242704,0.0020143074,-0.0074433811,-0.000008173,-0.0102747147,0.0075098245,0.0029306493,0.2163755687,-0.0025628347,0.0013634219,-0.0043690414,0.0025388915,-0.0039185803,0.0008980731,-0.0097722744,0.0000108058,-0.0034358244,0.0056577074,-0.0026028824,-0.0122493459,0.0092990329,0.0077616159,0.0064490753,-0.0003548791,-0.0039695314,-0.0008244741,0.0077536495,-0.0076103321,-0.0011388396,-0.0123785077,-0.0129657587,-0.0173736818,0.0099407074,-0.010681614,0.0058206809,-0.0034581047,0.0093073793,0.0736210856,-0.0060411522,0.0059185445,0.0080885149,0.0003051999,-0.0019623376,0.0053561744,-0.002687482,0.0014936958,0.0125180379,0.001422997,0.0046710592,0.0001416558,-0.0084299852,0.0064605972,-0.0071163529,-0.0013413549,0.0051704316,-0.0056370343,0.0039323566,0.006526767,0.0084266992,0.0112750222,-0.0002011259,0.0005415626,-0.001595014,0.0031277593,0.0033666048,0.0070670374,0.0016235149,0.0702065465,-0.0057516286,-0.0028383217,-0.0041190962,0.0113303553,-0.0026782371,0.0075561972,0.0007938466,0.0011982767,-0.0067794611,0.0047699262,0.0032714683,-0.002557436,-0.0033383093,0.0000498321,-0.0054733603,-0.0003095832,0.0004859476,0.0005025216,0.0001358903,-0.0029858311,0.0022368839,-0.0044919399,-0.0028629822,-0.0143321855,-0.0024644261,-0.0026459238,-0.0005422573,-0.0071411062,-0.0073139013,0.0904590733,-0.0049300122,0.0041033619,0.0077364716,-0.0044748904,0.0018814474,-0.0013095743,-0.0045901538,0.007341799,-0.0050810972,-0.0020657895,0.013108809,-0.0057164668,-0.0033145807,0.0046890016,-0.0001344354,0.0073715697,0.0033364373,0.0003280154,-0.0042211159,-0.0047144399,-0.000456385,0.0044410986,0.0050908369,-0.0035111788,-0.0012534815,-0.0020410915,0.001504929,0.0066481196,0.0117149918,0.0090378507,0.0000002977,0.0000007911,-0.0000007949,0.0000000504,-0.0000015842,0.0000003393,0.0000014135,0.0000007407,-0.000000053,0.0000008081,0.0000003806,-0.000000244,-0.0000011406,-0.0000000523,0.0000003817,0.0000008439,-0.0000014432,-0.0000002438,-0.0000003724,0.0000016063,0.0000008368,0.0000017064,-0.0000005193,-0.0000012057,-0.0000009763,0.0000036141,-0.0000011538,-0.0000007752,-0.0000000149,0.000009573,0.0065817276,-0.0041081874,0.004949047,0.0012746466,0.0016481495,0.0025085678,0.0039188144,0.0031083228,0.0015718771,-0.0048602904,0.0036543148,-0.0002633386,0.0043698424,-0.0029040812,-0.005532053,-0.0003061192,-0.0008995587,-0.0011464933,0.0047120296,0.0036797115,0.0024875353,0.0054310739,-0.0036984615,-0.0011251977,-0.0009202442,0.0035646295,0.0067671866,0.0063632215,-0.0009122751,0.0311882367,0.0096967465,0.0052953211,-0.0014191627,-0.0100887966,-0.0140556065,-0.0014130982,-0.0010827832,0.0090817928,-0.0007990449,-0.0059763988,-0.012552189,0.0070389913,-0.0100077188,0.0017432862,-0.0025130356,0.0106312583,0.00301032,0.0034880067,0.0036053438,0.0035990525,0.0021251169,0.0033331351,-0.0005797771,-0.0004239824,-0.0004378085,-0.0031303026,0.0012985491,-0.0025486904,-0.0033366949,0.1672507649,0.0090218839,0.0054919103,-0.0040293807,0.0110494471,0.0019519646,0.0012976168,-0.0027777763,0.0062981344,-0.0003615058,-0.0018326162,-0.003713132,0.0079531492,0.0016875376,0.0008831194,-0.0047993232,0.0005124685,-0.0062909235,-0.0030956514,-0.0055282136,0.0004691301,0.0033296572,-0.0063812604,0.0001761283,-0.0021825645,-0.0009189403,0.0030202423,-0.0034621936,0.0045048091,0.0075003129,0.096862413,0.00812196,0.0103507503,0.007835612,-0.000301991,-0.0000256823,-0.004395994,0.0045943369,-0.0145469537,-0.0035400313,0.0009995378,-0.005787936,-0.0145550781,0.0077249777,-0.0112885735,0.0008178735,-0.0014375873,-0.0019108386,0.0039696229,0.0014067397,0.0034181181,-0.0076834746,0.0062191791,0.0006775722,0.0008227023,0.0059220998,-0.0049608703,-0.0081931559,0.0020502456,0.0009079375,0.1999724451,0.000887088,-0.0031024231,0.0047560786,0.0076414069,0.0001579359,0.0023348973,-0.002347066,0.00285362,-0.0045497836,0.0043187333,-0.0023603832,-0.0047267572,-0.0014815484,0.0037571582,0.0006024451,0.0015198118,0.0028000076,-0.0019361407,0.0032676409,0.0028263808,0.0026574529,-0.0034496776,0.0022259996,-0.008611864,0.0005270012,-0.0014407053,-0.0019171498,-0.0033426805,-0.0040052819,-0.0050314427,-0.0035359396,-0.0026111691,-0.0087215018,0.0023021825,0.0052251026,0.0033857397,0.002150573,-0.0039990493,-0.0005639466,0.0052899482,0.0115193605,0.0077273151,-0.0029313947,-0.0003725884,-0.0013124572,0.0013572974,0.0023415471,0.008053339,-0.002529178,-0.0018397019,-0.0080914927,0.0020732501,-0.0037580425,-0.0031725592,-0.0048347761,0.0007829997,-0.0016529371,-0.0038452962,-0.0029536134,0.1692679857,-0.007307711,0.0038779763,0.0025521752,-0.0057321121,-0.0019670324,-0.0045642418,0.0096336813,-0.0033151607,0.0024334429,-0.003128873,-0.0012443111,0.0025397586,0.0056781062,-0.003232104,0.0049443483,-0.0025386005,0.0027947624,0.002016719,0.0054828821,0.0019472593,-0.0044610857,-0.0100459681,-0.0046446147,-0.0057020286,0.0041620435,0.0009767198,-0.0042954296,-0.0011834442,0.0053501821,0.1279093679,0.003903676,0.0006743521,-0.000107872,-0.0049334617,0.0035125473,0.004087648,0.0029355069,0.0020921274,0.0010769071,0.0018783358,0.0075379634,-0.0017003598,0.0013399701,0.0027376988,0.0024168068,-0.0036132411,0.0014537451,0.0044301181,0.0056164147,-0.0021661115,0.001410766,-0.0019571148,0.0034009862,0.00301732,-0.0050674952,-0.0007855481,-0.0026322807,-0.00191287,-0.0032839224,0.0483976915,0.0021821679,0.0050035221,0.0007536256,-0.0036180815,-0.0005364752,0.002665568,0.0102151589,-0.0208837506,0.002249348,0.001869317,0.001133403,-0.003703292,0.0005995038,-0.0169250171,-0.0087209788,0.003475737,-0.0064037205,-0.0031827507,-0.0025012512,-0.0065295551,-0.0022141058,-0.0061251987,0.0008564314,-0.0085188974,0.0007395215,-0.0139162294,-0.0025855226,-0.00623557,-0.0061118912,0.2286241239,-0.0081809121,-0.0071477428,-0.007659714,0.0085873748,-0.0023295443,-0.0028911213,0.0063869713,0.0064164023,-0.0031608706,0.0085579721,0.0005445836,0.0077138265,-0.0051895826,0.0019297786,0.0090468787,-0.0093978899,-0.0006602632,-0.0065472299,-0.0055311831,0.0094143166,0.0075779688,0.0077152405,0.0001914768,0.0152185287,0.0046552162,-0.0057388301,-0.0012478155,0.0037798621,0.0053020142,0.1654545522,-0.0007394452,-0.0012704077,0.0094278464,-0.0016828879,-0.0013914066,-0.0086923802,0.0018731026,0.0116971627,0.0128322028,-0.0028576402,-0.0051961814,0.0015649504,-0.005444301,0.0010887064,-0.0030208868,0.0000796069,0.0111706318,-0.000041218,0.0048773883,-0.0009391482,-0.0026304982,-0.0020287859,-0.0012249299,-0.0068544785,-0.0044337796,-0.0083092698,-0.0047465843,-0.0043502202,0.0085144744,0.0938171936,0.0002721818,0.0057172896,-0.0066124404,0.0029590775,-0.0036276724,-0.0006431682,0.0037229732,0.0059812294,-0.0050635176,-0.0017600506,0.0084821446,0.0079801672,-0.0029946424,-0.0030658444,-0.006446066,0.0050135004,0.0042772639,-0.0018918792,0.0000809295,0.0011066061,-0.0019522979,-0.0019939699,-0.0007916888,0.0007014955,0.0010805257,-0.0041386305,0.0047507642,-0.005703278,-0.0069527248,0.0461881819,0.0042228738,0.0029312485,-0.0023552814,-0.0012235682,-0.0030913417,-0.0031678515,-0.0000864433,0.0059910952,-0.0030842232,-0.0045060265,0.0037163048,0.0012655703,-0.0038051838,0.0005866253,-0.002759444,0.0045008582,0.0010702745,-0.0040513255,0.0034205683,0.0053050039,-0.0013846735,-0.0052226076,0.0046171197,0.0011898349,0.0048490975,-0.0032532223,0.0009538199,-0.001214413,-0.005172135,-0.0367844648,-0.0102799778,-0.0003589917,0.0063689466,0.0021856301,0.008537294,0.0036054549,-0.0010333013,-0.0030525766,0.0022713467,0.0016817212,-0.0148292866,0.0048008083,-0.0024800974,-0.0081048059,0.0004495049,0.0061991066,-0.0161617229,-0.011353626,-0.0030382136,-0.0043070593,-0.0028591848,-0.0031752812,0.0116728142,0.0062078904,-0.0059284108,0.0063643763,0.0039913432,-0.0083410776,0.0006520452,0.1664073132,0.0066875566,0.0053710531,0.0077492605,0.0035897011,0.005251435,-0.005537697,0.0051086694,-0.001047343,-0.0121324031,-0.005505821,-0.0019290581,-0.0029171635,0.0011370367,0.0046745794,0.0031675087,-0.0049201099,-0.0026265814,0.0031178387,-0.0052207634,-0.0099712867,-0.0011381797,0.0113214427,-0.0018229067,-0.0063451059,0.0125290588,0.000079282,-0.0062799286,-0.0005008835,-0.0086736074,0.2248126386,-2315.574763018,0.1743065401,670.6064258692,-591.568213077,-0.8080612916,0.3437696451,12534.7221229224,-45624.7028863761,-35615.3985610359,-0.427728684,0.3591915139,19150.1819794239,-0.9943981411,0.315306743,11589.0236034559,0.0567913694,1.1738545068,0.6721348065,-35615.665943054,-11147.8323662789,-19750.6188199274,63.7151128869,-11133.2822768785,0.3644395571,314.0407309424,137.54378732,32275.8480509653,-755.0599208527,0.9738790974,0.9031548598,0.6226184503,-2884.4236775942,-0.3698711481,1816.9064606508,0.8055744268,-816.9245114887,-16353.7558607481,-0.4557664358,-4154.8468854356,20.63345502,-0.1713606873,-0.3099303544,0.8070517542,3067.4773142876,123.6324745929,-75.6369732597,0.4356760541,-13116.3289206315,0.1407763934,-7042.9936477078,0.3226437003,4701.4645588155,8129.1853522718,2819.3701234366,4398.6803970936,7696.2978663041,-1863.1348076323,7512.0386666281,3564.5446156329,-4291.1693719778,-8984.6579667692,7403.3778762727,3753.2747455304,-1.3412245641,4401.0910855077,-2584.0464818456,-9365.834233578,-2118.2177401541,-10271.2510875814,-7249.817737508,-15724.7033307706,10307.322620973,-80.9660070139,3303.9536515395,-15757.7459224679,4940.7879121572,8959.4968045844,2170.6942766409,-803.8270535627,-12318.7173449725,369.2811414785,752.5751369492,19751.5225400344,1665.7075451643,-18223.6204257955,0.7598670968,-8733.4282634484,205.1944607925,-9270.2715855028,-2871.7343025688,-0.7914169417,32647.150578057,1.1138949433,0.30929426,0.6877473872,0.2629453392,33782.4537681346,0.7564199634,-9270.1132949942,-1975.6462627582,13626.2943259389,5750.9853238225,-11509.6642577922,2277.5058907423,-552.8500541672,2.8735294896,29461.7197868254,115.4999573655,-7.1057988403,-2465.4108489841,-9809.4449202275,-10746.0792789996,-6403.4659261063,21194.8638365136,0.9671904187,-6101.1984598797,1.0899228103,3.0140724515,-4.082814436,-34803.5714304746,0.5834552716,5546.164225283,-0.8495904563,9751.8700483117,-2132.8874309024,61.9851420236,2.6372068461,-1525.1033035978,1.1382112126,-0.93292688,0.1339791009,-3458.3244334457,-64.8592137369,2448.9103579478,1127.5450219628,-1023.2566928834,-20583.5189546008,-2111.795975515,-1.2533386113,-1244.6871243714,-4045.3282015411,-6650.9847704205,-3271.0658661793,0.8215532608,4314.4547336097,1103.9466424462,5982.4681300575,-4108.5894386848,4415.7076269477,2948.2994754932,1976.8262440032,-0.5831528778,-2057.3679111605,2857.3298342604,19513.5730353283,2229.3537299105,1748.9858322186,2007.571720239,-2767.766185098,11622.0476641876,-27760.6439431829,-5441.4402283732,-1502.5114379137,25048.7038097903,-162.7100851538,31774.2582625133,-6743.9455040333,104.2375497635,1.0233845866,-61.6397491776,-0.9090752166,-0.2376382363,1.9439188457,41741.0559794848,-5698.7849027264,-0.6544194479,6083.805989172,39439.5321709078,-0.2866846819,-1749.7949430119,-108.1212011729,2162.5128535213,-3486.1257344948,2184.2427753569,1.858766485,-3508.862520167,27333.4792209231,-4068.4800424539,0.533002522,-4443.658096306,-1600.7358864793,-0.4703455808,-4.6429319412,-2863.3286346917,0.4041355861,-8283.1645588151,0.8422551127,9219.2375255822,-0.4060239792,-0.0971520529,-2995.4646413981,55.5173109006,-1194.648649803,1185.4364709059,25.855344613,1025.3727652255,-5498.7862065243,5370.0867002847,169.8635808164,3659.0750039336,-0.0058738302,-2489.9251471135,4502.0429653347,3437.5726814626,2310.3225601562,-864.7906213074,1116.1586862009,-3863.2586718,81.2663677024,-6890.9565690265,1280.9158297786,2720.3444069978,-9800.3625255245,-1939.7372662059,-1790.687369003,-1557.863781365,-1650.6436071122,15352.7666839319,5238.6728108993,402.2084337574,18188.2542911233,-1660.0208246837,5381.2262256679,4663.5897724098,-3585.5955294163,-2641.485676351,-161.2781818087,22.0495455873,-1109.6947096065,1784.8869453743,-48683.0289628424,-0.5892665833,-12632.4610204788,-3862.312149908,0.8964959831,-0.6913755756,2991.8820253342,0.2098334107,-0.2122759815,-3940.4268611662,0.287340991,2.2945108157,-0.8108247318,0.1922017047,0.5670298234,0.9860968129,-8294.523045061,-0.4242904517,-1.1518236537,-7055.5898118411,-0.7584899056,17982.5311740937,-22512.1504432538,415.1161053895,2477.9410470728,-810.4623872469,-4339.8523645163,-163.6137114261,42567.8213950831,1191.6982081082,-22.1487000639,3965.4725097733,2282.8086840619,5311.8965551225,0.9824173875,2736.6224385032,-2092.1176916986,18216.5019730959,18.3615993947,-1931.3152063003,4043.2193931687,-24385.8788272609,-0.3209203691,4506.1390358759,0.6225500094,-17086.7038166624,8630.6314729969,-10.1918855259,-60.1279197982,-1493.601363736,2.17053057,-11.6866387567,239.3647308295,-7142.0124263395,-975.9305954976,-4331.7327406046,-9200.9487493442,0.9263357366,-6553.2790658845,-7029.3983383949,-516.9986208585,20321.5329708262,11633.4256430896,1458.2782715464,1085.3616900277,2140.7321744585,4967.6836690398,8256.7618572195,1.1712859772,1396.8442126141,-2423.8918855328,-2959.4941791515,9679.9284355431,-10346.3849194271,-2840.0293255731,9664.8442484508,10502.247470028,421.9085251474,-2698.0238102088,9711.6392163288,-2217.9315985836,-17604.9886694036,-16710.6084572387,12961.9489362005,-22292.3466929884,38.0945556588,11285.8378117974,2068.3387941849,-0.1426052125,0.0748422515,-0.1339305782,1.2304431421,-3231.1800229129,4271.6933350804,-0.9880252311,0.9885449193,-0.3327479267,-1139.4875001311,0.572750102,-7062.7536341517,0.334433195,30716.2532196704,940.762111698,0.8360565491,1560.5112690046,-2.1796673081,17646.961962038,29515.2622091419,0.5803662955,-5289.3478315974,-2300.114205613,0.0487964473,-673.5383247134,1612.2267301947,-0.3433408522,-1466.1307462548,6536.7121169072,-965.0384914312,-0.5550261704,-22503.7160124859,6440.8386031274,62.5174943183,-20408.3887319241,0.6062633516,0.5279706417,0.7220706485,2.529569724,-947.7755945574,3493.8516337545,-12.2934813663,-0.1173237981,18677.1670886741,-13222.9870048541,1.6973714408,3.0041951721,20495.5468562955,-2584.826107704,7413.7242650095,5641.9358173986,-1.3609478408,11214.4341041839,8885.2129596968,1233.0362619559,-5398.0627769573,-19995.042178956,-2339.8236563663,-2.0512985387,-9285.1204930861,6887.2531718982,6594.0939736627,-4179.6856529449,-7275.5886726215,-8192.0548481971,2751.9784579391,2758.9143846159,-4909.0964526398,12021.3043221969,5546.6852363784,7231.999947054,-1019.9953765802,915.1471798479,-642.8251520516,-654.797204651,1899.8535804905,-11912.8383153412,-2.3708226443,6253.9299771967,-0.3717319612,-0.416958772,-0.6317416218,0.9646982775,0.3505692588,0.71624956,0.2576277062,-1.0129660089,0.2096951235,-1.5304593468,-1.200167832,0.1339091353,0.2555968937,0.9321974319,0.6086370082,-0.6593616575,410.3480735194,-0.1131605937,-1799.5543430119,-6298.548285744,13147.3287858585,1629.0057689924,0.6053879797,-0.6234800987,6290.0955117464,-5455.926649688,1.728111567,-0.1910865984,8074.7858660842,106.9134956826,18398.5812482167,-1.3646082066,-11390.627756163,-0.1456394602,6488.5180245402,-0.0887009162,2.327703372,-0.5277636871,1.6821176791,-1159.9497115045,-17346.8641549442,1.3946400761,-0.0988023862,-0.0289273388,10938.390351406,1101.9767403966,-15550.3194957467,-336.1950488126,-35.1543842387,866.7254935708,10639.3508459554,2309.8051134172,16660.0745469355,-236.3711928178,-3359.2078180665,-8422.3597984156,-3032.8367241107,-6268.5867580879,4729.9936556861,-4926.6672629921,5117.3575260144,2963.2472781003,-3365.9691832028,-3135.1829414201,-13084.0085696427,-4330.4897769338,-7804.2602090518,759.795308423,-11261.9654358254,3695.3715793434,2336.6315439807,8811.1749179017,-782.8553856039,-28134.3653326082,6068.8845099751,-9116.091146441,-1029.846597425,-48.8457629843,-29026.7843804505,-7327.2081919488,40.885426009,610.6488083817,2366.551357287,0.88194076,1991.8767379277,1.154883321,-41359.5754437985,0.2547243692,-0.0874686063,6572.4151862983,-38128.1665781201,611.5789167383,-5939.6138249798,-1461.1482299085,4.9461878667,4278.8007758232,1.0113755736,0.4123717846,39151.759902743,450.9168260423,5.0100564048,-2.7920828514,891.553556181,-5697.8598720777,5.7534704433,0.5716627917,3.7553643799,-0.8336178792,-8950.068279659,0.0874228211,-20186.9220178415,-0.1110665274,-25930.6533982671,0.9195191454,0.2069988245,2252.7470139232,-4.4053808884,-0.7293043308,0.8491527495,-0.5738399153,6454.8782387261,10.9775452603,1512.1703374494,-0.6689669068,-549.944808324,-5252.929501035,-6977.8749452954,16465.7283462406,-6138.1234502411,6047.079735187,-2605.3827333054,-2090.0605813282,6163.8942362578,-15975.1884938546,-4648.4068660884,-2591.7249652895,12.5264684511,-743.3275530432,-3778.0196960759,4817.1314631271,-4224.9775085174
   -10161.4569260236,11442.0226526686,2777.4952209756,-1616.9233070372,29.7681694882,-3993.1679346502,1376.7771717818,3213.8118127327,4522.9979369083,-1397.900033946,18.8383201382,352.9378486625,-919.6435992795,1295.0542533169,2496.1905119699,3631.6325554596,0.6427695831,-919.521504102,-13316.8094317865,11877.5670777339,-5226.6049673912,-0.5227943924,0.1084024362,0.2137491455,-13687.0182683095,0.2434096714,822.2066544238,-0.5050281453,-0.6490457309,-3168.1853507162,-5227.0309172662,-8820.4172677115,41218.6580014095,-1.4000401672,-4755.2627409067,-1.0756714049,-0.9644224244,-4433.8612835296,-45232.786213812,5396.8811506402,-1591.9822738448,-0.3511334507,-0.4821835621,-2526.4841202125,0.2833236756,1.0785131483,0.8605734262,-9184.7615402605,442.9938420207,158.1531295573,4201.7396936104,-5864.441359163,-2857.2345997039,1545.198176308,0.2247994533,6400.3311575892,-2168.6179149202,-70.1134549999,36.6362196346,-0.8694056333,0.6593403025,0.6782866978,-0.7225716154,6961.5347843689,-1871.4794685786,-3296.6882077967,0.7705722093,2698.6830175288,20.6917904766,-0.2591789677,-5.4819554274,339.4333219459,-1038.0462124189,9328.7149088153,161.5987594854,4274.6671433621,-0.17769026,6886.8137453708,13278.937519672,-4742.9802037059,2787.2766737404,5980.3265044889,-2349.2417505059,6198.1284897587,-2534.3357096125,5013.9720730035,12300.1043609087,1344.8832901893,2730.1774984811,71.9954133051,6724.658627602,1763.5729978844,4458.8332551261,0.4845161483,-0.2180662421,1.0335626137,0.4399356029,-755.4516187046,42916.3987352445,32814.204100517,-32016.026489122,-0.0405813853,-0.2655694218,5947.9053801843,-0.808513722,0.9934227873,-96.4126718131,-0.1907101087,1064.7875912583,-0.1177023526,-32015.4133485995,4847.2683105606,8616.1052066169,10.6830411737,2531.2154077457,-858.6348857633,-0.674347495,-272.4937316293,-6460.1757886992,6789.9103157191,-4237.187590977,-1170.1484722213,6.5889074688,868.1112041283,0.8877062491,9204.4577243353,0.0332712298,8162.5356848776,-0.3095299854,-2027.0432074303,-0.2120039299,-0.3851886219,6273.1115264222,-1798.898419307,-1.9727398652,-1.103005485,-13470.5298377085,-142.6422735587,1255.9256892401,13608.5959460086,1.1202978944,-8.8191979818,-1244.1384162038,-12857.3914922995,12111.6108338298,-2837.1321175838,-11392.0009206665,-2350.5955330512,-6089.2454517703,202.7010136546,364.7343732431,2544.615913281,1719.5483383296,0.1018730978,1807.4310997204,3342.7982794512,9625.1441502531,-5650.6753638813,-3873.5618120523,5.0509198528,-1730.0107646163,6937.6765019372,419.2747017886,-3555.4372918886,409.9032543513,6790.8181841522,618.7678945644,2307.9756365182,439.3869207131,-0.4810015113,-180.1168196486,-2493.9426754416,0.2582354133,-11673.314029036,2.0826573709,-35657.3373588702,-0.8894423708,3935.2959379295,4535.7088724935,-0.2493379829,5342.5503133314,0.7382118011,0.4089839887,-0.5408216697,0.963007592,139.2117514226,54.647028864,0.1938944832,-2122.2681436308,-0.1773358855,5342.4478068961,-0.0078228226,7598.9291793902,-13865.781645662,-682.1890941187,0.8951307514,0.1987195145,1.2424460215,6818.2957668603,-31378.1586547615,0.4569548691,0.1732692176,-0.3889781655,9984.2489276316,1.759144019,0.4417539657,-0.2176055289,16566.9343515244,-41353.209819201,-0.4819944663,-0.6182500936,0.624679282,6540.5395049028,-0.9066270683,-0.134339893,-0.4212836738,0.4942896721,-1.0629695164,54.7943704298,-1972.3223328382,16.7961590236,0.0290077362,0.5690931291,47.2494126331,1182.4059858647,4540.8917849524,-1355.4173884278,-45.0159782091,2972.4699603423,10722.7084524219,9712.7718370211,-7199.7324171149,-0.6167658192,2707.7929959778,4403.8341699833,-11865.6303096363,879.1601590554,161.4092505723,-2154.6294219307,-1654.9014359903,806.2422127659,-9324.9199078386,3072.7503576933,-15820.2179289488,-333.1300324568,-1982.4648404121,10355.8977891111,-8423.0262927737,-1564.9817958193,-3494.6725630093,4736.1118119464,-695.9023410595,-6324.6416381238,-29718.858661078,1096.1060503154,-21176.8702552919,-8282.9369529529,1343.2350043288,5502.7962027698,-2.9282475717,83.7357381394,-0.1610556187,-0.4905640643,0.6467890901,-56.6463719493,19705.3552240684,5210.7573040153,-0.2139144262,-3493.6149976834,-48744.5913703667,84.3116088411,1622.7920790584,28031.1829107104,-16058.7416803076,-304.3555493294,-0.1504172964,-0.6113160797,-0.4617774943,7804.1098137846,-6594.6753384267,1.7933250277,-0.4489455123,-6.7759994387,40731.3200979554,-0.8432776635,8555.3990726249,-0.3627374368,1066.5636158204,3006.3291825401,0.0744253229,-0.273080929,-192.5494364924,14.9127355473,-0.1368164052,-38558.0401502986,-0.852175263,1242.6652297087,-0.2085414273,-0.272603464,5538.54274087,1.3453412936,-0.2476798509,-0.3374775433,-13098.0332104929,1407.6789615487,5130.9890656232,1313.0001538959,5885.9469483274,-1558.6421839235,-3601.5429143216,-9290.6126729179,-9569.475114373,10.6802630192,-14266.5929423445,8386.8075656755,-310.5063104792,15673.5703610567,-1504.2808224172,106.4381798629,-329.2608218507,-6496.6172621832,1634.2051580861,3142.3211183922,5938.6570724608,13100.0126173568,-0.5531890008,3210.4920094696,1571.1739817241,-12044.314955417,-0.6235535052,-477.2302257428,-2576.2032170374,5.0888775514,-5684.8525663559,-5.8759547137,102.0934554278,-0.908058198,-3870.7665156184,-2476.9987899182,116.2441641657,-12722.827623041,298.2521108451,-0.6819289805,-27745.1003747759,-40167.5666995518,-1.5120186871,-3888.0911107221,0.6880891619,-5944.2239725355,585.5253533949,-12723.6553305248,17628.1467373141,-22897.7481101633,6883.8241281333,-0.0990243583,-7066.4151123179,1.0539308202,-1.6078380946,-20820.4108892256,2339.4524546965,-125.0894734778,2085.4320288449,-0.4626762229,583.782970684,2084.7043196106,7728.7114462358,0.0841076925,22031.804150657,-2615.7099504926,-3351.2091468874,0.2435048492,0.7653894437,30132.5507970861,0.1079740949,0.807700513,89.1123742355,-35104.977028264,5412.6471380508,8.2304167608,2466.4140570735,4.9002152447,1458.3270513128,-0.8045819917,-1903.9305123086,-1209.1367918397,-2322.9467519806,2793.2459293269,-19.9134365115,-281.1462980735,8170.3051044109,4350.7642300321,-256.464384801,-5378.4120845521,6295.4743137691,-8017.9076352674,3671.0419634692,-8.427265409,1381.2777561454,-1263.3619131897,393.7518105601,3325.0615113064,-13708.1464106472,6531.4922902561,-2285.9078841678,-0.3792163954,-0.0304558961,-298.3638491419,5541.9045354321,-2663.1898860926,-14342.1487684823,-8027.3295796344,-3813.4365465239,1563.887298559,1.1044007747,-4408.5151799642,-1360.6233845273,-4.7719069189,576.1869696392,2859.8687679175,209.5420603936,-6443.7183044627,9140.7265390671,0.101634833,1571.9942393603,5648.1728412288,-104.4577532121,1.0720759447,0.1107910162,-0.7778743294,-1701.4052416518,-6444.2156235074,0.4222500474,0.9239416639,8172.7004172568,-4153.7214282434,-1.9137419431,-0.1830720931,625.3008589098,-12555.4146804203,15268.252098815,0.5240463024,-0.410095469,-0.4478405105,-88.8451504475,-0.0742320275,-3847.5265864201,0.2530019259,-16435.6400539271,8595.7674986927,-2037.7983842248,-0.6589266005,-341.4230403666,0.7703181996,0.0104449137,-128.9783691136,-1514.5862008016,0.1760543365,-0.2740581803,-0.2493320795,1415.9403024311,-13699.3945731761,22572.9291110063,0.4720631017,-1200.6569265097,-5754.4540995701,2621.8805318901,3053.0193322668,-13.3270314414,0.4916937096,8543.9016524937,-1236.2024604423,-7884.2937805328,-176.9575718178,-20.2343553452,2976.3497183783,382.6609288434,1678.9094645204,-0.2943095727,-1832.9240874033,-1250.1327437939,5075.3947371856,-14387.9128219144,-4415.135072806,5819.2927246331,-14569.7106140268,6079.688256737,6699.7178931028,5841.8668201965,-3451.9650475151,-3940.5112466171,15599.85992912,3884.894605098,22148.0013093698,4952.2144666129,-19.366948027,5954.239716263,0.5087975512,-3266.1521033144,-16387.2666811634,-0.2602641224,85.0105368869,-2363.3227308405,-0.7501364757,-12990.5879693403,-12726.5434055676,0.5450863124,-2404.3316029824,0.4197007464,-0.8885506828,-5672.4462632506,86.2360294298,-23724.8059164284,1933.3540893828,20366.3747578756,-43322.6942292329,21542.8364607665,-3157.0064237012,-1.4050354756,-2783.3912185168,4406.6834803974,-83.1769717605,0.515581304,9.0443966299,-3811.782472246,1.048526284,-9324.6809233083,0.0849384424,19769.2562538452,-4030.0739092612,34849.4577186433,-7.1937594751,-1548.4733684532,-6422.0781809995,0.7470242395,14413.2952073115,0.5494861017,-0.3133161959,-3.1122990993,3093.020528445,-2622.5747610147,-20.0972540269,-0.1185904131,0.2348682931,111.803950929,-890.7568320295,7378.531669493,-701.4621251571,2386.2782748917,178.0464213901,-200.8395142594,1415.7214870868,-7375.211711727,-54.7334974209,1258.6935139361,2992.1492657993,2766.0549534543,-2586.6321346741,-10356.7815477376,5126.207325896,-129.6523774239,-979.0707284058,8220.216621149,1642.1773558667,13211.7635051518,-1148.2287443313,17.1767885394,1795.6624149952,7967.3203342989,6095.1000649895,-2900.16486726,8680.3845534962,-3672.141411077,34533.8037373711,-15695.6992690612,3025.4330198366,3811.4669525687,0.1890311372,178.6508568832,965.1359661094,-14.9739473123,-1.343494962,0.3732247795,-0.2527545671,-4501.340524466,-0.6769988444,12889.9691599637,-8230.2926205058,-0.2821811869,-11414.9608728373,-4.1534345236,-0.7502292848,123.9759030536,-0.5713803474,-10724.1652070653,430.1013468477,-0.8248946641,11.4494066911,-0.4111585401,9123.9198116433,-12081.1991300639,-35.7997933304,-8.3820701347,0.4299643304,-1099.9827704932,1.0052836849,-49920.1082599674,-0.9170662049,4422.3889371169,0.1814428244,1.1663177068,2783.471880569,0.3144439167,0.0596802707,3365.9428862524,-24840.6145747266,0.8894393527,1999.3525920846,1151.4504734123,0.2820364075,312.118865485,2390.6960039914,-0.5705536288,-0.2729095007,-2652.3678181254,-2244.5751394976,228.2959286089,7303.6913768108,4128.3589307702,-8639.0901873966,6579.0357319428,-174.8393554766,6110.2284014363,-381.4498370567,-517.830462152,5010.1429456653,-16.109140766,4970.8387539159,-5260.5022735015,-11581.5185048697,-3991.8441175775,-953.9883894852,-6860.8651836929,2557.0548576807,1374.3171413496,-6032.4356494617,962.0119597469,13.7904336044,-5628.8352516672,33.169284116,202.4951997074,-12991.8459302233,9886.2214909297,-3202.9776809673,35190.5205695779,7588.1996700271,30321.703989409,0.9637637264,170.0193225147,-1398.7551370062,0.1452246093,2.9454845858,-0.6749001541,-0.9009836817,-5082.4476881772,-1653.2519074338,-3.1863945466,1620.4683136532,-0.0030076004,-3585.8591372217,2325.1859732642,2.5096422547,-77.7857167681,506.6030010532,-85.6007459983,40248.7107811561,-0.1392875685,-0.0511313008,-921.5205069169,-4373.3946315971,1430.6038265422,31.1639614155,-538.0601077432,1.1333397767,5009.805914112,-18833.792332512,0.5328508189,-0.1526692961,-640.9053946473,1887.8392822309,-0.9289565693,-0.363122995,-55.1346822783,-5945.6196072087,-5284.981454457,1288.5038370058,0.3971216494,-3711.2752218054,0.724176411,-3793.0143287212,1494.8122956436,28.8455574991,-5030.0319322401,205.6099932299,-63.4546304641,111.5309732638,4209.9845188136,13631.8140759452,22.8344145402,6895.3440708103,882.129048274,-398.3509947414,-10353.5938527282,-185.9499711601,-1594.4346370968,-5236.3120069804,-2882.7836918043,-18.3282911081,-12099.3786570499,-6652.0519727806,-11181.4088393394,-3139.1247461176,-2546.4233968106,151.1872177199,11950.1806336508,3284.1827240841,-7476.3900531719,3063.4898975457,479.9994243379,0.2671938384,-5691.2097626996,-552.512910439,7350.7155947907,-8699.1087509247,1.0487713818,1323.2083523147,-4794.1176355978,18120.6748852191,-0.8542207182,-1931.7476789656,0.445778239,-38499.4663861665,0.9720488789,-0.8286660544,1.5116290281,-0.8266495678,33.7975829078,338.940481678,-0.5066039667,0.7889459012,0.6764778604,-38498.399406265,0.5618198741,-3096.3152991828,-38165.8453664209,-2513.5053919408,-8457.7082416711,-1828.8187605154,-0.5777234686,13079.7276888474,-8090.1617317969,-5.0447112493,-0.228640512,0.7398279524,1.1536792152,0.4759827879,11869.6600175288,0.349928844,6699.7333142596,16373.1514005879,-0.8130414989,-1.2055528514,17369.6963036791,-1167.9552366941,544.6632369107,0.3605999181,172.3152011249,0.7155290615,-0.4472258447,0.6711497712,8192.2354004501,-1682.8999798608,-987.1338699045,-0.06169369,1.3801112367,-1699.9460588095,-4558.2143368914,3.3865706128,-2512.6968894568,1426.4151729169,-551.1626291822,-4522.3531683094,4834.21697064,-771.705826998,1431.8000484912,-2171.6042487283,-8228.1016966763,2421.9357857011,-331.3600929835,-1401.7461882453,3315.6154099147,512.7975765166,7868.9869592749,-3676.1008161257,1444.5485864475,-0.8282377276,-5141.0352701992,12.486168148,-230.4494199704,1487.1855354788,10644.3234281507,11660.9757083947,8547.8278082752,9171.5935315625,15957.9381099428,0.2475236057,6371.6629082565,-0.6967021089,-9.9125937275,-17.6623937553,-4294.7679307695,-3003.3906577787,0.7133058495,-0.9685225465,-0.892341607,-0.5701422792,-1275.5048282215,0.7193242522,0.0620697468,6266.812904861,1.6432220166,-3001.7474492441,-1.3235187073,-36.9645235287,2764.8831732846,-36198.542795434,4835.9507605341,-4767.5728930665,0.787366153,-8443.5400256456,1665.0658802403,-2852.3738954725,-0.4741826434,0.2325271491,7.1274466107,-39.2275496757,-0.4528674832,-0.9898430544,6829.3649041261,2000.8464336531,-3095.5165979188,0.0715294076,-23165.8197693872,-5560.8731538795,13614.729605836,12451.3069856204,-0.9807350706,304.2704781511,3.6122286758,-2972.1949873344,5305.6629936194,-35107.9752977061,2659.6337670744,0.1789566061,466.4987135991,-5242.5299222001,3582.5911647518,-13070.4854014624,-5524.0882517891,-8.8541277996,-551.0032910441,57.0756039566,-8729.0861386402,-4087.073710644,615.4322089749,9450.2068510527,-10828.0976569447,4761.1489556003,-49.9986043043,-5960.821971281,-2917.3059817232,-2335.0321425596,-1557.4934670751,6035.0024385504,-6114.2276892107,4832.4056851625,5134.5845307694,1624.1574322489,9539.6396198368,-318.4128081371,-4547.7121692505,-14583.3336099669,8102.098356216,-4960.553758909,1.1630240185,14633.1302299031,-42.719457473,2236.4153200927,-0.7825911045,-242.12329074,2756.3047144711,-3756.7293691129,-34541.4946361694,-0.7952745459,39753.2143227003,-4589.635732483,-4212.2985478597,-1603.5620194888,0.0296381384,0.2650414613,0.1651216478,-3755.699667602,0.6837280366,-2533.4304161773,-19826.5249630528,6113.1583832032,-0.5812356231,0.3799671042,-19077.5293428212,15056.4494299888,-2757.5150823694,10283.325220978,322.0100427752,0.7569307769,0.7204698975,-5530.8829234863,-0.8557653665,-0.3362880051,-22666.6761002504,3236.8555232128,9549.8774792606,0.8689071864,-0.6712407411,-13249.071778328,27610.3405442764,1.7384091158,9854.7078478524,0.5037849066,-10823.384186416,15.8332332922,36135.3115508333,839.4600373538,-14606.2679922213,0.4881899669,3001.6411785056,-5918.4334627138,-623.5922818592,0.5847692414,-5463.5950407816,3642.3993146882,5965.8382617397,10651.1193986174,1423.666787439,-8254.1768247581,132.0020219633,9614.9098480844,12129.9490155038,-5396.1328092465,12722.2989771422,8367.1972069586,-1372.5654159104,-13.0123435735,-13075.5223956059,375.6756016394,-11104.4797243949,6934.4254988293,-6496.9546499319,10904.9900639315,7042.9600949655,2634.976704393,-6816.5855817367,-1086.2554208487,-4650.9668576603,-7234.6655190908,0.7925403228,4159.7194235623,-6103.156793335,-3.6853331348,-196.1239528171,14599.5513250739,-800.2964130186,-100.962628931,-0.2392957969,-0.7040220057,-0.5537370327,0.5940890143,3464.2503839266,-3255.7669836269,0.6932460659,51.4810025237,-0.1939657582,-101.8507418692,50156.557390678,7531.9051326089,0.294418534,-22671.0436394978,-2.7645183572,-6.3424142793,7042.2899625781,-11513.5591976201,-1783.5180164457,-7.462487433,10216.159437633,3.9110770342,511.3445348008,-0.2037363178,-0.6789832262,0.40062557,18400.1164976346,-1225.2998202911,7.8574276465,0.2258260689,3572.3044271251,-4603.6676257662,-37.8733762399,-2779.4465092002,-0.4710053863,1472.0299453398,-24232.9940272463,2.9839413406,-7658.5352156284,1847.2694217712,0.573707942,-0.6770085084,12163.6428519383,-1302.7673137032,10547.7129331597,3870.4850539043,4069.2943616787,-10010.6398847422,7638.6344933813,-1080.7722707968,-1207.4478045477,-5018.3448196035,4038.8843631496,-4019.2900370358,-863.3058527778,-24.1775855453,5096.436316891,139.0356137142,-9080.5285801264,7683.9972733131,-123.7172982299,1617.1693965211,-6776.931405215,1154.32055109,0.2773099057,2.0897049448,-532.7019935018,13794.9337973483,-14787.0924080327,-4491.5460194144,1427.0435894497,-1.0791370085,9.6419552209,-11.0297124951,30921.525525398,-3857.2409584457,0.8130556216,164.3403074572,3459.0869835364,-4.6066302317,0.821567866,-0.8332759174,19853.257104776,0.5690253046,9782.2728060718,-0.7574746623,0.6350817772,0.4779781041,-0.5724811832,-4.2388912285,0.1209498402,512.0522955813,2728.5025050409,-16393.2544687833,2367.5027421845,-7589.6691068863,4579.3143828135,12254.0285763142,21664.4371798987,-3085.6266965846,-1.2819923669,-1935.8019580509,-5812.5332622143,-11342.3817189491,4914.8729500055,-0.3658893941,-11539.7893843494,4803.8855823221,11915.5197893899,17543.2163922364,-0.1169850665,-0.3940811007,18588.995312921,-2468.2756643981,-0.7583439109,-1.0256149033,-13.5665626875,-40.9060717969,-2540.8438044936,2606.9344474114,-9550.5498372928,-0.3852438253,-2675.2733434785,-5804.6281812439,-4405.684116127,3.2257796465,229.8263306953,4660.3281310141,5114.6111439397,6603.094538972,-9822.325371802,12769.8628361806,3397.6114952213,-11113.7442694864,6989.6618554467,13107.0282617864,17072.57604472,-11600.8190312324,-18680.1196511396,-6.686465221,-8388.1090215728,21234.8020132166,-1499.2382132965,-24313.002640914,-8188.0583006294,-12515.1350139816,-11773.5999698105,1935.4303519051,-26534.790452146,2542.5529730717,-7871.9376478299,56.9025992407,0.7460903022,-2536.8873411702,29391.1765067788,0.383374485,-11568.1070812475,1878.7071313306,0.6016891278,2042.8979371788,0.168312671,0.9162447955,0.8097450221,-329.9107430196,4925.6030149354,-2357.1010962246,0.6084966594,0.0358460989,1.4769075547,2042.7654097266,4.0429180222,-16.6691505818,-14728.5318864303,-972.8701581792,-11796.3022674149,-1259.6591353848,48.809788882,7477.5477125559,-0.4672432033,-993.471162365,-12.8597268775,40.8264589352,-0.52897096,1236.2053344478,-0.7276702179,-0.7923599931,18607.8799278841,6.1865889423,0.2363885463,0.0743810054,0.3756672935,1107.5418515508,0.0860303523,-0.0792534718,-0.1947071733,-7070.8835946358,7.0147205733,-3831.4077840528,-28367.8053012299,525.1962502564,0.5549016698,-0.9386274831,1117.4304455914,13017.9991400502,-34.7236780068,3744.6306096749,-4123.7990969773,-6.9430697911,1785.2491912603,0.5874157928,3632.6020980191,-242.4857042357,-2553.9520270212,4059.3274542457,-1.2388832265,-7667.7454836564,-3095.7174584847,-133.776754036,3545.7953965703,-5183.0286688365,0.0084520461,-2748.4787773817,458.2247915886,0.9620268102,-8109.8935724548,697.4099504111,14.4876047422,-2829.8581380871,56.5866925334,-11142.3002239423,1635.932535695,-9398.84817959,-0.3796330024,-29.0926940903,8428.2648935654,-229.3031119312,-0.9958856838,-950.3677887093,5643.9772330599,172.8995557869,3248.8188676769,-0.4092000512,44571.5786266506,-0.9158378556,-5594.995628232,-0.8742415265,0.0512462994,3556.247546936,-2190.8081874713,172.3018849619,-19530.4615200324,0.1328331947,70.2239483598,12361.3286550862,-1019.5293863616,22.1684498721,-896.3880618238,-20754.452494472,-0.6035666732,-0.3245775248,-0.1925652208,0.9232111533,-14873.069126259,-0.0747373695,15813.2214880998,0.8790656467,-3609.0885215523,-5657.3677721285,4.0128141472,9741.1142307949,-2101.8382602456,3767.7916207773,1204.0620433172,0.5876334507,6179.4565549011,-2489.9037767083,-0.5874155506,-4438.2478261041,-39075.6114044873,-492.8656529229,-1.5146271693,-0.3462414116,-177.6571685083,7536.3400897948,8181.1613091341,-2029.2420060169,-3633.8430883991,11464.2847201981,-697.614334587,10702.829290129,-16082.1936628154,6665.9238662395,-3948.0440514948,8749.9304619044,-9835.2801351457,5144.5474729098,-6071.6243052147,-5163.2445828367,-2114.3695829291,-3885.5408315313,7452.9579329755,-3882.3332103465,-5480.9127657993,-4208.0537279985,1283.7317577482,11250.9655340349,12531.9928506817,-628.4406324415,-1224.9661210712,3606.5243488869,-11010.3894940717,-0.4208443474,-297.6687999387,-5734.6039813639,710.9348234788,-0.9018864608,-5174.26465006,702.8895252255,3.5771103191,-1002.3267248045,154.693951322,-0.6631092863,0.9545536031,-12772.4665375434,2621.1804584188,-1750.5992860056,-0.0381194936,-0.5342977672,-0.7506817008,-1001.2099317838,4249.6794004188,0.275424793,7693.6030778557,336.6140136994,0.4321279881,-519.2073584421,4755.6685107374,-2224.5166993202,4083.53922411,-4522.3579187284,-1.7341610952,-0.7352276095,-1.3911321821,-0.0359012968,-2866.4985976405,0.1265128517,6040.9282665134,67.6511388128,-0.9287055611,24308.0717302534,1.3558910294,2806.4845695798,1518.2224885988,-1742.7422721171,7387.1231185905,-1704.3993226485,-26884.1213957358,-0.5974373554,-10830.3358784749,19630.477062398,8317.1698092513,-0.6159595292,-4899.5690082361,5545.2287561559,-2034.0325983348,803.1962011858,-4408.4377451934,3542.9022463559,-7940.8354168467,-8538.3873554291,3238.6370390138,-6437.1757340497,-206.6800798073,13.9452525495,1679.8209747912,-3823.8643937134,-286.2486775573,-1.1458779233,10039.0861786385,2442.7662672686,4374.45369549,-3357.2731133779,2368.4889095539,-8576.2036602263,9458.2901089851,8086.1988697977,-3506.3355367797,-826.8967441236,21.6126144791,2207.1050875457,-12822.3207005397,-4341.4191838817,1272.2347522561,19.4542771259,6481.916259286,-30694.5645636004,1645.4681555205,3744.5610622105,-160.1733118241,3749.9478937832,1440.082143497,-0.2232582652,-4.4136542342,-0.0521527914,5256.0750659025,19537.7154248974,0.523730375,-538.4537927782,-0.7006062787,3749.920674151,-4504.929491286,-0.715614698,-185.7412796569,-100.8819924013,-6118.6310111674,4498.6582638821,0.5814521022,9.6060876874,-396.1612915654,-0.3186091289,-998.0231908912,-2585.1136586682,-0.5721774004,-588.4711542044,-28789.9934824367,0.2592391315,4888.3151708075,31871.1944290144,-0.8216527346,-11195.4669193287,-26065.1357098048,0.5650259727,-44652.6662003764,-3170.1809580683,-0.5998270517,1086.4934683786,278.2634601541,-33.0154266495,11.1153751439,35.9979561708,6847.5089823886,-1.9238410402,-2.0043855918,18350.2873116796,-6280.5922132928,-8430.2302521805,-0.5782613697,-2.1520624343,-1968.6026766956,370.6465384854,-489.6920174063,-225.7172853577,11839.6860656955,-1992.877133353,-12.3741076226,4901.1767962427,-0.9361276129,-1722.1580925136,817.4552257756,5745.4965375803,1478.9598954481,2985.5812818103,-358.7156500965,-6297.1937339537,-8159.9909161582,3174.9698933042,4.5061193437,1.076109853,-124.2512052772,-1541.3371987091,-4670.2249146906,-8333.8373039365,-2.8856872699,-3323.5244689628,13470.4247488162,-53.8762786084,0.304659516,-207.7041838314,-845.3399406282,231.1779308953,0.2267272307,-0.6609295389,-22.7300227049,-22769.1661459076,1.173575379,-142.0767381785,0.942230606,-0.4214638369,0.1593438598,230.3438574922,-5786.9865970658,-14343.2232293994,0.9627320936,6216.7037078115,-8696.4961043046,0.3107277327,-14122.5883869663,-12330.6516381717,8631.7146634156,-0.7959708714,-32377.2917878586,1481.6425609138,-0.4760322049,1292.9871063229,-33302.2956090014,0.0540639083,3322.6706585985,1114.975951149,0.6076530298,7215.7567341966,12481.732142446,-87.4184684611,-4212.1110072495,-28798.5705825304,3074.9015449288,0.1205553563,-8444.4756067176,-0.4444234949,-12844.7654454668,0.5319882882,2.0736793332,0.4839614135,1072.7090143465,3756.7136671716,-3528.146434773,1542.5111449445,117.0186879902,-5854.8573169761,3294.4173620692,-480.1301430082,-4343.8377539909,-23463.5124362391,-1310.4415266308,5465.7624349311,-2734.4381557193,7753.2738946479,-5.162309688,4850.0487137406,-13677.7699629582,910.506787526,-2028.0274874352,7668.0800633341,-2474.6779237912,1.7696879821,-215.4276552855,1890.9132408225,2717.2828698497,-2868.1118648065,-9826.823854763,-8347.3041295221,-11509.0192857674,8331.2970809357,0.0921794912,9800.5207056731,-18143.0517906546,0.9111009343,10752.0016050406,-2036.6556919068,-1.4015812908,8.7294960583,1.042744395,0.2377490297,-2991.4776212959,-1674.4290381388,-1149.6027444694,0.2545881622,0.3066069745,-13098.7817794481,-309.1327637353,9.049008536,-13563.2720088651,-2169.4078442063,-14089.16847813,-75.8378586785,0.5611325218,-289.9174414434,802.5966863181,11126.9551701546,-10388.3561671437,23208.4979367033,-6075.1140319945,2.8426992521,32789.0693841124,-684.5947460836,2600.8783751928,-0.66023261,11148.4914939215,0.142149821,-1086.002374025,0.6778043657,25962.06030316,-10726.9932874686,0.8015953014,0.923230081,-2261.0707122445,-129.4038615973,16762.79746754,-7350.1865968557,2414.3069577151,-125.155333994,145.4141592635,-0.1303086272,4145.0797100963,-6925.2914491617,6467.6686013295,-0.1474561923,2240.8063087402,1767.7277663348,-303.6379354368,1848.0137696255,522.4404793459,9662.171378063,8205.9725386132,-6801.6995454807,-195.1299249494,-2189.8825985547,-11902.821246549,-1667.1797075692,-2329.8508575842,7041.1985320232,-156.3827160113,-7544.8827036694,15408.6418116286,-46.6470360366,106.6032945416,13513.8317876963,15747.9550565246,-5533.208626825,314.7643028255,7005.7175995401,44.838084128,1.537446477,1.0197197295,-82.5075808707,13124.4702141216,-1559.2182654527,-3452.5139746609,-0.4794781052,-1743.8223437409,-2158.1086901632,3365.0652958728,-0.3202892378,0.1394851803,-1457.3683414184,11684.9846603725,0.6163843775,-0.9183447508,0.7009093252,-29438.5406467156,-2158.0309384158,7200.441321856,8567.7744406438,-9.42449082,-4615.4019932598,0.4173238922,-4677.5084321361,707.3416281445,-0.8968970522,12037.4832792217,-4029.5670077594,-1611.3844010461,17009.8691254686,-0.5730197854,3221.2470677379,-1186.9431909712,-0.9246812523,9519.1967110601,5895.0722013533,-0.2410274997,13.5178178024,17016.6724277473,0.3866317721,-0.8629398878,-36633.8594324737,-0.830063225,-0.1105981059,-4482.3252918957,-1074.0598015262,-9411.5526988488,-292.6036594558,17.7537939469,-0.378254768,870.6169500057,-14016.2969184699,-15652.2989446051,14109.5101656435,-3446.3037601176,-1.4066998095,13031.54466655,11821.145994028,2114.2318778454,4085.9846368588,-9614.2706324123,-10484.305909922,9179.1744666044,11046.2098555076,8682.892145755,8120.4991040645,-205.9745979592,-1199.8316551441,-16937.8515504884,4472.5924679158,1258.4644898839,2606.7838224548,9102.9608752131,932.7974087095,-7518.0975520122,4812.8978259039,143.9237214165,8.9084312337,11327.2842642274,10712.4939876719,-0.8814660322,-2100.2327633232,64.9561794183,71.9743322485,-1747.8415106017,-304.4913982579,44179.6108238551,3233.9695000593,-0.121947015,0.7578520437,-0.9301734365,0.7966218659,745.8679143643,-8184.588634263,-0.5571595597,-0.7400314831,-0.273993729,3233.2780803888,-2239.8109612537,52237.7517600813,8989.3612206786,-30254.3180958777,6210.8026228775,4.5928147268,-0.2997978226,19.755395647,-7051.4469313262,-35333.065072907,-928.4787043443,-193.926712841,-1766.1644470527,1.2600618905,9661.3142045346,0.0514540244,1882.0203498674,-1.0417372629,6.536421186,-3587.9973487967,-32924.1776070501,12933.0247983237,-0.3078773214,0.6441646569,-1678.736284909,0.0144650662,0.2607770261,51203.7290270214,27398.1758095044,-1572.9866202549,0.8501233222,-3.8913940831,22.4372620655,-343.1601979144,-6063.1538379362,3189.1308136461,9969.107456292,4372.7409343773,7923.7577529044,-818.772329783,1584.1563272801,-4343.3457805792,2671.4737082451,5113.8300833557,1233.4588587566,-7969.1704538684,1.2903401218,-10722.7919166003,-9154.1103352443,-108.3528082306,-91.1315125509,6489.1946809552,2717.8705727926,-11767.873989239,-15888.8289751048,-4065.4813841913,2420.356098732,8700.5136818466,-6758.6982413959,784.8679006387,-17718.6425790966
##end
biasActivation=0,1,1
[BASIC:ACTIVATION]
"org.encog.engine.network.activation.ActivationLinear"
"org.encog.engine.network.activation.ActivationLOG"
"org.encog.engine.network.activation.ActivationLOG"
