encog,BasicNetwork,java,3.3.0,1,1425321304900
[BASIC]
[BASIC:PARAMS]
[BASIC:NETWORK]
beginTraining=0
connectionLimit=0
contextTargetOffset=0,136,0
contextTargetSize=0,34,0
endTraining=2
hasContext=t
inputCount=50
layerCounts=50,35,85
layerFeedCounts=50,34,50
layerContextCount=0,0,34
layerIndex=0,50,85
output=-0.0438494362,-0.0973161016,-0.0508284402,0.1640914941,-0.1643654375,-0.2257255619,0.5049892503,0.1959698337,-0.1067834671,-0.1796874644,0.0000982814,0.105629709,0.0685237266,0.6181386351,0.1736096437,-0.0000246447,-0.6073369306,-0.3313397939,-0.0924540656,0.2850461824,0.0254774429,0.2747558709,0.1404493647,-0.1360008471,0.6882870704,-0.0975649408,-0.1643652148,0.6318648544,0.1553306797,0.2053890803,-0.0386218184,0.2584892671,0.3953428326,-0.0179645881,0.0000442748,0.0270931291,0.5860124969,-0.0728020529,0.0473337019,-0.1223741879,0.3325612059,-0.2545968214,-0.2701496866,0.3433141002,-0.3135323849,0.2595494705,0.6529528499,0.218539481,0.4519589878,0.0557372713,9.219778918,-10.1685849466,10.2692215088,9.7194362248,10.680370145,-11.1151535801,11.1327301472,9.7779762427,9.0769954664,7.2363504918,-11.8077365594,-11.0005281773,-8.8620151379,9.4711959579,-8.2969723652,-9.630592817,-10.4648894607,9.9377806489,10.2340259327,10.5719234003,11.4214996249,-10.2524786534,10.1314974859,-10.4899539555,9.8815292697,-8.7711362435,-10.3136789749,6.7188437932,-9.8865685459,10.043094553,-7.0980719794,10.7037847358,8.7573381976,9.6152311378,1,0,0,1,0,0,0,0,0,0,0,0,0,0,0,0,0,0,0,0,0,0,0,0,0,1,0,0,1,0,0,0,0,0,1,0,0,0,0,0,0,0,0,0,0,0,0,0,0,0,1,1,-0.0438494362,-0.0973161016,-0.0508284402,0.1640914941,-0.1643654375,-0.2257255619,0.5049892503,0.1959698337,-0.1067834671,-0.1796874644,0.0000982814,0.105629709,0.0685237266,0.6181386351,0.1736096437,-0.0000246447,-0.6073369306,-0.3313397939,-0.0924540656,0.2850461824,0.0254774429,0.2747558709,0.1404493647,-0.1360008471,0.6882870704,-0.0975649408,-0.1643652148,0.6318648544,0.1553306797,0.2053890803,-0.0386218184,0.2584892671,0.3953428326,-0.0179645881
outputCount=50
weightIndex=0,1750,4640
weights=##0
##double#4640
   -0.0071383104,-0.0002980677,-0.0025808862,-0.0051594421,-0.0112160746,0.0007068145,-0.0005550252,0.0004500198,-0.0008317062,-0.0024859984,-0.0010969876,0.0030922791,-0.0030888099,-0.0024307602,-0.002748317,0.0036623835,-0.0034784087,0.0009581084,-0.0011762294,0.000928494,-0.0045201588,0.0009438868,-0.0000282572,-0.0051807312,0.0029676036,-0.0033887391,-0.0059481884,-0.0022848692,-0.0008155406,-0.0045952237,0.0004586976,0.0048597895,0.0023280201,-0.0051844893,0.1570188432,-0.0111564995,0.0020010369,0.0038171996,-0.0026789925,0.0030648462,-0.0017969325,-0.0047752162,-0.0027873638,-0.0042546799,0.0054619461,-0.005224983,0.0007044586,0.0013590465,-0.0036337111,-0.0033586331,0.0020019052,0.0102422666,-0.004641149,0.0006453445,0.0073241121,-0.0079547499,0.0039928216,0.0043233472,0.0114123399,-0.0052426945,-0.0044927616,-0.0004259351,0.0006679795,-0.00188166,0.001727285,0.0022938776,0.007370517,0.0021528467,0.0075553874,0.1138960264,-0.0018558141,0.0023674429,0.0101719916,-0.0049368941,0.0057453413,0.007968713,-0.0004106482,0.0082880276,-0.0115904653,-0.0038550457,-0.0056033004,0.0022303336,0.0010705253,-0.0019478432,0.002392984,0.0071218647,-0.0116994781,0.0020201565,-0.0018663603,0.0034098981,-0.0048162598,0.0046326757,0.0036618041,-0.0012226708,-0.0056692425,-0.0011144097,-0.0028269401,-0.0074137746,0.0024980267,-0.0013989892,-0.000566183,-0.0036571186,-0.0031287346,-0.0013217902,0.1664821877,0.0013838262,0.002942213,0.000772566,-0.0023549847,0.0030958431,-0.0035880912,-0.0016193319,-0.0007969567,0.0039107241,-0.0013990226,0.0031447262,-0.0041240745,-0.0029257903,-0.0078301293,0.0014773791,-0.0013572959,0.0014069257,-0.0044725372,-0.0025191233,-0.0005644924,-0.0012427055,-0.0013071215,-0.0016227138,-0.0000198101,0.006699851,-0.0005950599,-0.0069964814,0.0079742535,-0.0033330412,-0.0013359006,-0.0079319052,-0.004605445,-0.0065477644,0.0008382328,0.0964121299,0.0008866546,0.0083090412,-0.0006846002,0.0098278485,-0.0014016073,0.0022918965,-0.0057563787,-0.0052187029,0.002849642,0.0037861738,-0.0068179582,-0.0020393338,0.0027131983,-0.0075828975,-0.0029138584,0.0090102807,0.0041128275,0.000905876,0.003189286,-0.0071000701,0.0022188286,0.0001911872,0.0026300033,0.0023819479,-0.0039644964,-0.0024391607,-0.004243221,-0.0016885541,0.0008649557,-0.0100209127,0.0011746816,0.0035997464,-0.002316611,0.0058819562,0.0607881179,-0.0061727114,-0.0079497292,-0.0133269594,-0.0074577926,-0.0006713236,0.0067368558,0.0010383978,-0.0015744088,-0.0041044988,-0.0057868365,0.0081096562,-0.0069573641,0.0030654894,0.0025241496,-0.0079198713,0.0072977038,0.0047041171,-0.0076577811,-0.0092620718,0.0008722214,0.0044688612,-0.0013862079,0.0074318188,-0.0068312755,0.0050297419,-0.0029292452,0.0076214683,-0.0071585322,0.0016215043,0.0025795799,0.0021262898,0.0034126657,-0.0042019807,0.0002685472,0.2046612065,0.0035347953,0.0007441397,-0.0013548873,0.0081777933,0.0078571706,-0.0002883278,0.0004631353,0.0015241471,-0.004922144,-0.0035788979,-0.0025602464,0.000517517,0.0005851071,0.0009372514,-0.0013430041,0.0059151816,-0.0035433227,-0.0037063203,0.0029204795,0.0107307513,0.0092963126,-0.0012884912,-0.0025648682,0.0018276308,0.0008215288,-0.0067857289,-0.0068368409,-0.0028991292,0.0015925735,-0.0003385157,-0.0108123877,-0.0023660334,-0.0053906785,0.0008798336,0.0653752529,0.0037194198,-0.0080590902,-0.0034942984,0.0055936245,-0.0036203704,0.0013574129,-0.0121337522,-0.0006430268,0.0026409194,0.0049747444,0.0038415083,0.0032647944,-0.0026102094,-0.0036414528,-0.0069963321,-0.0024411225,0.00018963,0.0004861863,0.0138306108,-0.0009877522,-0.0035384691,0.0073088599,0.0022529855,-0.0093806752,0.0028802072,0.0049360784,0.001141982,-0.007351691,-0.0040244556,-0.0003773615,-0.0046280622,-0.0020642535,0.0033518192,0.0045041957,0.0242357215,-0.0005344055,-0.0011603692,-0.0040432919,0.0047699996,-0.0054894193,-0.0009956248,-0.0036978064,0.0012219916,-0.0020190312,-0.0030747497,0.0083612229,0.0070864019,-0.0004578154,-0.0023256518,-0.0021642122,-0.0069965635,-0.0009911988,0.0039760024,0.0045122288,-0.0009815104,-0.0043542128,-0.0010848624,0.0030976645,0.0038260306,-0.0010539104,-0.0029624206,0.0065949895,0.0022047575,-0.0070807924,-0.0004769416,-0.0027698595,-0.0039549862,-0.0021048882,-0.0003055224,0.0863119044,0.0035543158,0.0023589986,-0.0048844113,-0.0063749816,0.0046765456,0.0001758172,0.0005893244,-0.0076544638,-0.0025477665,-0.0087587666,-0.0019661362,0.001145714,0.0011391257,0.0024173407,0.0040479256,-0.0035338094,-0.0000085344,0.0016698214,-0.0080635627,-0.0142094652,0.0033505259,-0.0026501305,0.0000322207,0.0047553125,0.0007125948,0.008391456,-0.0058896472,-0.0022599256,-0.0065514192,0.0022725868,-0.0018181817,0.0072929516,-0.0070802244,0.00450381,0.0679059476,0.0000006177,0.0000005675,0.0000005027,0.0000011179,-0.0000000553,0.0000003982,-0.0000012935,0.0000003771,0.0000010481,0.0000001689,-0.0000004909,-0.0000009989,-0.0000005073,0.000001392,-0.0000005534,0.000000681,-0.000000471,0.0000003259,-0.0000003815,0.0000004052,0.0000009387,-0.0000010015,-0.000000206,-0.0000006284,0.000000157,-0.0000008302,0.0000013392,0.0000012792,-0.0000001745,0.0000007541,0.0000002673,0.0000013388,0.0000000044,-0.0000006906,0.0000020402,0.0052932332,-0.0068384487,-0.0007221695,0.003181743,0.0059691911,-0.0044283021,0.0057136724,0.0079553705,-0.0005249285,0.0012625971,-0.0021616292,0.0098293888,-0.0027142808,-0.0010618394,0.0008223858,0.0071513515,0.0010577246,0.0015020183,-0.0073942581,0.0013987526,0.0023344906,0.0001177216,-0.0018117145,0.0022224995,-0.0058645172,0.0004626895,-0.0029733442,-0.0067515771,-0.0003279194,-0.0026182957,-0.0011291045,-0.0018193496,0.0028409616,0.005229193,-0.0413585746,-0.0026450463,0.0001038823,-0.0098997035,0.0100887271,0.0017846648,-0.0106216189,-0.003422281,-0.004986017,-0.0079138194,0.0011995606,-0.0058240572,0.0054769298,-0.0100038854,0.0010664422,0.0038933904,0.0081767781,-0.0036237273,0.0042302328,-0.0095135393,0.0161374026,0.0020510653,-0.0011716813,0.0035051385,-0.000511466,-0.0008704534,0.0004116535,0.0055670681,0.001964015,0.004304132,-0.0034396783,0.0021903748,-0.0046945033,0.0007135966,-0.0083050439,0.1576462412,0.0008152367,0.002774071,0.000019163,-0.0063204667,0.0024275443,-0.0081300228,0.0053199898,0.0031298904,0.0129718468,-0.002247888,-0.0056087331,-0.0025889757,-0.001057194,0.0045458481,-0.0013090852,-0.0142931451,0.0010695681,-0.005569414,-0.0022554758,0.0005699664,-0.0069811434,0.0021439767,0.0074015166,-0.0002376319,0.0008116648,-0.0033082129,-0.0030958782,0.0045860933,-0.0014832655,-0.0029053323,0.0003395471,0.0004706953,-0.0024184664,0.0031359644,0.1077843539,0.0002182892,-0.0049964587,0.0001366897,-0.0146454961,0.0092552675,-0.0016722591,0.0056168191,0.0013472457,-0.0107037163,-0.0047076187,-0.0053953076,-0.0011650723,-0.0011132308,-0.0060245796,0.0032746707,0.0001185297,0.0026184804,0.0143240406,-0.0007385808,-0.0038125234,0.0018252936,-0.0103431562,0.0010530437,0.0042704904,-0.0066113851,0.0011905206,0.0153300387,0.004950365,-0.0040038137,0.0020120842,0.0019025358,0.0044350681,0.0045514065,-0.0017326552,0.1226168059,-0.0000008109,-0.0000010121,0.000000143,-0.0000011027,-0.0000008528,0.0000001356,0.0000006883,0.0000002419,0.000001936,-0.0000011407,0.0000001335,0.0000014332,0.0000000955,-0.0000012535,-0.0000005077,-0.0000003611,0.0000005051,0.0000002353,0.0000015453,0.0000012048,-0.0000003705,0.00000042,0.0000003587,0.000001204,-0.0000006587,0.000001043,-0.0000005164,0.0000003217,0.000000019,-0.000001031,0.0000004389,-0.0000001963,0.000000546,0.0000008202,-0.0000013821,-0.008419307,0.0035928699,-0.003096989,0.0002910799,-0.0045237823,-0.0009339272,-0.0085807872,-0.0120033424,-0.0092943428,-0.0014211936,0.0071126806,0.0080256806,-0.0014805484,0.0054891841,0.0019866143,0.0056174111,0.0061121705,-0.0061726251,0.0063875053,0.004946099,-0.0055301281,0.0054129656,-0.0025444851,-0.009972262,0.006180766,0.0129080766,0.0012972574,0.0069187531,0.0105038955,-0.0023960231,-0.0014767737,-0.0071360736,0.0105908395,0.0001100028,0.2255377723,-0.0092939508,0.0029811009,-0.0001394458,0.0012677847,0.0058298734,0.0090196569,-0.0063912334,0.0012388311,0.0038186813,0.0004411479,-0.0000069876,-0.0001873607,-0.0033539545,-0.0024192303,-0.0022832208,-0.0000117749,0.0092555042,-0.0037385596,-0.0047197219,-0.0034272862,0.0030480924,-0.0013986107,-0.0020926281,0.0032806462,-0.0034987073,-0.0063682648,0.0028140224,-0.0044240739,0.0020900362,-0.0035918369,-0.003191646,0.0031511589,-0.0039172512,-0.0031835965,0.132674435,-0.0001829927,-0.0012876318,-0.0043123357,0.005197372,-0.0044780771,-0.0003341552,-0.0040894681,0.0009392107,-0.002409048,-0.0033393154,0.0090271458,0.0069468283,-0.0016649692,-0.002145648,-0.000718329,-0.0072066697,-0.0020110126,0.0026760147,0.0043124753,-0.0006689211,-0.003969742,-0.0017765821,0.0037631441,0.0036740359,-0.0013439853,-0.0027584812,0.0063360864,0.0018430373,-0.0074597547,0.0004972245,-0.0012353469,-0.0032849792,-0.0019644579,0.0013461573,0.0664060585,0.0020053927,0.0068028953,-0.0062835535,0.0043900687,-0.001058859,-0.0039924044,0.0069938169,0.0049050948,-0.0008369095,-0.0000376577,-0.0056574886,-0.0032990615,-0.000648428,0.0038004114,-0.0018010012,-0.0068445342,-0.0008925189,-0.0073619197,0.0028862874,-0.0014355937,-0.0050045275,-0.0008657397,0.0034029224,-0.0028782804,-0.0037181402,0.0051103492,-0.001252556,0.0040099431,0.0039904613,-0.003042284,-0.0033451774,-0.0024353255,0.0078895645,-0.004720077,0.1042754185,0.0046214761,-0.0086415262,-0.0006827453,-0.0025923652,-0.0004395223,-0.0009708087,0.0005086059,-0.0089860677,0.0038687397,-0.0014433903,-0.0027849125,-0.0055730664,0.0046242683,0.002979355,-0.0040147452,-0.004692844,0.0071185708,-0.0041555416,0.0031195092,0.0102813947,-0.008565849,0.0052628062,-0.0031788835,-0.0006478609,0.0020309779,-0.0031233032,0.0067747893,-0.008263204,-0.0015399554,-0.0019789731,0.0025425787,-0.0033445194,0.0019375304,0.0019017282,0.0722528688,-0.0006979359,0.0033967932,0.002846505,0.0012778978,-0.004013149,0.0013827187,0.0000975689,0.0020836296,0.0020852134,0.0038801829,0.0009194715,-0.0030601071,0.0038531154,0.0030284569,0.0051263747,0.0005050538,-0.0021361362,0.0052029994,-0.0074258158,0.000871192,-0.001262035,-0.0037453674,-0.0025978122,-0.0027373254,0.0054881739,-0.0005982373,0.0007934888,-0.0012802773,-0.0018607742,0.0008165363,-0.0027834368,0.003860145,0.0027260274,0.0005766806,0.1004618337,-0.0042402122,-0.003163663,-0.0010967051,0.00150087,0.0012849528,-0.0020992722,0.0059531908,0.0009921594,-0.0004969092,-0.0061673503,0.0031181526,-0.0030705423,0.0018291168,-0.0025231487,0.0043546112,-0.0018297135,-0.0020350498,0.0015841655,0.0013883092,-0.0054310804,0.0019737018,-0.0019149846,0.0040743508,0.0023606896,0.00238887,0.002482601,0.0025356845,-0.0062319854,0.0019157302,0.0058636744,-0.0020618391,0.0040250157,0.003585255,-0.0034195554,0.0592960781,0.00615927,-0.0026813001,-0.0006276549,0.0019947818,-0.0090262208,0.0006099307,0.0035824554,0.0019183107,0.0061594099,-0.0030415579,0.0062429829,0.0017675491,0.0082902995,-0.0051393389,0.0064463029,-0.0010703951,-0.0016205024,0.0025867572,-0.0146568248,0.0022418061,-0.0030073643,-0.0085517907,-0.0016058339,0.0063374867,-0.0025551426,-0.002210634,0.007277351,0.0008405588,-0.0073430121,-0.0046055267,0.0010826376,-0.0040324101,0.005423967,0.0040361544,0.1626454657,0.0034896507,-0.002411299,0.0068594551,-0.0002691555,-0.0045487347,-0.0001503768,-0.0049289626,0.0139918897,-0.0010355443,0.0039038326,-0.00218344,-0.0023605081,0.000273559,0.0073742747,0.0030669738,0.0019661012,-0.0112259014,0.0124255303,-0.005747166,0.006034765,0.0002138764,-0.0023483794,0.0011639164,0.0003890093,0.000227171,-0.0020992381,0.003979191,-0.006843168,0.0071846231,0.0092711633,-0.0065175959,-0.0077685625,-0.0036052115,0.0034661963,0.2343457469,0.0024435909,0.0018367627,0.0030601166,-0.0054883018,-0.0043691657,-0.0061475818,-0.0074305191,-0.0083773134,-0.007783412,-0.0028896234,0.0046503087,0.0057845359,-0.005050555,0.0092632938,-0.0035176657,0.0014245654,-0.0025918097,-0.001919994,-0.003325715,0.0000416815,0.0030574326,-0.0025891916,-0.0051183799,0.0010175734,0.00486271,0.0017397951,-0.0005165407,-0.0021194119,0.0067596364,-0.0040446929,0.0042014731,0.0113109188,0.0007527528,0.0006137447,0.1320620589,0.0026230583,0.0046124096,0.0040422333,-0.0012340198,-0.0004754563,-0.0029433277,-0.0012204645,-0.0032914902,-0.0021101426,-0.0016010621,0.0048625809,0.0009082664,-0.0047239257,0.0038650422,0.0017597206,0.0009957484,0.0021801149,-0.0012439567,0.0041808339,0.001036593,0.0009801752,-0.0006591964,-0.0037202765,0.0006772603,-0.0016378352,0.0028385254,0.006087093,-0.0011833348,0.0054483442,-0.0020618094,-0.0002878899,0.0052641657,-0.0029321421,0.0015037967,0.0383239861,-0.0007525449,0.0055003806,0.0007169504,-0.0036506747,0.0008185968,-0.0049524862,0.0020817604,0.0062513863,-0.0051416351,0.0120339539,0.0042887531,-0.0114278033,0.0051167116,-0.0055073636,0.0054041449,-0.0042366278,-0.0037614278,0.0032635187,-0.0006837826,0.0064480444,-0.0038429827,-0.0125083993,-0.0084322858,-0.003600502,0.0029904514,-0.0022379982,-0.0076456748,-0.0001083371,0.000236308,-0.0001305837,-0.0032725099,0.0010221413,0.0023053338,0.0036258441,0.1782888997,0.0041835976,-0.0059089264,0.0042359945,0.0095976215,-0.0022934514,0.0016793499,0.0040283604,-0.0025792057,-0.0001352136,-0.0001662045,0.0013988728,-0.0053276827,0.0023773949,-0.0045340012,0.0017164626,0.0027767807,0.0011125176,-0.0027177947,0.0000214567,-0.0040207702,0.00140538,0.0078049666,0.0036606438,0.0000125142,0.0064285966,-0.0048785169,-0.0033254952,0.0036239032,0.0065002851,0.0082702251,0.0107739949,0.0032419957,-0.0067127987,-0.0068697913,0.0995689019,0.004013101,0.0004060002,-0.0008195987,0.0100434137,-0.0000355651,0.0047099732,0.0040294512,-0.0004376073,-0.0018089323,0.0018690527,-0.0095733725,0.0012273023,0.0038251463,0.0025091784,-0.0036092183,-0.0033470287,0.0023853119,-0.0151068142,-0.0088614687,-0.0079243211,-0.0010294104,0.0017890402,-0.0013346138,-0.0018284315,-0.0041600947,-0.0015852045,-0.0023523131,0.0111448392,0.0041432096,0.0071344809,0.0043882639,0.0071177826,-0.0015868282,-0.0024652833,0.2107089479,-0.0033301051,-0.0032826625,-0.0077393785,0.0035683552,0.0006896182,0.0039327904,0.0030941989,-0.0059065484,-0.0010552684,-0.0062656601,0.0013239958,-0.0046770105,0.0007296612,-0.0001018915,0.0045749732,-0.0021745308,0.0036084586,0.0150920035,0.0128134572,-0.0033316037,-0.0111894964,0.0061272369,-0.0073850154,-0.000365766,-0.0061935502,0.0055576182,-0.0147534572,-0.0073583362,-0.0003665841,0.0031303387,0.0072752849,0.0036906369,0.0039965134,-0.0009514834,0.1186255094,0.0001470511,-0.006392897,-0.0004396587,0.0057110803,-0.0119444268,0.0045643974,0.0024997751,-0.0022646823,0.0052007433,-0.0009516406,-0.0034726569,-0.0027800365,0.0011618975,-0.0027957878,0.0042411072,0.0006587907,-0.0061226313,-0.0098576861,0.0036249087,0.009564203,0.0167931236,-0.0000356101,-0.0050969559,0.0089072843,0.0046664883,-0.0024502631,0.0034319007,0.0110702247,0.0049277971,0.0039903986,-0.0019303612,-0.0099461363,-0.0071761691,0.004887604,0.1394095774,0.0010245947,0.00915104,-0.0022696662,0.0015026784,0.0037084226,0.0020518417,0.0081985628,-0.0016464886,0.0028935886,-0.0025949032,-0.0008747541,0.0018620914,0.0055281049,0.0068720725,-0.0050592092,0.0045289431,0.0060097247,0.0148847679,0.005525476,-0.0021275549,0.0042498215,-0.0082477837,-0.0027313788,-0.0025755619,0.0004280378,-0.0004185379,-0.0059708203,0.0076783883,-0.0034501068,0.0017118095,0.0072059079,-0.0044280712,-0.002715446,-0.0005762609,0.0878521599,0.0036909987,-0.0054823651,0.0013813161,0.0018392451,-0.0011015087,0.0018712096,-0.0035929094,-0.0002250726,-0.0035139305,0.0026670247,-0.0051505769,-0.0024422996,0.0036136256,-0.0079451465,0.0043158791,-0.0090284714,0.0033663753,-0.0043689374,0.0011565466,0.000589189,-0.0013134622,-0.0011087475,-0.0072969318,-0.0131913727,0.0036752398,-0.0006355295,-0.0008800096,-0.0051169771,0.0057095809,-0.000728671,0.0070404979,-0.0050099245,-0.0017440932,0.0000227288,0.0816059529,0.0000017427,-0.0000004046,0.0000008699,-0.0000008164,0.0000005391,0.000001186,0.0000012387,0.0000006615,0.0000012812,0.0000000215,0.0000000924,-0.0000004968,-0.0000000948,-0.0000003966,0.0000020787,0.0000008424,0.0000011828,0.000000441,0.0000008074,0.0000000194,-0.0000008079,0.0000005972,0.0000010894,0.000001755,0.0000013381,0.0000005401,-0.0000011353,0.0000006544,-0.0000004491,0.0000003019,0.0000002104,0.0000004159,0.0000007771,0.0000000591,0.0000022307,-0.004821703,0.0025506306,0.0059964729,-0.0022709141,0.001351687,0.0030372751,0.0000841366,-0.0047010478,0.0003268792,0.0026730319,-0.0002258947,0.0076481417,0.0037207715,0.0063503446,0.0028749688,-0.0023630836,-0.0042305098,-0.0081722741,0.0062891602,0.0072167096,0.003746026,0.0077951364,0.0094128887,0.0092057274,0.0034747976,-0.0003672717,0.0005421013,0.000761948,-0.0000982229,0.0003225304,-0.0024553684,-0.0041342925,0.0014980269,0.001623535,0.0468289301,0.0010560308,-0.0009729096,0.0020579398,-0.002710734,0.0036539832,-0.0056314868,-0.0058110645,-0.0016326292,-0.0004061616,0.004720375,0.003087603,-0.0112868197,-0.0033733227,-0.0113990929,-0.0030385779,-0.0014850519,0.0047338559,-0.0021290909,0.0061356173,0.0044538184,0.0004351154,0.0014038626,0.0015437705,-0.0019477997,-0.0020162735,0.003066258,-0.0101739076,0.0087996934,-0.006215128,-0.0020027239,-0.0089577312,0.0014777082,-0.0021974345,0.0063076656,0.125809626,-0.0043569491,0.0014878935,-0.0102525216,0.0012704553,0.0043387493,0.0019784098,0.0038744896,0.0071275869,0.0049525024,0.0044887568,-0.0046462283,0.0036342736,0.0040169268,0.0043138828,0.0004428326,0.0052527591,-0.0105678388,-0.0038408538,-0.0013781298,0.0013718546,-0.000950339,0.0109502619,0.0032163055,0.0013001031,0.0035964144,0.008805987,0.0075875489,0.0145994866,0.003558362,0.0008852598,0.0086955116,0.0005846177,-0.0032304279,-0.0013820234,0.0714905583,0.0027069842,-0.0061405319,0.0059438638,0.0019614239,0.0087137964,-0.0009598443,-0.0011190389,0.0044268047,0.0021270917,-0.0027380447,0.0046693636,0.0009747932,-0.0015023928,0.0059731962,-0.0010367758,-0.0062520354,0.000539151,-0.0045482156,-0.0060258899,-0.0120391499,0.0043538134,0.0005279321,-0.0023677078,0.0078668766,-0.0005663406,0.002999216,-0.0065679251,-0.0109418387,-0.0017577596,-0.0016647128,0.0048002016,0.000145476,0.0052978381,-0.0097332511,0.0916458412,0.0018481174,0.0048962478,-0.0039059808,0.0045267834,-0.0006332613,0.0014342773,0.0026739213,-0.0040875191,-0.0017490032,0.0000346865,-0.0029229277,-0.0021616477,-0.0006091236,0.0020031778,0.0029477447,0.0021177951,0.0000629072,0.0026550881,0.0012347441,-0.0055582939,0.0010616332,-0.0013592577,0.0013583594,0.0030904935,-0.0000448974,0.0014488225,-0.0053519545,-0.002895625,0.0001117315,-0.0048117339,0.0048712271,0.000599858,-0.0040653797,0.0040263742,-0.0179174371,-0.0003005527,-0.0002539498,-0.0033122485,-0.0073490084,0.0056317249,0.0023031863,0.0081520284,0.0021828411,-0.000651105,-0.0015985105,-0.0041175887,0.0035508428,0.0001180262,-0.0024388468,-0.000528126,0.0025223174,0.0007265273,0.0036432258,0.000618893,-0.0023776137,0.0084209213,-0.0085525928,0.0001778133,-0.0048333875,0.0013857289,0.0010704995,0.0082630918,-0.0014945062,-0.0058986471,0.0055935191,-0.0001359909,0.0023741473,0.0042606737,-0.0023406181,0.0326331881,0.001592752,-0.0018926996,0.0012749347,-0.0043362933,-0.0068610328,-0.0018451075,0.0058340527,0.0083260584,0.0046033215,-0.0012311512,0.0001126082,0.0081135956,-0.0009803313,-0.0072469855,0.0005383715,0.0037857447,-0.0015144641,-0.0019535791,-0.0013892358,-0.0062403123,-0.0054593748,0.0023490716,-0.004397902,0.0026508756,-0.0060417885,0.0017539791,-0.0046061812,-0.0042018073,-0.0055446154,-0.0015747158,-0.0018681654,-0.0012300218,0.0039172221,-0.0029687047,0.0590315666,-0.0043152068,0.0031487363,0.0006852197,0.002918477,-0.0001044258,0.0030104533,-0.003884796,-0.0007088416,0.0036722442,-0.0009853923,-0.0028097403,0.0039063211,0.000465624,-0.0069248916,-0.0024708686,0.0036973195,0.0044131579,-0.0007964532,-0.003995733,-0.0012242169,-0.0007835272,-0.0016086411,-0.0025523001,0.0052878932,-0.0028671814,-0.0047131808,0.0009694721,0.0004625131,0.0042078764,0.000165587,-0.0025995591,0.0032294779,-0.00179511,0.0030545193,0.068290876,0.0028206272,-0.0057523644,0.0103501843,-0.0057302894,0.0133658071,0.0016390401,0.0042234829,0.0106009501,0.0088173031,-0.0060538688,0.0042082727,-0.0010932648,-0.0004967415,0.0041242344,-0.0035743247,0.0029307239,0.0070906386,0.0085401659,0.0008898048,-0.0113307027,0.000732732,-0.0040443564,-0.0009312153,0.0035686309,0.0004627414,-0.0018417796,-0.0021405218,0.0009310739,0.0035950219,0.0030896776,0.0072822069,-0.0123437462,0.0082486522,-0.0105154947,0.1547450343,0.011025496,0.0010454092,-0.0010205574,-0.0004030345,-0.0045750488,0.0006899978,0.0071081286,-0.0084779609,-0.0043111123,0.0011065643,0.0091032391,-0.0048256466,-0.0011516854,0.0035473783,-0.0018740834,0.0074122369,0.0046856405,-0.010715228,0.00025328,0.0047798355,-0.0041903964,0.0016638986,0.0016927885,0.000177677,-0.0069572909,0.006616275,0.0095208304,0.0017216672,0.0069435972,0.0057803641,-0.0027223809,0.0024355703,-0.0029371321,-0.0016507194,0.1399322149,-0.0053971376,-0.0041403964,0.0060203254,-0.0039968381,-0.0086231805,-0.0051560971,0.0015521952,-0.0016716241,0.0120678156,0.0022630171,-0.0089848493,-0.0009787248,-0.0096781017,-0.0026496856,0.0101038492,-0.0060111685,0.0014412089,-0.0079870786,-0.0024983001,0.0022634763,-0.0021928386,0.0087538425,0.0004654303,-0.0020005481,-0.000753918,-0.0052442028,-0.0004210793,0.0025618476,-0.0107633864,0.0069721435,0.0046249611,-0.0020080784,-0.010146087,-0.0045303807,0.1359642835,0.0045598459,0.0019235891,0.0032422469,0.0014113914,0.0021342042,0.0036794516,-0.0006675586,-0.0016254483,0.0054329959,0.0067483061,-0.0030134632,0.0012328783,-0.0015959623,-0.0047199504,-0.0086018671,0.0040185547,-0.0013235884,0.006215851,0.0084275735,0.0028760395,0.0113922342,-0.0013994151,0.0040059752,-0.0077773191,0.000325559,0.0018541236,0.0025556491,0.0037339137,-0.0043918651,-0.0025448729,0.0015998304,-0.0008248134,0.0048567118,-0.0033413921,0.0499359876,-0.0014349562,-0.001762657,0.0046655465,0.0010271282,-0.0020802331,0.0040693346,-0.0011322982,-0.0053208523,0.005552436,0.009097177,0.0016376653,0.0036661171,0.0002975385,-0.0015423767,-0.0011452631,0.000359205,-0.0060560011,0.0027372922,0.0067608946,0.0003707741,0.0073233752,0.0053229236,0.0018915626,-0.0008181165,-0.001730337,0.0039368988,-0.0003529351,0.0034950254,0.0007097917,-0.0084320822,-0.007946927,-0.0005968169,0.0050426064,0.001471807,0.0300425431,0.0049785276,0.0034704072,0.0065419439,-0.0038654018,-0.0082771131,-0.0026700426,-0.0002198247,0.0113193061,0.0045535713,-0.0009226147,0.0047575476,-0.0011363275,-0.0044060474,0.012519066,0.0017339606,-0.0041114392,-0.0070500583,0.0055649357,0.0020215357,-0.0101355967,-0.0106762309,-0.0061795099,-0.0006360559,0.0010595271,0.0042335091,0.0020178288,0.009526238,0.0024294312,0.0069005116,-0.0031001132,-0.0031293702,0.0066514885,0.0024264279,0.0093467214,0.174567667,-0.0058601757,0.0027587733,0.0029905434,-0.0031999701,0.0149490644,0.0033661727,-0.0042417509,0.0023175637,-0.0015808682,0.0014528031,0.0113624369,0.0008004936,0.0056111146,0.0136466783,0.0011681845,-0.0112288257,-0.0008163847,-0.0009954581,-0.0042561337,-0.0039409792,0.0037261244,-0.0063058587,-0.0056855637,-0.0075266756,-0.0056877676,0.0010125303,-0.0052472365,-0.0043705113,-0.0025188392,0.0036527894,0.006982944,-0.0038975312,-0.0032315445,-0.004254041,0.1066017828,-12274.6890748996,147.0958686533,5614.7907683029,-0.4717377684,1.3300997677,11028.9967854104,1441.7679283777,4386.2802640972,-0.2429361752,0.9173203577,0.6927331716,3910.9404191763,-1946.0048885727,0.2051841189,0.7720757823,-0.1951046242,-24.465737751,-5174.8652016777,0.1847147454,0.9847408506,-13932.1046645056,2284.5275449898,0.5278971617,0.0595428688,2968.7134893678,-4689.4133619628,-54867.8238936785,-0.9081521705,34745.1488813725,42934.6671353809,-0.0524547114,-7447.9913436468,0.7723706969,329.3433350853,0.3402937453,-17805.1609374473,1.1301748233,4083.9574362205,-3748.8632306198,0.1149760498,-542.9676955634,-43449.5508465847,1556.2252887849,-0.6404861647,3687.7780313418,-8113.872161597,2701.5879078379,-35986.1222404047,49.9252650406,-1291.8017234644,0.8052866166,1638.9526609822,8376.5570000481,-7334.235253535,10603.1666903606,22.2922231499,2008.7635743139,-5322.3391555447,5219.7066349775,1.0816238917,2.2360053393,-1584.4244392065,-7551.8512986889,-9.9400590876,318.8875806227,4120.5935389968,-8845.2762170515,-4.3174262174,13814.7282186415,2942.8572136788,4043.7581497378,11899.1412491022,3626.6054686491,-8577.6621361862,-11174.6360670324,4.1245075972,-9331.5967446195,-6465.3958719638,4330.2726972763,22178.3496532976,-17417.1090518032,391.3529607023,7830.9957228313,8432.8009642092,-1804.7322744317,-5360.6134827339,-81.4649667008,-17754.3648617908,2388.0880185344,0.2808009473,502.4732269101,-8408.9686212072,-64.7883014325,1927.2809103317,1287.4414652742,-0.7223427478,531.0157519432,-15827.2030923826,-31.5215731633,-3509.0063001693,0.9465225502,-712.0666953515,14306.0113829809,1927.2685946069,-74188.7652810207,-72387.3645815277,-0.7582403775,-33902.9983469498,419.2135972275,0.1221499563,-10.5457820108,-1894.3037706159,-0.7848821786,15674.9523615718,-0.9070989387,-24724.7760389805,-1553.6974744764,67.5931916614,-61.070966833,0.5355461953,26516.5831199156,0.9544627237,6829.5048666914,4954.6960487183,-2746.856979762,-2846.9393751756,21418.8683040488,3.94144941,2353.8435319763,-0.7266591638,3552.9220451182,-6677.6264522553,-1041.0519720548,-4.5357387194,2673.2300619408,-0.003644962,-9980.6158907263,-10570.6360019773,-17883.0604122551,6375.8910141515,1763.3502338064,7166.5847133888,1300.9136934675,4508.2345179402,278.8036232833,-16420.0906495443,-5050.0684912454,16273.2755936628,13530.5487526364,-4547.8838740589,-1883.8152538,-3379.5702407751,5915.2803764571,-2806.8957490948,8589.2869361309,-6003.6308543971,-3912.1766736074,-1147.6591357124,-6651.2870922206,5193.5079703058,-241.8138615888,-1.3193790042,-43.7334357233,8633.7368925848,-323.3877063898,-3134.3217375541,-10942.0438537049,-2387.0308325707,2604.7553455458,-1047.6270482382,-6161.2380224921,-0.0111440456,253.0604443122,11124.3524462659,0.6069680145,2751.9237977531,0.8218533914,15090.2239029656,7.1322225846,-13498.358137882,0.6961118237,107.3366955523,-3410.4732843974,0.8410666536,1.2130849578,0.1277846802,11825.82661397,1739.0644338175,6.7764285732,-14986.9859706209,49.762683448,-196.8145965271,37916.7810765068,-4497.2830007053,-0.19235071,-32764.18817601,8142.5539045235,-99.0431381379,-32814.4014523058,-1.5390306546,0.1300277354,-2716.964722948,-16694.7574572716,30407.9092164712,0.385047639,-14800.1573179867,-0.4056623984,-2836.062842399,-2565.5168729552,-17824.7289459153,59.7382909209,0.7076284558,1998.7297436969,5830.14777476,-21.6989831931,6572.7638958546,-9109.998605153,2239.1849531751,-0.8707418684,1842.3895764692,-0.5050610796,656.9827056266,548.1820766118,-4258.9117639624,-4489.4004451554,-814.945612107,-11120.0361422835,5188.6153196729,-1425.9501456353,6.0370055869,995.0394891949,4369.5349088865,4.5341160212,4514.8711411392,3851.0287014455,5537.401278459,3263.8881447649,10404.8081596012,-141.4731315102,-1888.8944651882,3560.9733909584,982.3859551597,-5563.7148448465,-682.9614318859,3139.46746846,-25.0603065245,-4460.1084873012,1346.3257132596,-1651.1038277962,-6563.9307628343,-2869.9322795,-3251.2101542862,2346.8662561156,-12460.257617956,2996.4421955204,-2533.9654515012,10655.1529749483,8280.4651759338,3.0082733016,-1.7496891788,0.0033509653,-2.5871320791,-0.4736311124,-1.3661168874,0.12133873,0.2911230114,73024.8502364992,0.4738574326,0.480571113,-1.1622644106,-0.5978036747,-9.446830315,-53214.7291418172,0.4814203191,-0.243748813,15295.7254498901,-6112.8140106696,-3278.0136862498,0.7431783382,0.2152219284,4415.1943215315,-5630.7780378021,16689.4259669321,0.6424534964,-2.1087288534,4277.5959265927,-19068.0824074237,-0.5856493544,-1840.0886820122,0.4219135056,-28913.6164026458,2538.1469187118,1509.7510581345,70861.9475657231,1463.3561979398,-6301.4579048614,18967.9161816706,-3950.7375308918
   0.1703432474,2.5576700999,-35209.2130848601,-1.786380557,-4268.4801003177,-1.1849871842,-7133.6434654006,-0.5762486414,-4174.2962846612,7521.8546114296,1286.7168742885,-5864.2001934044,-9331.0498593732,-57.1497836292,7149.3912949613,-2329.0756806897,55.2978591592,8844.1448693115,-1238.1588941811,3146.2505770529,-3172.883357943,-939.9637151247,11465.9830045242,-8288.0735578793,2535.2966291729,-4164.5007108064,-11918.6429946685,24.3904771311,2206.5684117441,-4944.0545374113,-17747.993911294,6716.9709309606,-1611.740065773,1615.2196826029,-6694.0302938399,-1137.5666422569,3155.5624913796,1916.4398108394,5006.7680386793,106.4306311437,-1434.9699089025,-5092.9056764901,-13091.7400983274,24673.1450141251,25197.5496692129,0.7284928331,-764.389802263,-3243.2110510288,-5801.9762587902,-36872.042412553,11861.5998672604,-0.8460833452,-0.4088798434,8.2435730412,-0.5610596559,-9168.1863007724,46812.4385486195,-0.1117692808,693.5635642091,0.5933750453,11863.0701271418,-18.9349521872,-44358.3998806553,134.0584148281,299.1278585217,11291.3564657505,-0.9336870179,0.8029802307,61002.3319595279,-334.1817628663,-0.5861436618,-0.1663146806,1846.2598366925,-1335.1509327375,0.290248156,-0.1431001465,0.0055275251,36243.7050765364,5.8165305715,-2668.793748884,-10576.9372799115,-2355.5646809667,-4369.4441860547,219.5257921761,0.278550536,-0.9311077825,1811.6143720082,25.6352570893,-36415.9758187852,419.7406162682,-3.3869932659,0.8956451484,5.9206599479,6552.1172688644,51.2968001258,163.1193926826,5366.3403996304,-7980.1581447895,3858.5050820252,1297.3544309496,-5499.369348961,1232.4332325549,1873.2235543467,3993.9263003915,9657.8097919746,-132.2263143427,-2450.9911548841,-1093.7629321187,-9.429807038,-1735.7255401078,-902.6360214564,14.499635118,-6316.8619567475,14302.8681603721,-758.13455233,4888.9509461647,24551.358450576,8173.9710865269,26.609598265,-305.1758242906,215.7639875635,8.4766329497,2102.3761477708,-1039.0052864956,6879.8061104637,2861.8747791744,7249.8165976492,-25893.4297539006,-7990.6234081168,-8671.9419531125,4130.756093719,-2811.803402281,-0.4072446595,3810.7127101786,-3005.5034263835,0.7317927529,-10185.1437644505,0.8026722453,-3139.5703343002,-39062.4224964447,17449.7954893246,1930.94437661,0.0336054128,0.1772064243,-0.5869059716,0.3558907391,-9152.4060990324,-0.4429955337,0.2996875426,-365.3577971904,17287.1482828172,-28252.047686215,-3788.5939874342,76650.5117015036,-0.8478594842,-0.5031112964,-18.1615513578,-0.0262267992,110.3363405618,6.0837929138,-1727.3577989053,0.4181735064,24949.3618576916,-0.1462242022,11.7949407037,-24.4571764667,-0.5528497181,-0.5370270548,-0.5744367763,-11888.6702904161,1.2678460712,978.5071538299,-4033.4484611643,-0.1084333743,1936.2316385547,9772.6626265119,-0.1010911709,0.6101763214,-80.9694429463,-69.4284642664,-11225.5262171997,19782.6006035604,-6099.3484134047,-84.4726510335,-4013.1981240018,8313.4043991157,-2779.5371061595,10668.5001125746,-1822.6906308481,9614.3788926709,831.6681172088,6889.8717455409,6592.0297096725,711.5644640384,-9673.5616755007,-2277.959386958,-1.2688487069,-20.0216529068,1661.3177189239,-7906.2661026886,3572.6647106599,10064.9485683335,-11171.54319738,3157.9767669681,12870.9718374673,-3962.0369645081,4453.5687210252,8212.3118839665,1464.2890107924,-1662.0968061329,-4558.834505976,7331.1072468549,1230.3634255118,-104.9721205149,372.7262755233,-18.7140218559,-0.6013959243,-0.6623010418,41.3033211508,8.8708915899,0.6678157268,-5615.5183407113,-0.3057501558,-1389.2121713112,-1244.8284905616,-0.0912647054,-1.1841455051,0.05125153,-2.4727585973,-0.3267554657,-0.1336952193,3297.8029169537,-1471.5710067274,67103.4745299119,-61139.7453994051,8903.1810250196,0.2711757779,834.7405164288,-24885.4968892813,4172.573931785,-6261.8744664338,19955.4002126062,-6255.4680573606,2.0222752617,-39.5738058689,39217.838665636,-0.6498478577,1759.7877787099,-0.2774214806,5133.2332203986,-20477.9499404194,-4869.1128009043,3564.7497687476,7.6829637576,-14236.5350778128,-42568.7433931178,-4.5592472916,0.7668885097,68111.7135982132,-599.6198968006,-2352.7687137447,3789.7478381756,-0.76678171,-1417.4408311348,527.0298626866,5919.2248428681,-11217.4796686244,-14657.5939897135,-5900.5119776894,-4827.2618230767,-5126.7543388489,0.9157211776,-4949.141372225,860.4192821107,6731.9468764945,-1998.2279608291,12673.9049940388,4518.5046000043,495.951529909,-10389.5586930046,265.0511153854,-2737.0347802377,-2014.9018467428,1684.6780153951,16477.7037149687,7160.8828146552,-9562.9512362365,5971.9736892883,288.4097433556,-21030.8180428085,10697.7909796754,5679.5684600024,11368.7819373476,-8025.3275189924,1262.1108659568,1260.0548032391,2.2550806673,1441.9240281992,39.4944792343,0.2618667788,53.8297302162,0.3781241494,1842.4396493816,5562.1620367868,-1.1182683078,-1687.1108109965,-0.6459330665,0.9655965216,4291.6327794163,5358.2481792479,-1.1788391017,-1.398291189,-0.7905471146,16126.9185745332,3991.6162838926,-1687.9512062936,1137.2261254253,-36148.8412029169,29364.6014662489,63676.4575009926,0.3150400596,-0.1320847378,-2804.9139908158,1550.7354523678,16662.7552024864,-10893.003481736,-0.7102663763,-1.3161323815,-0.3583122332,-29529.7495330036,21049.4202745444,-0.9439751709,-1288.8896626193,13869.9151083261,-19379.0879111116,0.9047114321,243.4956056806,21475.2516755986,-0.4769039196,0.2466683497,0.0039853157,-163.1448857088,3.8928308662,-2040.9167843293,-3916.2016157187,-514.1977945348,-1214.4007536345,-0.5059207771,2128.5068024744,4728.6335639206,-5679.4398597038,3597.6964621986,-5440.3438442184,-1039.7079475774,-3063.4482526375,2005.147854538,11526.135779312,2655.184243277,5.7608205447,4403.8606278483,-11777.6952196325,3743.0590821297,5411.8447811491,-5440.3053474216,16490.9423068476,3842.4271690375,-7195.4040408277,15530.5066062422,-2839.3317851178,3534.0579058468,-2708.3334505419,-5768.6276894339,-2158.4456705345,-3008.3153641538,7553.8215347841,5.8275321231,9696.7043335229,-16627.5004446856,-3405.954311066,-2765.0271172196,-13944.9857063276,-9459.8531542568,-121.926452621,1799.4599418518,-1.2319892207,0.2173270778,2063.873360858,-250.1557060818,-4563.9203096386,-1.0547722623,-12596.5784109487,-35162.2488970603,-0.0520855245,1769.0624086456,38214.786970145,-0.7637936181,0.3601101069,0.0613813117,7.809592401,26799.6019471356,-12595.2642569107,-272.774393044,5004.2109294995,18436.9694510926,16743.41512571,-51.7257314335,9372.3913231949,5047.6664160816,0.2226332094,-4716.7837472891,238.0562845947,166.2658477579,-22881.2045529048,-5683.0729381413,-2668.6011675381,0.8070890058,0.4401336603,-3832.7109918587,-7611.7868983064,376.0424482934,0.3138076374,-33897.1396738592,-0.866359005,-79.83503878,51400.2186630049,4598.3529081143,0.7315395663,1296.082300081,0.8341601292,4421.6552323744,7555.0174436774,-164.0404521064,-0.9335559042,166.1617599034,676.9574438335,-884.3756173263,1220.3395856674,-0.8214007208,77.770922765,-2360.0012903661,2368.2792309419,-1260.0735845101,14.3259793799,-10511.697612604,8890.2722767905,8505.4890078656,-547.6421474192,-2707.4250223023,3030.6187888994,422.4242014571,9883.3699694973,5399.3269075811,-8826.8010633818,-2332.0988268457,275.6548257932,-2450.2264701611,927.8549107231,3849.0191020086,-11.4323002472,7738.2285267541,-472.1287429297,-4430.4608637112,3852.1484916011,-4021.9651838704,1393.9068664579,487.0771916954,5782.5830200257,26237.0058694861,-0.8936314286,9945.1308086093,25896.6836641565,-29727.5416776271,-633.0809296117,-68622.7893980524,-0.3913062451,-1175.88837911,1105.4175745198,0.7102500809,-16119.4686407851,-3406.7732066368,-763.2102583555,-0.9468463982,-0.0906924536,-0.2807756092,-11208.0041388933,-1177.1230551323,1.8100312162,6942.0287036308,0.7540580748,-7268.5626194462,1195.6200960537,-3.2117811025,8223.047831622,-8470.6699631698,0.004879828,-3258.1487311951,-3469.9784847958,16.2309143124,0.530299599,1.3958661868,0.2710706054,-0.2232217907,-3201.6499433297,0.5217966348,95.5712317293,48523.1047989857,0.6741983734,0.3583981516,31751.4869706339,-39358.5200471202,28751.8191129202,6.1998123001,18561.1230406363,-3539.7765754786,2474.7830824293,1620.9285447342,60.502197759,0.0754142938,-263.310626374,-7442.5886829964,721.760313105,201.7713891942,7314.8564989904,4.4076318369,129.4602546091,-4449.1687080966,-0.8930217044,9458.3873674867,3878.7035408831,12909.18330656,-1242.4109033526,10837.3197875711,-6073.2402032551,59.9925672977,1010.136920398,157.7350492616,-11196.7342773496,-3580.6201476455,-5036.9248151996,-4817.9486246739,8353.9539548421,-6006.7590069922,2985.4091545537,29.7753103965,2442.8664410329,-1470.8480199668,4114.24089174,-1249.8563477682,3204.7892225072,-1482.5505441247,15475.2596478096,-4172.1713387197,1976.1240579994,-0.1822632022,786.2926688828,-1.7663817698,-5.0986086297,-11550.8998245668,595.9451927331,-2859.7459730972,74808.2864431978,-1460.8848762528,0.5186475746,-111.1687760237,456.4896865214,5467.4375311615,0.4440052332,0.3294729439,-3652.9143674058,-0.7328879967,74808.4080477639,23899.8502845904,-10475.8104573634,-70799.527582584,4909.5715075743,-16511.1985172357,-4748.145692187,253.1490908014,65939.6848473427,-73118.2324838221,-3.0866731946,-0.4395719508,1166.3037450999,-12760.6098555912,0.6247014006,-38166.0317077334,0.3669357477,3838.6079488785,-2701.1532908387,-348.8493040245,-0.6634109674,5520.8015070214,-12551.0500313882,-553.3984928457,-220.6913559354,-0.1878919142,1.0385863156,2719.6620150984,-122.352077951,3123.057548712,7244.7320589327,-0.1289725633,0.2965211753,-10465.0395011394,2904.1529541173,5758.9264504815,473.2091073987,5164.2785179075,-3085.4021050491,-1793.4084098712,-245.0608927993,-601.2743350833,-654.9325305744,-142.5107849203,6522.4196110206,-4461.5891006348,3175.298612457,3434.3215719414,-6354.7735765186,-31.9796258444,3520.90788355,-4767.0506314014,1256.8457858,-5499.8467321891,-9642.7720827568,588.4168737279,-10104.776970058,12777.7584115612,1.6190547236,5445.1845138637,-21972.8405320741,3122.2240767544,-3320.71409151,-14292.6356873906,-8470.9188179047,19489.3416564969,-2654.4527354476,-44767.5826199717,0.035835329,-71531.4773487941,-9405.0368914012,353.177218731,-5850.052472978,332.252568318,-55.0284864499,0.1737336292,-1163.400785837,0.8755746068,3716.6192159898,16172.9316533168,0.4500052147,1.6329466899,-0.0335863275,1466.4752239025,0.3541131899,0.942048661,3168.2068446482,16.6807508394,-9602.9461279409,-20.0454565036,-7064.6610375337,-1.6061901791,-4236.7475728423,-3.4200243077,-0.8027807353,10315.607167017,-0.2687781858,1365.146602347,5358.1353604071,2262.1218528505,-5265.4667328395,0.6487271349,38362.0068225678,0.381140789,-15716.1048795341,1.8167767454,46535.3051467092,-1530.2383724815,-2113.6980813112,-3513.5343049603,985.7265846733,-1.3271414753,1.4178325861,67.6165855011,53721.1089334753,-12842.7777980747,-1888.0444391535,52.8225770924,-7711.5023701439,2781.0847680848,-10362.3821218124,214.3589800876,2219.7506361354,-884.4158943586,-7500.174968685,355.8826121213,-2369.0920658364,9439.5521600453,2019.9484770181,4161.4218289256,3755.6007153636,374.5434080417,-4732.0839106123,-3.4797028547,1186.3310523368,-3513.3874542665,8461.2801296407,-1132.5732680586,-755.8692018246,-2171.4171113101,-1253.4949563788,3765.317266844,10711.6766490901,881.2895834801,-175.4663932136,19261.1818524733,4747.6381610482,-0.3007239746,5032.002887255,29931.0438463525,1573.1341361664,22.4716139742,-7030.9972034813,-37931.6629063179,-660.4581400423,14993.6855830292,-6201.8259966659,36.3540812557,483.6198820231,-10094.5160094567,0.4399480097,-11155.7497777274,-0.2678921756,-2555.5798578105,-4406.3287104249,34295.3187714542,-0.4841925493,0.1681002088,5.5536051885,-0.3588655388,-0.8008840339,615.664136297,1763.5018311782,7910.0017855033,-16108.0520437337,306.1678123886,-21076.5425226126,-67213.683572293,-5056.6119211654,-17.2691234178,0.2018092825,-1854.8245364497,3.8029548289,-11.5357410074,0.5012727673,3233.1983829928,-0.1887774643,25533.314493831,-2224.1841632421,-5.9747576293,-8148.949311915,8089.491522194,-67.4830155379,4477.178622313,-74823.7267924271,5077.7855212623,6299.3126055509,2806.7640231178,0.5939045328,4.8903585695,-0.0857451625,-0.5674239123,-0.5183975478,-4158.9911046566,15.0398892351,9336.3841372237,25751.6192957315,147.3477976866,19177.4541626723,1718.1249035953,-1859.6565586356,-1.5304213808,0.247977288,-0.7808408887,-1712.0306786707,21537.8804113353,9677.6098963537,-2374.2437378193,-226.1769646651,-2441.1134567653,-2145.6219045315,-9395.1900527263,-3693.8647887932,9191.93208843,3592.7646463904,-4789.8132828766,-3792.0815595557,7039.0513300966,6655.6501339629,4132.9450637655,-2413.7939188338,-3780.1857268248,-21135.4522468635,-4993.6823624634,5046.5772723421,9418.4480855619,1782.9155520418,-8624.2692129085,-3.262834862,-60593.9031156889,56.3189362684,-15524.7653242623,-117.1906154856,34.0584601838,-0.276165472,84995.0690295979,-0.3108575407,0.5676463647,29.1763059279,1432.3338946098,3738.5139021035,-0.4765280213,-0.621309157,5093.9383557709,-9775.2724272226,84994.9399864147,-2.6935329324,-1061.6619474494,37764.5460299832,15326.2359666193,4.0637151688,11229.9509608905,10655.405369516,1.0821850137,6325.6794046345,11549.7804628296,-714.2487999272,0.6595726676,-0.5485885821,1835.0968690235,-4934.4777355406,-0.2804213341,7383.3071479337,-0.9907840074,-4.4206714369,-0.3364263967,0.1392119465,-3042.2060168869,-64336.7134893594,-4169.0655046074,0.3843727082,-0.2712516715,-42.9971678398,0.8439811772,90.3464377018,4100.6655424854,57455.0536467817,0.006312734,5045.0196428158,-35.8969404125,3.2007238875,-5760.5262627326,12494.741605693,4222.9443307796,-10579.3506343234,3696.9202893582,11702.9104787694,1721.4328793836,-38.7084081448,-2348.8564710494,2612.9237023972,-7503.0287833906,-1872.1934705566,-1434.5375734228,-5410.8695559443,-8336.6112784588,-1299.0547299463,-5363.6011531093,-638.723753138,-8701.5537081528,8563.8979400515,-3560.4015431896,4.8175491633,2982.0256926423,5447.3803251253,12349.9286026736,-1971.5269291539,1401.6080650758,2852.1475160592,-3874.6275654551,-965.2239186617,-5004.9963446649,13535.0048918917,-1662.5824464615,-1523.8383711076,1020.2135688014,-0.6322759904,21480.1345807365,13859.1767247318,22391.497683232,-21.3097419323,36.3545840689,0.6101737561,-225.0247508476,1891.9002352709,4025.3721424193,-4659.2267771077,-0.1818098655,-0.2986524213,24856.1679371054,-21.7683308361,-0.327349548,40645.1596411346,-0.2252489454,-0.3922196627,-5680.6299626521,-1.1223781727,-2736.0318064877,-16315.1881595202,-0.410231176,-6938.6668653517,-16.1036370364,4641.2195676004,844.9660694423,15.6639762011,4122.3215730279,0.4162843453,-2368.0433679435,0.0549690939,3809.383546942,-0.85457717,2.0657765411,-2126.550277811,3.0778477366,-0.7284693399,-7939.7165381219,0.7124855287,-5773.9768604769,-865.7335119321,-1639.0190293544,-16579.605145953,1.0475776041,-0.1631021523,-3131.1031673129,133.1336605994,1.5309791506,7081.3007290151,19691.2509899277,7613.5302486887,8883.7674686927,494.6686922596,27436.3526247382,3328.1944538701,-15716.4216423203,-4366.0909445297,-5224.09021228,-4722.3014627285,2777.0731699568,-434.7220822615,-31.7508979063,12507.1953184825,43.7967738597,500.5838395154,10099.2328237119,4222.2868197653,-14883.6531669113,-811.3899665666,5129.6749459828,3890.2836956356,-6117.5070040504,3628.9558567724,13526.1435791809,-1760.5061961526,-2234.5171637477,5219.2490152023,-2188.8304878582,-20471.3153880819,7540.1771273533,3165.5961572141,-496.1257270625,-7714.755544933,-15887.4565337248,-0.4200088002,-296.218601678,6511.1939372045,7802.2956561551,-7112.233372256,0.5032345836,688.8608530872,5395.1510035717,-1715.243264293,30021.7034631834,0.8340495069,-7.3203032605,0.4635206872,7802.9821144394,11714.675314593,7320.6619639304,-49183.5757716978,-23932.8970767875,-4568.7913227815,-3055.3581800892,-0.248693547,-1210.0105132557,2488.2287080734,-0.9860571753,-2.541899207,-6627.9402671778,6.9779349168,3166.7478888494,-3000.1694169151,0.1811683722,11135.5039443268,3.6048804768,767.8216101009,6.9285530708,-23301.5797397665,55626.5142177832,6089.5124135396,-36831.3390638773,1277.6650982554,-410.6021441053,-1374.8731689432,36070.2399765277,50584.6895112536,-890.8183405372,-1.1328883199,-0.5709019837,-5352.8975551822,-10648.7635121952,-116.2578754539,5585.5852073567,2617.2441416798,1314.531932391,4503.6142429808,897.4572851166,2532.6359479938,-20.7656066658,-6006.8008905109,-3865.2898354104,-345.3952995863,2552.7445460813,8885.3995889643,1517.993640386,1305.76409063,-1163.1617427775,-2706.2157514519,-497.8554732587,-13428.9603633896,-4239.2135116198,-416.6023181207,8391.5443388193,-1605.4992340283,51.2946477306,3283.4926723087,-601.0361183778,9835.2984458457,5925.5474967994,-1490.3873410751,-6977.4271524199,-17452.0559418803,308.276256309,-10384.8072344907,-16924.5727668318,688.9970824663,-74749.9311593282,-1.6938977061,-55.077085261,1.8591671449,-2274.3898558335,3931.1133718161,0.0246404375,0.1418939011,8913.8492606065,1.0973831305,-5653.1076570869,0.6935812285,-0.4123421828,-3139.1851745859,-0.584671537,3930.3972938115,-0.3251971084,-996.3936295944,-9170.1871807599,-7.6169694911,25063.138361056,1453.3113325606,0.2884760135,1353.8505569066,-33631.5056621596,-0.3840591944,9914.8060507813,-236.4294077607,4075.8378102632,12.7273437026,2471.4669597085,0.7427919743,-4409.5065239622,-50321.3996411129,1311.8997906194,-0.422404041,1.0801035015,-98.2030604309,6158.011570534,0.3518733027,-3266.5111064228,13755.7860067877,603.5643118441,-9541.5125021336,-10081.9527694203,1779.4379927203,0.8191039419,-3.9296804812,2.5850895038,13614.4984391459,-2192.70070099,-190.6564470752,-1730.6528251334,-1398.7249439823,-4039.4539504158,14170.845247418,4595.6523420042,-2646.197770397,-1718.4180467032,-422.9881168976,4413.9587198064,-10723.0166788098,-10536.9444928272,176.310971062,-2.3253887819,5290.3926923733,-3135.9848191483,-8538.0172227356,-3247.1624942353,1288.9780014309,1.4129949118,-19435.6952041252,-11827.7674467309,-5551.1353374765,-2.3258056561,-5.8876319804,1330.562077974,5038.795466491,2457.818548762,10775.4927293661,-13040.4560122987,5761.3176405999,1850.8769454774,-0.9358396437,-285.2919113822,0.1968610421,2586.9706763693,28485.6938462559,16.1504745533,-2.0909383167,0.0329765106,136.3089828395,-0.8498861232,-3.1802682287,554.6071400239,0.2832055955,-1361.4541951529,0.8335267813,-15614.815171926,37.5800469354,0.8772549962,-13.0342440861,-27776.676320613,0.8360052356,23520.0978663439,-2.4696239664,-0.6948529042,-17426.7312673787,3233.640806894,-14.5769848586,81262.159160327,0.2194766923,-0.3752384419,0.2453396227,749.590194469,17576.2464713513,-0.8978862283,234.6659152207,0.209844967,-28071.1176330199,0.4877151311,42434.5546028754,-1433.0476367634,525.4903659971,-1.1842849309,43.6149501993,2190.9970455063,6519.8324981568,-4860.3972309546,-1801.8762103516,-786.5957625418,0.292327911,-0.8581096051,-1321.1075386555,-2441.0828887173,5132.8590672195,-5469.1535447022,5866.4866109752,0.3748294344,1627.6432155495,-49.2145773365,3009.5763255444,-4118.7987407746,-318.5526134432,-5610.907669688,8547.0063797133,663.4269766381,-308.9135132688,4933.5126418243,-3573.0728162052,-2426.0966948102,-5761.4756860165,-12030.1110065504,-201.0204463562,-7158.57146484,-2432.2990847457,2027.1753522094,-1835.6824464349,-113.767589457,5373.803610327,3943.8262347821,-572.245568437,-904.3600243809,6056.6487032407,-1860.0797079858,-3721.3226843443,-6703.1401840696,12695.7429006195,-0.2291255829,48829.4304637202,-1520.2814732574,-3386.0042224708,-6010.9658481891,-5968.4937472295,7.3429156229,53896.9032254267,-1901.3717329035,0.7522230426,-1.1112531622,1409.7810774334,-2778.4402615745,3657.0921257118,-0.2366299676,-6097.3503217531,-20045.3237600383,53897.7804373688,-3811.3157160374,45746.0042749325,-2747.5541815569,26502.3490083051,-0.9965928542,-0.014030675,-240.6738905746,2900.2906020912,-3848.9449212491,45158.5238623268,0.1972328427,-4306.1323542908,35706.3663380314,-94.7892822288,-10276.9304013767,0.7152706723,4280.3199914415,-2.3548989098,1051.2678941661,3089.6890924529,-1772.1251327942,-0.199359949,4.2508755129,-942.3578895059,-2384.2909258261,-0.0743146374,2026.597268959,0.5173659792,28715.2779487773,478.2343719514,-10558.4043793811,0.1699555128,-2168.6258598809,-3355.6538356943,-1351.6662201397,6106.609311384,12750.3669433183,11522.6219138864,1043.6678881726,-2593.8110259899,435.601775362,5081.0081936907,4667.1829952796,-5976.4556823521,-1391.960779358,4099.9464791429,-9180.5245026476,-14910.7835894659,-7784.8197818372,-3541.2080289374,17424.1395070316,-5717.8404168303,-8303.3192276871,-7382.9599880931,12061.2096147416,410.0796465518,10402.842909843,-914.0829177746,7259.2374881178,59.1590847243,-134.4332958439,375.5563745761,4609.8447077543,-3299.426462928,-2999.4130214435,5917.0728230857,8102.1919495818,468.5686728316,-10154.3516810382,39376.1998439064,-0.8402517107,-805.8181251264,-38196.7829477688,0.5639936466,-4.857441043,4448.6068616974,-0.530578759,-2090.5520720529,1273.8389459211,0.3409918008,673.4588372379,-0.3423923205,-7789.599640592,-3116.8192330447,-4.8255344863,9900.8663104275,1.2383374507,-52105.2297401233,-73670.0347113632,-8.8570042472,0.2223933087,2789.3534067913,-34263.5048234297,55753.086351721,-19218.8048426904,0.1946460287,-0.6509214542,12269.5719338854,603.235087637,-2762.0716821307,-0.4867395779,-7427.9849752358,12158.4852532046,19794.9459541308,0.737289829,19269.5912710709,-14628.1198324114,2902.4959224828,-3725.1529561168,0.7227868917,-10979.9282324719,3576.093986475,-128.1048787227,-2027.7944463984,838.3178991735,0.6170337391,-0.4896926419,14102.1265328561,2655.4318041931,-2911.239381907,4960.8140140259,-2656.7963178093,-172.6727256277,-3625.4022156756,3690.6694191034,-1.9325850596,-4530.9272299632,33.7845742605,-9422.8081484348,1841.0024746808,-1773.0914540098,923.9571914208,-1318.8285443329,3381.5285761791,5230.6354349827,-131.9806346599,-1.7310506918,6590.8615074362,-5833.2837430231,26.1586962708,-6890.2817612586,-5373.6715674304,-13816.6226536358,-1772.4644984445,-384.5344899569,-14593.6420481237,7468.9853843018,-12205.5960360461,5967.2913377496,-7597.9930075062,4295.9012620065,-1270.1875558045,2290.1175702748,5672.5827202474,8956.2202742902,-2347.1955361977,0.3179198965,24405.8538503779,-0.3985177022,0.3313116793,-2139.8117437874,-0.2180117179,-1932.7559013117,-2478.4468604031,2937.8818512997,3002.1720560857,0.3942365727,29951.7226111578,-0.2528428221,0.9050282857,3125.0091939231,-5703.2097926862,-1.2061042036,-49351.8579143647,-4278.4710541429,-81.9077083261,562.8467867364,53507.9732974036,50.7628786601,171.3199050049,5109.388081174,-337.0222693984,-1.5261847944,1517.9979528041,85126.7692652938,0.8605862432,38168.5875499634,824.909646389,-3278.1769394892,-6456.8669781153,-1.5016872879,-1.263541686,-3266.0489003411,-4697.5273531904,2269.1427206193,0.6377819874,-0.1799973949,707.2257186853,-71051.9920945643,-0.8530013818,121.4769097687,1.1090812446,-8751.3800493871,-3.0753736417,3407.2058101924,-3850.6540601195,1453.8902637575,-1776.4793568506,11375.2182139379,1271.9202969255,6988.5104673972,-1580.9454467489,0.2149528795,-8495.6161106796,7691.8507251926,-7788.3774461418,-7628.7468053625,4319.3910075981,2205.3129624381,5628.0688014388,558.9481268273,1937.4381927331,1651.942245015,-2209.0051858059,-1.0824470766,-6929.8379512685,-498.2682067786,1674.6585071916,15383.5933281602,170.0133704864,5224.8325902796,-6562.2394897137,-0.5395260365,-10106.7781070003,-2529.8672249312,-43.0738813901,904.3887215384,-1236.7097766619,-5361.1341700995,-0.9749797772,4753.7291664139,-4771.5701948459,2223.6340767772,13.9413507079,-0.7524661279,-1356.0520175326,-0.1465013859,106.9476341927,731.3455520158,-1072.6090406745,6855.3248039498,0.7061920288,0.0323958186,-7972.9809706809,-0.4240453982,-194.8460649825,32691.9874365617,-1.0960014177,3993.4370868042,-0.7002366983,-0.1270902555,-30.1136481077,988.9667473009,-593.893698291,3.4802183195,3368.8756753711,0.7364606613,1.1632276266,-1.2676271283,-16665.7413822594,0.4003420678,-9118.5044924402,41.2018574042,-0.2897799532,-5695.6154496834,-28599.073208515,146.3594924993,30.8676202205,14234.8302816814,2238.3379110504,-0.4015253327,0.1145767745,18953.7846153156,48138.8323858801,0.3964044492,-1.0088919236,-0.3929889002,-755.7372077024,16436.1339277031,-2349.2306496511,-4943.8818759334,9301.3506269511,3951.1376251968,1242.6745556128,2266.5829792092,-1387.5712096925,0.6095284551,-5174.027918387,1927.6617556857,11454.2335531511,-3050.5328178607,-12520.5742235138,-27744.0338136852,1488.6456970555,-5465.974489006,-3126.4938297571,-5622.2039815862,15882.6413045724,-5165.375722201,2484.6460271481,-4243.9950686337,8229.1853790452,-140.7797006469,-622.9314499821,10467.001461169,6466.1940249401,-10342.522152669,-17423.697674024,-9792.9851144211,-82.9654949861,-11673.5887876499,-5.8678439449,-9.4557403691,-8723.080463781,2.05474061,15033.966273888,-2612.5095828969,9255.9688708226,-28558.2931618772,-13948.0343986366,914.9232457587,0.3649700377,-0.2081110624,-0.1561094985,1.1250574108,0.9772481952,-0.2548157775,-9848.3732934229,145.916209113,-13949.1059566944,1806.0051864437,-70827.0556257011,-2832.6179607682,26932.5256749546,-15366.4161420524,20740.5653452312,0.7944143339,21.1262812851,1797.2700449729,-0.6896368547,2973.3124608264,0.7064205592,17414.0541625533,-0.0441716711,-228.145194636,-0.1011936877,1728.2979901252,-0.0749475122,0.4769027219,0.7138519648,35441.9276274911,20421.8417646081,0.1795859995,8561.2700672054,-1801.552415849,-125.8776108103,7611.1447065948,0.0458142875,-1073.7426110642,0.0712903039,-1143.9608200932,0.3465879095,-29.7622413462,-10046.3258600123,1395.301742136,-14639.6809159616,4088.8236078523,-6276.7869963963,1958.2973645495,5705.1445193221,-20383.4909193874,4484.5229625406,-4925.0366390977,-1915.4587049786,2155.6981151617,-2867.1818205381,11076.5292684496,8760.8849698091,-5454.0224998149,9818.8122252125,1343.4389970863,-9522.5123179674,2209.3283039473,-10248.4899237135,-2832.8811888713,2458.9593057369,2718.0521708127,159.2529022451,5671.3846916283,370.9186192418,-5384.8450195147,7017.8862032688,-4101.3155820543,25427.664722962,110.3360701789,9136.9312522476,31150.0258246925,9511.3908712075,-37803.6821996242,3788.2162154216,1.6656661976,0.2316602574,6157.0484515964,-1613.5852962855,-20132.2177812938,-1.4105240117,-0.7686749249,52912.5766131942,-993.4697256285,0.6772030795,-4624.9236553952,-0.5033603562,3396.7790428139,2.1860056615,-20131.4700875127,-604.6950508524,-10700.0875880939,1705.4012377655,-0.8260773378,-1716.0586187218,-615.2979123699,-5113.6147938914,-1264.1554631514,7017.5881618557,0.8196890724,1.7339283904,1162.5362107974,-1.1397239699,-0.8547072066,-12512.5915568727,-0.4987942236,24645.0963999109,0.8704028189,54674.9501825381,-0.490782831,11327.0836755926,0.0556372848,68789.3866580668,1795.3111421102,0.5743435998,-0.3123834703,0.4902529431,0.3202065316,-13997.527086151,-0.366382444,-3258.9677292253,0.1982264985,4292.829129694,-8258.4662312172,42.490523206,5355.96334923,-9335.2732934566,10474.3229826442,1.5839594947,65.6698560403,493.5894745507,-228.2913952442,2643.5384169597,7332.8997750792,-3838.0835320768,-7284.7648154981,-4983.0420905154,7119.5849272566,8431.9860247807,-7910.1029028493,-2654.8071862632,-13576.6866854553,-1135.7200325438,-10917.9604468561,7204.6162653402,-8457.2193707314,9378.6875264324,1497.9610425198,8981.4941548529,-8906.0721904273,-4434.2056850085,9022.4120441505,296.8932171234,-7995.613383472,-8.1606666791,13506.7559117778,-9133.2977865299,10169.4095317153,1961.3561706728,1.5571457795,-35023.5377987121,7807.8884777959,-0.1229230837,-2700.2436489498,0.6818538528,-4666.0150092885,-0.1031074086,-2943.4907684101,-3032.8794234319,1.0036606904,720.4590770476,0.1547165934,125.672070107,45764.7222474977,1.5679273179,-802.0792926467,1805.8786195464,992.1272831597,11543.2879708754,-327.8466341908,1804.6527378216,-1781.0508514117,13411.5445601533,0.3715324356,9223.312537557,-8362.0834290218,-1.2455411044,1.2761824398,-0.4459835902,2784.5422487932,0.7894618831,27786.8225245849,-278.4380482417,-86.2696292341,-6387.9966322131,-36931.0241552454,10633.0939543886,-81031.293685896,6707.5423240083,600.775737895,0.7729347341,-458.4892874635,-0.5549325705,-6002.0406361586,-1.8733925344,-505.9657590991,-515.7318430249,4257.0227925305,41.2668172552,-3065.9644477938,4702.439446469,-15.469087787,4261.858404568,-4503.1450064965,-3232.6977549537,-2542.0770870339,-23371.0369866828,893.2854936099,12204.1822546338,-712.0214854517,3387.9463424583,-17239.3455189705,19.3908094782,-1257.3651244151,11038.0223219148,-3400.8865095558,10198.6895243366,-4416.2677987415,-9149.9535595667,-5068.6356687654,3437.5161914369,3042.9962447975,-3610.1184568713,-9575.3418747569,2648.2138552396,-8627.4871747419,-5328.4592719989,5088.6821532283,12559.999496099,-6987.1236008809,6996.6349175153,8112.6600200312,0.0082154429,7023.6786001013,-5998.0685180474,-3978.0885254543,7.0306885446,-1.4371708125,-536.1587816652,1903.9549816157,0.9605888411,0.0646629257,-3457.6163822385,-0.8095848397,0.4962377047,-0.7012048499,0.2881331891,-6816.0629650824,-0.7883248678,1902.8008167032,383.274079215,7429.7784982156,-24.3775671842,2510.9153679092,107.8365697434,1249.4488276406,208.8324415385,-8678.0589209847,-1711.4673956039,7611.3827588133,8079.9120022513,-19.1486220043,-7.8438651965,-0.6962707163,-32689.7389874741,0.9824025816,6533.6195917886,0.0114014641,-5463.0575932528,-0.2113203121,-32946.963265049,-413.6036016722,-11673.1869338595,2.1622887184,-0.8485113953,3707.6827075831,-6.1099111856,3.5601068681,10638.6759252213,-0.1828754444,6383.6166527761,0.9112496118,7429.3967489736,48.2292552059,-7325.2856193865,18382.2013972491,-2341.3345499545,-670.3720262348,4427.9652880885,1472.3354222764,595.9445000842,-20824.55286234,-4241.3516922255,-3422.6049877646,-3.2619773064,8924.2522394987,-427.8006095534,2311.3920434448,5860.7168012556,-1932.0493053555,-1462.781009342,2.0825136664,6289.9144590666,4600.5784763156,-1.4704307475,-7174.3939283587,0.3803952863,11046.1567397081,1.9351327572,-375.3412408546,-16928.7599151531,8472.7627221072,-1407.1538352962,1000.4538827771,305.5901871136,17409.1969778929,14155.7446614656,-22916.8292271684,-22234.7191881552,-3878.6792810414,-1.1114718355,116.4801275305,9834.5153554952,0.2802147285,93.5357482929,1132.1440763165,0.8647296765,-9242.3560351871,-13476.5303099158,9794.1391008988,-4134.6583902283,0.5306195028,-242.1100337392,4241.8794356915,92.0614167016,281.1651923234,65.5527297971,-2983.9702904648,2153.4353922342,-11.4951655872,3092.8607011969,6647.0521285242,-18690.4120616945,-222.1378419634,-2012.8755519085,0.1832781761,1941.9741242509,2210.4685120688,3835.3071232021,1.6703718361,0.1484482911,11936.387132479,-26124.6537509385,-6251.2846151474,7880.1928395102,59129.4972290885,3958.7558237909,-423.4096727709,-21096.3677408539,4513.8486502396,-4492.3350468179,-1.1553319299,-9156.8955984079,-19969.1182682386,21392.8421652172,-16358.3088099424,0.1527363006,-7401.0658559011,10.344488559,-5605.3156420852,-455.9558873689,-13527.5448958938,5745.3231951493,9388.4955904287,-2271.8483369252,3798.7343717755,10604.2336817159,-30.0992046479,6514.2662820195,8098.4963464117,3585.3807196143,924.1330347636,-12781.2450456404,-5012.8037310335,-3594.6988049528,-4197.0696920804,4045.5908207493,2540.407462498,247.6053402767,1.5170200315,-10463.2971051884,536.6211702132,-1682.0939649785,-550.0444990876,3628.0836044764,-3635.5613607281,-5815.064147798,3165.7849001202,10389.9839222319,5363.0094426012,2172.0324617734,7537.9385689117,16.6532029184,-5936.6150493139,0.0318999004,-0.6487433705,-5090.1963805518,-34340.3732735306,0.9720668368,-9.361147706,96.4184976685,0.6061868464,0.4262874215,-0.715438167,-126.0273623893,0.4337783083,0.8546118895,1121.61029808,135.0559007721,-8.9664807113,-4281.6138092118,118.7086955438,79942.7650834352,-3262.0882861446,1.4139077955,-93.9658712827,-1157.2759338775,-62869.7115681342,3.253250595,5061.7189707516,140.9482802762,0.3732704323,-0.3372414096,0.3393179503,16595.6117808827,0.5745643404,24398.4313811197,-21366.869620192,4968.9927173212,-0.3282321459,19145.7774927366,4756.7259091171,-0.0466116695,14102.2287314866,0.8719541464,-65321.4451940319,-1.0602546908,-1.7098863288,-13807.098845533,0.1647046473,0.3516371421,-570.6196737147
   2065.4692382008,12034.234385393,-0.5402439097,-12278.8002078387,11097.235052991,-232.4824405926,-4175.326456852,-5463.3714161927,4331.6929782493,7529.5276383087,219.8183994893,7.7408257318,-12169.0192566578,-3935.902055349,9194.0696812654,-11218.614332737,-1.559243119,-9586.7353661537,-485.3531629799,-10379.6810963904,-2301.5863375205,-1314.8034565066,-1729.8784689806,3864.5748295811,3742.8047851981,9585.1568152756,-2452.2028397816,-2437.7082822537,-4280.5628108236,-199.034954507,147.2126166354,-10818.2421308748,-3173.3592540673,-5756.1415211941,8137.9990164832,-2831.5116117407,-2253.0987788144,-0.8697243007,-81469.527032361,-1.6993503782,1.2087015356,0.520065469,1202.3474900821,0.2335542486,0.7207775728,15973.0639115041,-605.2597318581,3001.1689729744,2049.7796515353,0.962889816,0.2817150236,-16330.7794676812,1201.8382910624,-0.4847051457,1014.888969379,0.4830731907,6.1322066153,0.0882457277,-0.2780983002,10599.2305825292,562.2805609576,1793.9737704305,-10096.1812045393,-11547.554490313,0.8677206954,0.0586734066,-8.1314750846,4658.738736974,-0.7208385573,3189.9804981343,-1.307482988,-9823.9985873341,6042.1885766659,-46473.5702887684,24051.754107501,-113.2375070021,-53070.1417564395,-3536.4253072196,-4264.4240184865,-382.8492023963,-5293.1153249887,-12403.7469045721,3659.8481889661,-9.9521367916,-0.6565281078,-1013.9506619878,-344.9742747749,-4383.8702380799,15036.0754107711,2330.6846057466,-1138.4778662585,10364.7356905722,1952.7281256846,1896.5186455518,17624.5256578081,80.0570543575,3397.8624592942,-8715.8711834072,7707.0626617268,-4510.6082954493,6103.1626473725,-9127.5267100102,-620.6917856515,4611.5027581024,1247.637089051,9082.1510410016,14235.9750445868,-899.2443338299,6180.731651332,-2607.7853157226,1209.6938199609,-11054.0920650721,-11140.1743013974,-16056.6747638606,6200.2160397128,3085.670169013,327.3792428067,239.2132373909,-5549.4330335765,3797.6974173739,0.9566065214,110.1654502418,5.3411236763,-3970.1768804833,-349.8046273498,40422.797620152,15.0425406656,-0.0901363763,-99.2560901698,-0.1673052267,889.4148302236,-0.6741051248,17.970754389,6753.5637670827,0.9133092098,2048.4452127821,-1.6128488693,-0.3925686527,-25110.3355264909,703.0065146529,-1724.1373496447,-1746.1385823394,3377.3780916892,-168.5142577707,3143.0331247175,825.7375571133,748.4239473098,-1801.1815348641,-10.4274931251,1292.3519992116,3979.5057474891,360.7846060769,27321.9187834279,-0.2458082092,2214.3525445997,2.8304092173,-1.4828357834,0.4627284538,-32711.4573256492,1069.1392277768,-0.2222588421,0.2743675533,0.4219841479,-19041.9140064144,-2382.0219815494,9516.7500228687,-6205.1747565268,-18944.0106046081,-0.625329623,-2.3561599439,-4145.848590838,-8425.0188204221,1853.0684844647,-2367.2167688087,-8336.7450424343,1122.7035840991,5618.4562327623,9898.951004876,-7619.6753960963,2451.9529461762,-1682.7665345056,9900.57225154,7930.9085470482,888.5505863913,-9939.1111447432,9394.2443388866,-9450.5674883614,10386.0321694502,4306.4725624077,-3517.9262068078,-3127.3273670231,5087.0186153458,-31.8002597613,13517.638916836,-12378.8756674863,3826.4694108614,-13554.0472936779,-9730.8236581611,4100.467488755,8474.3599516066,12127.34186604,3115.1329417776,1.8489727341,2399.1798663224,-484.8695059847,-28608.5836144443,-12835.800496388,-5991.4931878782,-0.6283953581,-4740.8576509735,-638.1569672927,-0.0950724621,-17.7922278338,-903.0201497949,-0.6213543058,3584.2524021499,31357.3434393699,7915.5064400883,-0.3101175059,0.1429652392,4886.184661808,-2233.3825170861,-16.5125797407,36.4945639924,0.3715027002,0.6098734274,-5796.820842798,330.9653235265,-0.4616215047,11.5750988901,13989.7496341576,1.2936120872,0.3183548209,0.6917611506,0.0174336698,-926.4618560879,80.5886581425,12112.4369536751,0.197801328,-8476.5487017594,-0.5399623769,-30.3085820386,-13194.7716143921,-0.4101757582,400.5958923753,-1.5591819691,-1403.7224281566,-0.1088803818,11282.3858477601,16417.4974140523,5790.2785283464,14339.1554039756,-2.1629217129,0.7632026653,0.8197167206,-1813.6586490442,-7802.9248973749,-7290.3241591145,2789.9616800415,-2028.4832113476,3482.2956192505,-2768.107472101,-9003.7569915671,3379.6237230422,1320.3970669075,20851.6473415908,10171.313121411,-3136.6453749569,9953.792777387,244.2093641036,-1745.6168387801,19777.5769571977,-3.1222597553,-498.9769332459,6005.0001742087,-1552.2796989771,-854.192137241,7942.1769949639,-6291.4512005494,15031.8548594964,-55.1846995627,2927.4873237546,-14497.9495992116,-28.9562136949,-368.4887483586,4326.6527567105,3434.3886032015,-177.8130506631,32.8781830027,-7800.8029032703,-1963.8277171676,1152.7283980631,-16351.3524491268,-1.4786629357,-13776.0475174904,1.7404018268,1598.6118508168,-5869.7413426644,-5165.7040765426,0.9154165176,10112.7691861149,-33987.7420195116,-29401.378480496,-8240.3603152241,0.7825522343,-0.3623200468,-1.4053108166,-5869.0005041279,-6817.8693243774,-0.180227887,16390.2851416942,-15448.885167152,6354.118923484,24558.5593614154,-4049.9621591032,-4268.2826978939,-217.4280533586,1436.9424865847,0.5596935828,-0.344508008,-3.0600908156,26214.4899175668,-1636.213096653,-0.685662051,-1319.7173919043,-8360.6517155521,3900.6523638505,0.4983944921,-14110.2465547058,21570.1638556426,34698.0438304797,916.9495330804,12145.3987810098,5047.1552618,-1948.787860659,3375.4999752348,156.4308773152,711.1839335807,5875.1773199831,1.6754265425,4354.9941767819,138.8577392467,-4158.5660060139,-4677.7159970013,-3222.809955587,-11120.0477035476,8312.4926106114,16338.5561001738,947.2652186895,-1739.32686404,-2240.0316119377,-16103.1954897923,-1916.0294941255,2943.8373995753,-5178.6373843058,-1177.455843092,-332.9561767062,8563.09271967,-854.7737050319,8646.0017852853,-13759.5983156039,4505.0673250966,-6916.5406522558,927.4067952894,15707.2190086881,-6708.3732617793,-1318.0510846831,1.0548807064,2222.7565643341,-5597.5445482295,-3978.8950010474,-3486.9795119842,75.8913697033,827.1316118062,447.1463483775,-6370.6725481056,14.6190125437,-16252.2203283652,-1826.8588928976,0.1810115595,-442.4429929952,-11189.273423053,33.3398836536,10.1317924719,-0.893355075,0.528523295,6180.0335562681,0.2228998669,-55.6415982701,-0.3730934498,-0.1203481697,-4876.5371703501,34.5336260297,19479.2797238826,-5.6068235139,3611.9820166902,0.7987166052,-0.1907932027,770.7281661177,-0.6165352314,-0.4797227991,21.7383594433,-1023.1566899376,335.1919728945,0.2907230172,1483.7948917203,0.8625127717,-6424.1197829173,-0.617965217,4859.2883185513,-20726.7402556051,-12804.1292492037,-0.5786910134,2361.2382947377,-7212.796507087,0.6023064091,-65361.151529379,-1581.5553504628,164.1529283226,7865.1327882659,-13705.6797342248,11808.591120236,1029.9678828079,15774.2427602054,0.1978252419,-16007.1536811558,8920.6803124926,7148.0871958997,-4306.5152357427,-10803.8951286104,-3527.2928934391,9209.8873276254,-4493.6927628821,1102.3220008826,9654.2516144683,1149.3952621471,424.4221457149,2258.5686586606,-18791.9304869855,5767.7015670029,-8688.8123851483,-7534.1093272679,-2306.4557076936,7815.2787488071,3649.7589543751,5579.4510833228,-8905.6799888244,493.9029559365,9274.7431308862,-2218.9406129416,6035.1117252106,2466.5524166822,-3007.4337196711,1366.1589267732,6660.1331196836,-1883.9715540662,-3874.0044793352,-6566.690046815,0.6956813578,16953.0143930128,189.0102196851,2.8163178526,52.6901219746,-0.4524516164,18262.2180334049,-5493.8486474928,-0.6734475706,47.6040974307,-2274.4275790806,-0.8500305204,-28424.6623273077,-6561.2285058346,-22.0779766478,4826.9515588296,-0.11317314,-2199.9048333798,5182.9233201206,47.6740737418,5.4005429946,-0.8703568506,13442.7492420272,7121.9776378419,-0.2297738628,0.5038991955,-35311.3576872953,-41204.4916540497,5461.5131128192,5312.7629918334,-52.3627931316,0.1044147267,13.9118885364,3.9999227903,-222.5921905215,0.5667180014,-1016.7108864605,-4.1672249277,33231.1204963843,343.4324549176,502.4497023818,-0.3228502827,29241.4661960856,2193.8148676158,7980.8881822118,9085.8508517085,0.0899842345,-3.6990367765,-6132.3212943646,17047.3467622092,-1.4667172791,-0.1351692959,-403.701917303,8092.3022286328,0.3124570141,-1388.6903443787,-150.4126852072,1784.6053171525,-1500.0159660348,-14250.0718719409,2136.194488848,10.5531178857,19068.5399076842,-5610.9617257836,-0.729134801,-567.036717955,-1783.8972565,-7578.0319221319,-23.3336912843,3376.0191393827,3268.1803407907,11736.5225350266,16444.6138584199,2617.5682061229,23862.4510783278,9328.9110316094,7336.8922234851,1087.8055411417,6822.2887810725,7746.0916602383,2712.8238115525,-4347.6273548028,-1.5797116267,-5052.3220341249,-16682.415662715,1605.8981839991
##end
biasActivation=0,1,1
[BASIC:ACTIVATION]
"org.encog.engine.network.activation.ActivationLinear"
"org.encog.engine.network.activation.ActivationLOG"
"org.encog.engine.network.activation.ActivationLOG"
