encog,BasicNetwork,java,3.3.0,1,1425322709614
[BASIC]
[BASIC:PARAMS]
[BASIC:NETWORK]
beginTraining=0
connectionLimit=0
contextTargetOffset=0,41,0
contextTargetSize=0,17,0
endTraining=2
hasContext=t
inputCount=11
layerCounts=11,18,29
layerFeedCounts=11,17,11
layerContextCount=0,0,17
layerIndex=0,11,29
output=-0.2404952429,0.000147184,0.1344433182,-0.0203718621,0.0001013721,-0.033406499,0.1853309491,0.0227020986,0.8307613022,0.8983985643,0.1011715195,14.3711547087,13.7528177497,14.0217063155,-12.5117252869,14.6829854315,-13.878147979,-14.1408330068,12.9669301045,-12.960040417,-12.5151635545,13.1098861655,-12.5984579791,-13.7240890292,13.5955362405,-12.6293684258,14.1208732765,-12.080175438,1,1,0,0,0,0,0,0,0,0,0,1,1,-0.2404952429,0.000147184,0.1344433182,-0.0203718621,0.0001013721,-0.033406499,0.1853309491,0.0227020986,0.8307613022,0.8983985643,0.1011715195,14.3711547087,13.7528177497,14.0217063155,-12.5117252869,14.6829854315,-13.878147979
outputCount=11
weightIndex=0,198,691
weights=0.0059134804,-0.0013644962,0.0095783966,-0.0014711107,-0.024614788,0.0048317096,-0.0024113232,0.0105682648,-0.0101996685,0.0079569077,-0.0029507582,0.0268565851,0.0066551744,0.016887783,0.0104946916,-0.0179603851,-0.0094888523,0.2756109075,0.0000020998,0.0000026049,0.0000015926,-0.0000009021,0.00000018,-0.0000012847,-0.000000373,0.0000014878,-0.0000003383,-0.0000008676,-0.000000605,0.0000005611,0.0000011929,0.000000525,0.0000012545,0.0000006517,-0.0000007279,0.0000093662,0.016968196,0.0120319023,-0.0138724065,0.0082146839,-0.0067965747,-0.0113038598,-0.0091068155,-0.0006010578,-0.0122906181,-0.01347211,-0.0076435787,-0.0111564179,0.0191451616,-0.0278941588,0.0155614635,-0.0022514338,0.0024998799,0.3766149712,0.0093389299,0.0008395446,-0.0060755645,0.015337142,0.0159809741,-0.0032553006,-0.0089558026,0.0031328151,0.0070632749,-0.0090589022,-0.0133508829,0.0078350839,0.008056474,-0.0105480137,0.0134613555,0.014454396,0.0098966422,0.2551950415,0.0000013226,0.0000004259,-0.0000000512,0.0000009306,0.0000012796,0.0000011849,-0.0000009151,0.0000019977,-0.000000678,0.0000003206,0.0000008138,-0.0000005165,0.00000041,0.0000001537,-0.0000012293,0.0000001976,-0.0000003625,0.0000065749,-0.0029840403,0.0107129148,-0.0149907679,-0.0028376369,-0.0084466051,0.0117069783,-0.0098116977,-0.0135657645,0.0021735832,-0.0168369105,0.0191350152,0.0105345821,0.0039213196,-0.0030754117,-0.0001276687,-0.0030055419,-0.0065945654,0.1165986134,-0.0126168574,-0.0170108547,-0.0101192051,0.0171515139,0.0359594132,-0.00934598,0.0159139539,-0.0081381287,-0.0016135687,-0.0132630645,-0.0125574321,-0.0068262326,-0.0300777025,-0.0199611097,-0.017147672,0.011658015,0.0257484759,0.3101257482,-0.0220019884,-0.0201615735,0.0073855093,-0.0133796427,0.0099527266,0.0018754088,-0.0096369307,-0.0201502673,-0.0036540876,0.016835179,-0.0055892656,-0.0080745143,-0.0145606566,0.0138793462,0.0005894955,-0.0155303068,-0.0076412291,0.230915271,0.0204255071,0.0141348867,0.0056731381,-0.0017310258,-0.0082888501,0.0088195874,0.0050871752,0.017792109,-0.0018700893,0.0019697452,0.0032401788,-0.0063318729,0.0049213006,0.0081990285,-0.0007607786,0.0019683752,-0.002584927,0.0925614474,-0.0018913305,0.0065186339,0.0067724434,-0.0215575254,-0.0284188767,-0.0000463904,0.0045436924,-0.0002884232,0.0090405595,0.0168228726,0.0065486414,-0.0103287393,0.0051501728,0.034409731,-0.004280928,0.0170852529,-0.0181000123,0.1564843728,-0.0067947679,-0.002357282,0.0144089286,0.0160264015,0.0188583312,-0.0143364641,0.0122921812,0.0292500944,-0.0031980923,0.004624292,-0.0097084731,-0.0021995626,-0.0004619861,-0.0196087617,-0.0000971844,-0.0148495578,0.0150481762,0.3148866879,-207692.3080290924,0.2480501816,-156866.4759151238,-223956.9614791094,-0.0800765054,-247470.3536602838,350795.2608526711,145258.5381855365,327481.3146835645,-12706.9388341521,-257768.4364958208,653.4051620434,9634.4076460333,-4052.3853732759,-59814.967260942,84209.699218858,-37049.151566267,82881.7736133785,40119.6810386747,-81629.4252497962,67920.0854384305,31160.4215372563,29629.425152584,-66133.3626868936,-35005.9660567592,-2422.7114119416,-30448.3119540199,-22093.4033316993,1742.2613355523,-348349.7143164463,-0.2732193121,-463798.8674003283,-441347.8563338795,-0.4401651712,200693.7363600238,47136.5534425545,-151949.2203461799,1116039.241924507,286007.809612146,202484.8732222258,12860.6805412452,-45239.8771387803,-15958.6482636454,8162.2399648664,-69514.8571766329,-8217.0670357869,21068.371028545,31206.6937186401,-79574.4754149836,66938.468676654,74606.9832144245,-2309.0122098783,71498.7710447989,-68650.1362492854,-31934.0701800214,-12247.4299189098,2055.0871865822,43333.6764659567,-49570.8433396694,-0.0160995396,67557.8290930705,772248.5484494229,0.1294746496,-24325.6161657509,-441352.7107626245,167668.6730059969,14398.3490161293,255892.4036652764,-295012.9798840526,-11214.8307771533,-26104.2273848615,-59021.6619017276,85125.0417680842,49276.9531481696,961.8479921705,131736.2938883153,24074.8695376988,-211029.6246171361,-51998.2188443868,-111547.1874289356,106526.7486359065,-61968.4188939953,-4732.3046663589,-62572.5895045201,-17572.9419265104,31730.1607420473,-2506.2001789387,-361761.521004308,-0.6959828327,148564.5879794403,285377.0685000058,0.1813111412,165515.8458546109,-53986.3647828321,-99739.4977770253,276426.8408932597,-27870.0768548342,-5877.3144128032,13259.301856022,-3999.7357286529,13440.2712412192,82405.2586943734,-207379.9896524399,4722.1222248756,57087.3730775184,-115200.1248636966,-225316.3400528497,-94018.410444354,-100756.9777699318,29559.4439463672,20704.0387329872,-1341.7253934618,22403.1264558934,-68092.9883997544,-8602.9152332886,-17367.962219259,429810.765689327,0.9778395141,539367.6416992048,-463741.7915456236,-0.786692476,-50578.0998446458,125657.0829881093,-166891.9683479412,-523595.9427124215,3683.3181881818,70547.5969609378,3044.1368491695,-8037.7885318581,25158.341106928,-110284.3020564496,117408.7355130517,-34737.8084836469,-259155.5686358371,104624.1442071339,-50209.8367836942,14212.4006035853,-57355.3803431376,109859.6327773071,-453.030748248,-29744.8026334874,-25499.7104738908,6809.2369745424,-35453.5866187456,39535.2316360354,25480.3741574177,0.0061370676,90405.2844240722,12487.2488731397,-0.6693143748,-8452.1194446424,383187.2111331766,-44247.8096065583,-407596.138774693,-103068.2456118021,85791.7842334097,10772.9499675274,33825.6513884385,6095.5642362959,-78358.1992663964,-55925.6967452064,44750.9348579186,-201866.47827132,-64266.0542990198,35665.8770959004,1360.9952422791,59244.0913720894,139606.6276539933,29176.9805025444,-27612.2989845826,4142.16270225,8120.4373188499,58979.2394720712,-21780.2264117975,-788814.8791868822,0.9303621495,-237450.0786864437,869720.4224936512,0.7473160503,-40600.2407994578,-227812.5202920208,-228031.7233407022,1146038.182862792,165037.596442481,6163.5334928373,4539.6910942786,-72818.4105414768,-46477.837354533,162678.8687112614,-31928.2936848154,-8043.890461659,257320.0565322142,14613.9290950242,-10329.7227408157,-55516.0017789926,-64070.6578234467,-59471.0439206664,4209.6171368632,-4608.9520384226,29028.5955859028,20129.6583422246,-9379.7323640045,1824.0167824193,-394271.5708966776,-0.7214218822,230223.0371421621,816034.0335664343,0.0098710741,-567030.2164863532,449348.1960868671,-139941.1537224939,-46663.4710307874,-49948.7264641142,136265.718484318,31253.9839410218,-3171.3160423273,21373.4358942708,-43961.932609222,-34886.2382803695,11328.0704796938,-232865.1464173685,-17833.9030653994,203788.7613918842,-29205.8991633713,160073.6663982549,-23549.6140295692,-529.0857465338,-26379.9973052143,-7832.0922502155,26637.6331722913,-6476.4154753623,25277.5376478106,502625.9379356982,-0.7415073871,290.1081771466,-277128.9799082461,-0.0944760675,316655.4840713028,-74410.878162763,263339.6050751162,-429179.347219854,-93696.9610244847,-264368.2690083858,25409.696519382,3753.7557219291,15116.369734345,-22923.0386116861,68378.3094081244,-71019.7888893759,42293.4764121243,27954.7233542865,-34659.6376930549,-90089.6481629752,9759.8351413206,-6857.5991050308,36874.9677729212,-2179.4934274965,-7315.7345602045,-52638.0401953366,22631.0083313873,-42597.834908312,-157569.3955535614,0.5978573421,437737.3541240798,680894.4756137981,0.9067508251,-526011.2695176583,60146.8089407553,360438.5487832034,-23860.8368650462,-80449.1575761351,-397981.4283937278,-17627.7104333883,-11258.9210168529,-26148.9447570234,73962.7215292245,58473.7148088346,2669.2363410325,122926.4554487495,-33515.1133397859,-97863.2879723919,10094.2794033174,7277.504432875,-76473.0690561488,-4607.828741632,-16933.4858873576,24368.2568117388,-23230.3430885887,17955.6816283474,30229.0684570823,-153265.2717499936,0.6442353491,520912.461099155,45275.6628926396,-0.5262710488,-174942.4210000451,-177794.6564690627,-370526.5753821407,170517.9223459154,81256.2304331039,146418.4876883131,30165.3277380435,-53547.6057459771,4029.9052211955,74947.3365833788,-61436.5904629134,-13902.0387489394,-176379.1960882923,-540.5189581885,-11238.2623356454,118221.9110505099,24032.2794686364,44599.4291769881,28702.2129685009,7365.0988486222,-706.8547979123,-4015.7946569721,6605.8657380977,72606.4730241711,302900.5917865685,0.3843552756,505296.5502321258,576612.1577385948,0.6416915824,-631532.5928476679,29000.177182028,-334567.7484654429,-156306.7579480291,-83476.7184165631,-237560.1816026744,13170.4482909547,-230458.1153619961,-2120.807409342,81783.9792620579,60555.1826409663,-22684.7503035979,138376.5328011244,3908.5322683239,192053.1563523564,92898.6213657424,55408.3540328023,-158865.310571483,-1208.5163347493,-6882.2649133686,2098.9467160824,2315.1985195021,-187.8992786755,-8022.5247312437,-207070.1576795856,-0.3199153178,-179923.9642356332,898893.5519193582,0.3739376754,-120573.8694110672,-374317.4428200069,-3367.3660573193,247896.9891289459,188096.929257708,-100466.7302710444,-28546.127293542,-129204.1386240784,-13489.2758639895,95416.386215168,38287.2999131505,-37637.075569857,225416.8690532351,152256.3810650444,-20964.2851072256,54144.0073076881,-8412.5013585975,-6452.203015315,-10265.3043755862,29254.0867640977,13342.9980795899,18535.5778971062,-16169.4299256539,-1936.8001304579,510765.5379340726,0.5254304641,-523116.923339837,-700003.3576576476,0.2199077744,289354.1692730131,485778.2092662149,-33448.6106793003,-398607.13096394,1784.6575776762,14122.2532496195,4992.0589772174,-32373.0736371993,-1771.8235163486,85776.2579945655,9974.6232574165,-23474.1411045524,43165.4617693858,-41230.1385404896,-30536.8734564467,20695.5292030448,-82070.4755724311,-31461.9654985733,-4683.0269576726,27091.0657510412,9803.2780832713,-3181.8934173635,-33295.4851065303,20214.093520669,-178405.4040994445,0.8584890729,-15493.0562336397,-435967.5933838717,0.5347066466,532212.0135421504,-236424.7991998162,159359.1772423282,609085.9728578089,-153573.5664129967,-212688.4445790413,11540.8731583583,74336.5736686452,-35470.3827716919,-106011.2990803472,85278.7352567269,-29222.8823506984,-101552.9998206816,140203.3501429195,-38542.9959581065,-79042.2494600095,-33927.3415696662,54317.0570065732,6750.0865041093,-2349.3053617927,-8606.6584364365,4963.6899720986,8829.3158198819,4261.2834767769,463636.9188732642,-0.2972845634,-224565.5961078951,-683784.8325558312,-0.7334642868,407157.6557829006,107866.2978766164,-426675.4773225876,-176732.8420077656,88568.5520689948,342162.4272391308,30742.5271527721,18855.2235414001,-4941.2612522038,-6638.9455952312,-98898.3973324828,-5389.8012604061,153632.0458431858,-10871.6681239689,46441.5673671626,7895.4537844814,50463.0364988754,-86488.8580686769,-9797.3789082083,-12017.4655653134,1172.8273840588,21650.3912094362,-10080.1637330056,27603.9182221847,63355.4627543494,0.5596141474,-151375.084736056,-227580.6088618455,0.4892107498,-422458.3350074919,158621.1537811726,-180999.3060387142,630797.0549644055,36702.4390682496,66178.304063266,30868.4209775445,2033.8057003966,-5846.5925817933,76813.4041505763,33458.7847323165,34329.7571850896,74273.3855612527,-18271.3370861361,-39246.2872475768,91693.2754617119,-120055.7007302695,156714.9792800583,20837.3133187993,8566.5162764808,-8076.4822537062,2472.6506202317,3002.5096839718,-4510.9051572148
biasActivation=0,1,1
[BASIC:ACTIVATION]
"org.encog.engine.network.activation.ActivationLinear"
"org.encog.engine.network.activation.ActivationLOG"
"org.encog.engine.network.activation.ActivationLOG"
