encog,BasicNetwork,java,3.3.0,1,1425320143216
[BASIC]
[BASIC:PARAMS]
[BASIC:NETWORK]
beginTraining=0
connectionLimit=0
contextTargetOffset=0,38,0
contextTargetSize=0,14,0
endTraining=2
hasContext=t
inputCount=11
layerCounts=11,15,26
layerFeedCounts=11,14,11
layerContextCount=0,0,14
layerIndex=0,11,26
output=0.3009538654,-0.0000160162,0.0933825065,0.5932945308,-0.0000942226,-0.0571091088,-0.2374977311,-0.7629298925,1.870711822,0.8289022879,-0.150932854,12.5599059572,-9.9243388333,-13.4303383956,12.4634075747,12.7892479105,-11.9618850971,-11.1569481526,-10.2457815355,-11.5022557057,12.8938481995,13.0730210853,-12.1877608448,11.6728242643,-11.9209831923,1,1,0,0,0,0,0,0,0,0,0,1,1,0.3009538654,-0.0000160162,0.0933825065,0.5932945308,-0.0000942226,-0.0571091088,-0.2374977311,-0.7629298925,1.870711822,0.8289022879,-0.150932854,12.5599059572,-9.9243388333,-13.4303383956
outputCount=11
weightIndex=0,165,529
weights=0.0011070271,-0.0387106294,0.008956172,-0.0105165619,-0.0031070317,0.0151896178,0.007162256,-0.0041654686,-0.0420064912,-0.0151249911,-0.0063370617,-0.0136169916,-0.0048233011,0.0199508692,0.3357617866,-0.0000011619,0.0000017762,0.0000005365,-0.0000003043,0.0000021816,0.0000002123,-0.0000013581,0.0000000148,0.0000025339,0.0000002814,0.0000001049,-0.0000007668,0.0000006969,0.0000003315,-0.0000025404,0.0055212233,-0.0075831991,-0.0007865473,-0.016926177,0.0012003178,-0.002714042,0.0227272997,-0.0027091872,-0.0088590688,0.0014201439,0.0055919672,0.0142322736,-0.0024255037,-0.0106088195,0.2091559822,0.0229169923,0.0055563379,0.0129830352,-0.001349931,0.0128774986,-0.0064305218,-0.0040001004,-0.0111692252,-0.0038812363,-0.0106311662,-0.0070714493,-0.0200045916,0.0111065497,0.0206659095,0.2088933569,-0.000001694,0.0000023877,-0.0000009404,-0.0000004643,-0.0000012759,0.0000000984,-0.0000028304,0.00000334,-0.0000016624,-0.0000003688,0.000000619,0.0000016273,-0.0000022195,0.00000069,-0.0000044502,-0.0185377673,0.0147395874,0.0002206463,0.0026981053,0.0021660371,-0.0080730709,0.0073958478,-0.0116275931,-0.0018537769,0.0026995778,0.0042529293,0.0163851588,0.0063567805,-0.007228797,0.0580433624,-0.0102778444,0.0990663511,-0.0232722157,0.0301118268,0.0002274645,-0.0124256911,-0.0373098864,-0.0100759327,0.0569302508,-0.0115590117,-0.0213238928,-0.0239424158,0.0005811042,0.0018534884,0.3220072813,-0.055594688,0.0315003617,-0.0090664188,0.0335072451,-0.0198820279,0.0404995049,0.0079851965,0.0212463688,0.0107243366,0.0175873429,0.007225319,-0.0170111873,-0.0143049761,-0.0194206638,0.2843441519,0.0414265097,-0.0803574038,0.0101838893,-0.0147671179,0.0019193306,-0.0204570047,0.0051625589,-0.007212389,-0.0384660446,0.0033379582,-0.0036081788,0.0202784124,0.0203528261,-0.0063705885,0.083491236,-0.0075152901,-0.0597529776,0.0057143529,-0.012487424,0.0021100477,0.0146001201,0.0168988233,0.0057588194,-0.0327193401,0.0079000782,0.0094412297,0.0120766899,0.0186753727,0.0036102302,0.3284652532,0.0339368161,0.0188778459,-0.0117385594,-0.0196308105,-0.0091887031,-0.02264353,-0.0053879278,-0.0020912441,0.0447086137,-0.0061358994,-0.0075252624,-0.0065229332,-0.0169554117,-0.0010285685,0.260205291,52435.1605491337,-0.0177969356,-37378.6980484336,58139.4294905012,-0.3225273456,71487.2396235377,98565.9880738603,-142314.7643025602,-96550.9861080527,62258.6436247573,-34584.7561705947,994.6956945794,27752.1255609524,-113958.425793254,-29133.8224638907,-150929.5103771233,110538.2218281368,-73801.1419347808,9833.349626141,82639.2258731218,-43443.305856163,-11037.0679954794,-7172.310286246,-21373.8687269149,-11009.9212158024,-9146.8475808177,59052.7187881297,0.6904898769,177725.7943641234,-45174.1225639778,-0.4483624514,-338554.7047868041,127009.9801192322,-236881.25807607,40320.03373971,92238.750160872,-93856.2135470308,10178.2223810203,-18346.5481897003,-81087.4336736975,-11417.3117649414,-48262.2328528355,-47891.0770601128,11904.2848743721,-29220.6798914918,64920.6101794894,-15345.8149173759,-15719.996200548,-23995.6903110339,7841.9125412218,-25090.972329682,-9509.5068767744,102195.4454879372,0.5640028361,-89593.1942678989,4258.3645560796,0.3083857926,-288578.4053664516,77316.496492681,-77424.0819753758,31946.9145263756,200703.0237834939,-219071.5810921053,-4943.6974646574,-51523.9280149712,73371.8267596307,64072.0203416682,54025.2606721312,-161283.699741111,-580.0018444565,57702.0352460281,13469.0360507171,25046.0117761818,10864.6186165615,-18839.7977728793,-1386.1422724067,16351.5422342387,-25427.3364886963,138069.6229473767,-0.6611530554,156520.8963680894,-65873.4895803886,0.4773788455,-9137.3157788695,125524.2694777715,-82501.5500733416,-363425.8211346128,-45676.6676604445,-43640.5801222913,-24.3085265432,4860.0818488998,-26056.2089381453,-3420.4276752073,-26742.2433594366,-24504.9449588949,625.1373947189,-46980.665669487,-10128.0842807431,-82111.897385134,-24331.5666437231,36632.1237307942,-10693.840799513,-3253.7005324865,-995.9456769033,190243.1970509802,-0.638433023,59216.0172661883,-129121.6973310158,-0.4911726408,-228382.4512005532,114139.8714017955,-139373.9224733743,89994.232013657,130620.753292602,-197955.8352661955,-46.2911753406,7250.8900164998,53537.2134241286,-52800.1524327534,8925.862734956,-152969.5635462141,43758.947867641,-34540.536357523,17402.7942516912,37378.1075525998,11924.7849768244,-46640.6668788986,4615.1224132324,-5430.1323810576,27973.461842758,162506.8800545664,-0.0054541754,-5499.5965705986,-288573.5130628092,-0.7481587227,144132.8522255118,51558.4401907004,47056.1846930556,-327454.7615648118,-38934.8942024526,81235.2522229103,-12546.580310444,-39369.2065650192,-26173.5127248367,59099.5217316075,-36913.6856433309,23488.4540548341,3951.6151343072,-46162.1970702095,-36485.7244726535,-47090.134431299,-34314.1102729526,18940.2815876444,3405.1136565049,3836.5878752099,-19245.215241093,37855.0930574743,-0.4431923574,-59486.4885504892,24979.0294379069,-0.4327402085,108381.0438299198,-79961.6444613804,-57943.1154126113,123474.7650095724,17450.4893981188,-81584.9036760996,-4523.2800087962,-13248.3630480505,7492.1624775711,27415.5178903829,-107631.9702806821,-44360.6006654345,8314.0093538761,4180.1615505457,-27084.2831905361,123654.5296292941,-8187.1336996934,-22897.3243160427,-9362.502962533,3609.7875943101,-5690.052411148,26642.4202005601,0.1252230026,-56975.8290020203,-144156.7178981523,-0.3370894031,14875.9914209912,-8923.7935356945,76108.1279411432,26580.5978202251,35874.1274290612,-68114.4502509165,-6497.3248344116,-29661.5665823969,91192.2554693501,32614.2933567291,45917.4085063304,-61412.3822512321,32969.8119997967,64637.7417924535,37088.3900019795,19955.2401665829,-35653.1463545643,-3532.5977056103,-22383.0695409691,14918.6463166638,-3291.183767911,30798.7224313442,-0.0087113962,265974.5791952074,141892.4379560484,0.477770192,-275902.0428316185,-30061.0940527856,6686.0243279655,-21715.4470189707,-152784.250436863,-19050.7192316515,6574.8064147071,13437.6130774794,-40264.4176103538,13363.0177573247,45838.7168717642,147793.6366428794,85072.4160281211,-2879.2368928006,-55497.8024852038,30240.4822153663,2450.718721934,-33528.2088584759,-4515.8117019945,13679.5118132708,-2036.57936115,26356.8740552458,-0.3422173891,-131745.9112169138,-221853.3275556643,-0.7569847568,399570.9233132936,-50359.913641516,96974.223807665,177784.2514828547,-100506.658559552,80285.7243473219,1557.0245790851,59294.9485089787,68482.9807207217,-13268.9968102917,3115.1312775904,17849.1207867954,-413.600387396,44689.481447651,27767.2361439586,-56206.0352038444,-10928.6775926606,20609.3604647337,452.5752196039,-8775.436559931,10537.6623585964,24417.813024081,-0.405071956,-49141.3122903501,-7045.9767540638,0.2079298197,-129632.9978421201,-79815.182428956,-204578.2955201946,-60218.4350129812,207344.1864233895,224607.1316858753,-5318.8588821124,-66161.9629373754,-94390.1612190138,2483.4890644183,12489.1862195466,52793.4635034514,-20282.5703507352,58459.5764367499,-788.2605410028,4586.0451242955,11717.0319322278,28193.5458032342,1293.1375801203,-181.7225785082,21639.0404916801,-60358.476618946,-0.5207526716,-91049.7134221137,-73889.1887771312,-0.5868150269,94661.716628937,-5214.5189019245,-68952.493055764,164757.7837700072,-18910.9648510125,177553.4270122544,9073.5975348274,45190.8454607324,-38285.7346111466,-3479.7850396123,44244.411747343,63518.0936632849,-17609.5751838728,-427.0319148367,42236.56784599,-16839.8235914981,11219.4520943517,-6189.8909634279,-2591.225105435,12314.8196355079,-19482.0494262025,93666.106326796,-0.5027385615,-38672.988042054,-130985.221475555,0.4775046505,48804.060524956,95789.3668411551,-35996.2861670748,-96639.9139553919,13322.2600851804,11222.7125005698,-5634.1228452859,24525.3127226026,-5608.6804900709,-15004.1531348322,-27178.9358543982,-8836.9819324239,-8912.2067854103,-22435.3100599531,7672.9728038721,-61772.2400973761,-9070.3106230628,29842.8660872748,179.1903140314,2170.7749935184,1079.4639360025,174813.4090020334,-0.4578790724,178847.0426208774,-48151.2774272176,0.6530912497,-183962.4511883649,-52309.022568999,-178837.5124607972,-82744.5762669066,70867.0242867799,-111876.6186024032,17804.6197314659,5960.7078209305,-94804.0594743924,-14725.1823750793,-59584.5465499602,17829.0480943436,-13977.641154415,-8207.7749249261,2458.2145714898,17529.6280432419,-17328.3304581702,12262.1079124899,-9090.5153571237,17436.3991660731,-11432.7222697391
biasActivation=0,1,1
[BASIC:ACTIVATION]
"org.encog.engine.network.activation.ActivationLinear"
"org.encog.engine.network.activation.ActivationLOG"
"org.encog.engine.network.activation.ActivationLOG"
