encog,BasicNetwork,java,3.3.0,1,1425322785305
[BASIC]
[BASIC:PARAMS]
[BASIC:NETWORK]
beginTraining=0
connectionLimit=0
contextTargetOffset=0,38,0
contextTargetSize=0,14,0
endTraining=2
hasContext=t
inputCount=11
layerCounts=11,15,26
layerFeedCounts=11,14,11
layerContextCount=0,0,14
layerIndex=0,11,26
output=-0.6937805997,-0.0001049404,-0.108952639,-0.3384307692,0.0000363766,0.3321617152,0.64354119,0.4303059418,1.2967418583,0.7240987924,-0.276638718,11.3407979023,-13.3357306933,-13.963484252,9.6583671226,-12.8725188959,-13.0843192458,-13.3875332685,-11.4223564304,12.5248944179,12.8052844519,12.5971848403,-9.8878826282,13.3161380872,-13.5109460742,1,1,0,0,0,0,0,0,0,0,0,1,1,-0.6937805997,-0.0001049404,-0.108952639,-0.3384307692,0.0000363766,0.3321617152,0.64354119,0.4303059418,1.2967418583,0.7240987924,-0.276638718,11.3407979023,-13.3357306933,-13.963484252
outputCount=11
weightIndex=0,165,529
weights=-0.0196502607,0.0032571685,-0.0044943579,-0.0326939686,0.0238031657,-0.008996248,0.0362578262,0.0049143927,0.021093294,0.0036277262,-0.0059732076,-0.0005487088,-0.0131744014,0.0049232663,0.5568777535,-0.0000022389,0.00000203,0.0000007446,-0.0000018074,0.0000007092,-0.0000014397,0.0000024553,0.000000326,-0.0000003827,0.0000016856,0.0000016132,-0.0000012302,-0.0000004478,0.0000024853,-0.0000074732,-0.0028008428,0.0021949401,-0.000994622,0.0011641397,-0.0042944491,0.0047258896,0.0038866557,0.0060248538,-0.0033919272,-0.0046399945,-0.0273488296,-0.0037703039,0.0071495114,-0.0007105978,0.3586888259,-0.0254747062,0.004956364,0.0016046415,0.0120136889,-0.0022946902,-0.0081220424,0.0150380418,0.010960777,0.0063925144,0.0096247789,0.0163181834,0.010533552,-0.0150644128,0.002774139,0.0470123734,0.0000028726,-0.0000020415,0.0000007235,-0.0000006361,-0.000002483,-0.0000000737,0.000001463,0.0000036057,0.0000021777,-0.0000013972,-0.0000008571,-0.0000006259,0.0000001919,0.0000001939,0.0000159543,-0.0068759185,0.0470608494,0.0273103413,0.0147959685,-0.0357009563,0.0010331093,-0.0162695648,-0.0248397608,0.0118746956,0.0001898707,0.0009382221,-0.0041324931,0.0310214979,0.0058477281,-0.2093275175,-0.0033728477,-0.0282568271,0.0084994993,0.0128532202,-0.0048881504,0.0294512379,-0.0280910567,0.0118757349,-0.0174381046,-0.001448352,0.0399548242,0.0103848872,-0.0042416524,-0.0073376352,0.175180809,-0.0106557152,0.0100305751,-0.0004201514,-0.0130640001,0.0200212557,-0.0090391798,-0.0207049192,-0.0087915318,-0.0009666837,-0.0144116183,-0.0235459644,-0.0207184173,0.0048185836,-0.0203387966,0.5165128676,0.0388128411,-0.0022729573,0.0075843822,0.0044572921,-0.0271257944,-0.0192921065,-0.0106944984,-0.0227706225,0.000476268,0.0045730485,0.0069357404,0.0117448147,0.02200884,0.0175386616,-0.2076252284,0.019746374,0.0336466079,0.0067998468,0.0009672676,-0.0132891499,-0.0225968803,0.0061228803,-0.0056201707,0.0121683357,0.0117088211,-0.0195823894,0.0018795611,0.0075342111,-0.0090496746,0.3258433204,0.0052398162,-0.0721585446,-0.0306813603,-0.0074352996,0.0527118353,0.0302271839,0.0187796593,0.0287319357,-0.0144168943,-0.0139856437,0.0094751894,-0.0120792601,-0.0281494956,0.0063888813,0.5807043821,-129177.3949924242,-0.0992148599,20635.274358677,496239.6651571525,0.2282297054,460794.2278928152,-42300.5944079808,56444.718830228,177983.6590945945,-522969.9698405802,175273.3705972409,48631.7304805811,-149384.880241521,18012.0491390837,-6928.2879635869,-199376.9326576223,3160.2404879234,-289157.4876236385,31484.9356305911,100570.2595595972,26825.590602054,-80141.1148789526,113442.3590252222,-36636.9302839328,-7912.7536353656,37325.428787945,-133875.0517000218,0.5710883497,269891.0012044609,505359.7859111891,0.0585375341,-328345.0691830884,114398.3826620177,255132.8780908294,-267216.9197439015,-401300.1483599052,7217.371299037,62986.8752378273,51072.2730518518,-115730.4249471792,-4611.9222908644,35615.2621556488,-12073.4995105756,125866.8448360944,17172.3666828384,-10475.0895801028,-36291.6635467996,116421.5106558365,-113008.0095303728,-1253.160811133,-50408.190271742,19301.3146449426,229627.7640798683,-0.9888572771,-466678.1300894816,-436784.6665178616,-0.4521864571,455856.2537668024,104433.4035072593,613133.1032677563,-758909.553354197,83620.8846908342,-186907.6111078053,-58019.4236010579,-181304.0525476014,-32993.455747423,-103992.1925682227,43705.1825185227,13018.4606888943,-60114.1481752584,94976.5365374818,-252148.504537907,-128955.5417662124,4651.6895858867,73711.1337887977,12309.0450469897,-18253.4415862088,-74174.3610737198,301105.5500671219,-0.7710040381,48568.0255178986,-563621.8943930888,-0.4596088491,-120578.5352073921,346297.0817227131,-209260.1289574526,533989.3800144171,-17299.672798321,-309501.7162616346,25036.7326791273,200657.2537649454,39496.3466116924,19985.4940621551,50564.9935865107,3181.0463067589,-49186.4328417338,-31910.5074578584,-13423.1011399453,143398.1129793873,21426.2870037453,-42920.2832537897,-24576.6148240934,7882.8523171643,3817.4880874421,-22113.4348330132,0.6751587538,-536842.1543029697,250345.0794335085,-0.8684764844,677847.6755455432,116400.4329632215,165634.1242659085,55158.8592030832,-243065.1715880795,-79146.9585647492,6909.035747797,51421.4914803796,28818.8627049274,-33449.10236675,-8635.5616371385,59014.01063653,-55623.2979065044,82688.5638660097,33157.4946702658,-263145.0336465164,-22237.2751523559,26750.4571492931,-21846.1029381156,-23644.6089436898,13147.9427913136,-18808.5306101063,0.2016389882,579243.8841315025,948435.6359267806,-0.2086923217,-188325.4564049721,-354116.4139039053,60503.8315706328,448501.9787053747,-701134.1223891012,-141755.672030177,6678.5164452842,61659.4667538216,12482.5427088092,-20725.2054867908,-83465.7227990228,4712.2776171423,-76784.9847898069,-18630.9680881922,46078.9221532927,63379.9547376914,-24031.0226631267,-91179.295662383,23289.5124114478,-17703.5773044212,-26500.7692130145,82202.1233827755,-0.3755261142,76555.3741753766,1155305.2182189499,0.2874678943,-294202.9474425602,-395325.9059129674,-402848.8606395982,331743.8092360933,250998.5491100681,-87095.2050294524,16253.6217142839,-71023.6802212498,-47081.624276566,4171.1441376631,-100693.7580948962,-2524.7323380689,-192962.6250043455,14344.9374769138,87773.9369072636,159041.6245257008,103338.0266942223,-101224.2962656611,-2281.9987171803,-24158.9434121112,-12682.1427595587,375014.4665475202,0.707408567,-44908.2561684654,-516270.9749629514,0.7416213155,380104.3399785273,-230136.4680961105,207281.3369346545,464652.1096573198,-117194.8272469027,-482498.9931121519,-3151.6024970025,25476.7794981422,-82316.3669033732,-17803.1486613717,158760.4719590289,41810.4711329264,62801.294985484,153581.6130043227,-48326.1843357648,-21628.0247122836,-33581.6050865618,44319.1274644967,-20506.0191270878,699.0787587404,13309.4540522672,386306.7451711898,-0.3793129941,407727.1609665413,-290174.5578282694,-0.6808918417,2403.9200178497,-372671.4920487081,310072.1235926934,187364.1910603641,-31714.5804871968,-286066.9705287407,-23215.0005410185,-173683.5951373764,-41708.0253884016,-9397.4839907218,-36276.5621651299,66490.1338866879,89775.5435659248,79345.140482235,-39149.5395822672,163838.253528758,-48242.0753739616,7217.547518558,-19570.0991126954,-19033.3294494253,66709.4249989863,178732.8802965326,0.7160606308,-199037.2072024464,-642397.1449062201,0.2119121851,321408.7201770461,-508009.4751525193,-147347.1066908848,418663.278067844,322862.0785551023,279768.6842809249,8137.7282906542,56466.738140079,5338.1317163546,-21691.3491821302,115100.2310761572,-40207.3727970491,-1621.8708702339,85645.6523672249,7054.9907252253,-169209.4948500578,95617.143241266,135443.6613453943,5324.6858105874,-14981.3317978542,-15695.4259066158,435718.4508122717,0.6657694373,538541.9235914842,-350143.1130153708,-0.9604817885,-467799.333292737,757805.0967103068,-114863.4681600622,-830094.4374440153,-143718.0776560574,-347003.3515530656,-22997.8335530967,41061.6645122472,-10982.7918593815,108199.0223741798,-15535.0895456853,5911.3429304983,12277.2035840741,-124926.5597194588,-25639.0495977523,61566.8624076427,103329.8338373313,-11881.7706101086,-18011.8989915813,15445.7284512869,18798.5094718126,142570.6981306698,0.8566679465,651170.4492770591,437370.4091239495,0.6073624816,-574557.0556722712,220841.3929514634,-203190.8855043459,-93300.7237081082,-386362.0201755928,-180141.4986033465,-5457.0303483986,-14741.9776501725,4987.22713522,3319.1013403541,-60008.8900392508,-15526.9441246537,-31475.7995055132,34593.5884208038,112654.9506284185,63173.6261496029,-25817.0160508662,-220428.6747785849,25483.9511372614,-13872.8463006557,9816.6540582013,83645.3863117067,-0.9635296116,-245975.3665247571,-1023968.2793017236,-0.1342261316,-111075.0081865356,347078.4507088743,-345295.4493328779,257404.0433616698,498227.0283565315,13910.0619545217,-17033.1249496535,53980.5641073665,14596.2464521784,-9441.9477198222,159696.7702300563,-30754.3557863382,27069.7066542431,97954.7178068705,-27791.0825607599,87920.6599441984,78437.3841288757,-170110.297022129,32846.8807363145,-33386.1110519576,49634.1764479002,-362599.735202417,-0.0510310475,189061.7621224525,526351.1397245583,-0.2636069195,-743833.3127031799,76979.4285796941,-113462.5977038069,803954.0520344861,196088.01203007,-288827.8662346486,6237.8140566846,-45263.6024020033,20658.4494252685,-44584.2959515243,75414.1130488076,-68832.8342048261,-115694.4362953962,32261.1357118508,53143.5154803038,209678.3634957926,159730.5151964191,-56227.3783425934,-7658.0207636346,2742.5964132664,2751.8518134512
biasActivation=0,1,1
[BASIC:ACTIVATION]
"org.encog.engine.network.activation.ActivationLinear"
"org.encog.engine.network.activation.ActivationLOG"
"org.encog.engine.network.activation.ActivationLOG"
