encog,BasicNetwork,java,3.3.0,1,1425320165640
[BASIC]
[BASIC:PARAMS]
[BASIC:NETWORK]
beginTraining=0
connectionLimit=0
contextTargetOffset=0,135,0
contextTargetSize=0,33,0
endTraining=2
hasContext=t
inputCount=50
layerCounts=50,34,84
layerFeedCounts=50,33,50
layerContextCount=0,0,33
layerIndex=0,50,84
output=-0.1165950188,-0.0507607378,0.0276975641,0.0597645687,0.5298466086,-0.0484106949,0.1313717066,0.3506172774,0.0996233875,-0.0762368124,0.0001262339,0.0613002865,0.3966040487,0.0771524323,0.1729584195,0.000078275,-0.247470175,-0.1196986904,0.0180097654,0.1954911623,-0.0574662668,0.232325018,0.1489865049,0.4119159911,0.5401124243,-0.0294463099,-0.0224370226,0.4231837795,0.2822666286,0.417651727,0.1788835315,-0.0124044919,0.0425485001,0.1822646494,0.0000872574,-0.1464323584,0.3122955543,0.0627734049,-0.0099686889,-0.0127064237,0.0346750659,-0.0350358262,0.1013202596,0.0307146269,0.0526450554,-0.0814969056,0.4798177958,0.2447249924,0.3735231065,-0.2160567449,9.3124230077,-9.8572953725,9.0013686251,-10.2172370067,8.6311621186,-9.86773249,10.4172363551,8.0958163443,9.3275322431,-8.0406452,-8.587760405,9.5545094743,7.5355443896,-7.9417155368,9.3475648802,10.3088105788,-8.2873167582,-10.9923768915,5.4142306052,-10.0438475094,8.4374260188,8.8685707727,-10.4454330027,-9.4272607263,8.9563619522,-10.5608928976,-9.9161528354,9.5734209221,-10.0127580978,9.5434841926,10.2818233547,-10.6346379043,-9.4762118635,1,0,0,1,0,0,0,0,0,0,0,0,0,0,0,0,0,0,0,0,0,0,0,0,0,1,0,0,1,0,0,0,0,0,1,0,0,0,0,0,0,0,0,0,0,0,0,0,0,0,1,1,-0.1165950188,-0.0507607378,0.0276975641,0.0597645687,0.5298466086,-0.0484106949,0.1313717066,0.3506172774,0.0996233875,-0.0762368124,0.0001262339,0.0613002865,0.3966040487,0.0771524323,0.1729584195,0.000078275,-0.247470175,-0.1196986904,0.0180097654,0.1954911623,-0.0574662668,0.232325018,0.1489865049,0.4119159911,0.5401124243,-0.0294463099,-0.0224370226,0.4231837795,0.2822666286,0.417651727,0.1788835315,-0.0124044919,0.0425485001
outputCount=50
weightIndex=0,1700,4472
weights=##0
##double#4472
   -0.0004977313,0.0014185534,0.0033538076,0.0034466368,0.000141871,0.0004413263,0.0011002366,0.0002465735,0.0012392431,-0.0045645154,0.0039137215,-0.0036427077,0.0059598186,-0.0020064339,-0.0052577713,-0.0054214695,0.0008236015,0.0058771682,-0.0038202682,-0.0035446946,-0.0040712956,0.0005501252,-0.003126549,0.0001061172,0.0008327266,-0.0021003647,-0.0009185837,0.0022295516,0.0030705244,0.0012817889,-0.0037275191,0.0005920171,-0.0013765383,0.0053883887,-0.0105273649,-0.0038535594,0.0006863708,-0.0033670172,-0.0030172135,-0.0026119849,0.001177811,-0.0030705225,-0.0009605785,0.0007235028,-0.0155830133,-0.0042843408,0.0001761192,-0.0002630605,0.0031336692,0.0009569856,-0.0046388216,0.0035270237,0.0039716421,0.0038952201,-0.0007770152,0.0034484932,0.0020788484,-0.01071678,0.0083205762,0.0028265426,0.0030000456,-0.0005304313,0.012513915,-0.0034004522,-0.0097513913,0.0037247474,0.0046958662,0.1077635793,-0.0014900414,0.0018653635,0.000353792,0.0008401332,0.0065645501,-0.0114826285,0.0011607303,-0.0016574778,0.0039258758,0.0011755658,0.0043564884,-0.0112601833,0.0085381222,-0.0011601861,-0.0059140706,0.0069258547,0.0004410778,-0.001839595,-0.0111773159,-0.0010335358,-0.0089758993,0.0022759263,0.0063232878,0.0027117889,-0.0025413546,0.0013369853,-0.0014082844,0.0054632667,0.0104716715,0.0050144509,-0.0004537,0.0071635647,0.0037226329,0.2493486725,-0.0036055905,0.0022996772,-0.0082666934,-0.0049390253,0.0060258138,0.0013869258,0.0037979319,-0.0008529345,0.0038442026,-0.0020734734,0.0009707154,0.0063570471,-0.0057123594,-0.0047937809,0.0007284583,-0.0032189236,0.0038362212,0.0038596556,0.0067471883,-0.0015800801,-0.0032670699,0.0003076951,0.0038500994,-0.0024319752,-0.0007529351,0.0004004412,-0.0008420213,-0.0047288333,0.0016398966,-0.0045242759,0.00969816,-0.0045245275,-0.0008027041,0.0113903043,0.0003102436,-0.0009787241,-0.0019563087,0.0146730879,0.003718174,-0.0040617481,0.0016086741,0.0026189547,-0.0019168153,-0.0050223866,-0.0027791621,0.0003489045,0.0036353574,-0.0020328861,0.0015801945,0.0064894208,-0.0122954706,0.0002501721,0.0064868514,0.0050999519,-0.0058152936,0.001219058,-0.0032508354,-0.0073357742,0.0073339326,0.0011313787,-0.0032900287,-0.0008604742,-0.0018604163,0.0031590132,0.0007650766,-0.0053367211,0.0028602896,0.0874743586,-0.0029164551,-0.00132728,0.0045346364,0.0079820654,-0.0084170715,0.0025734453,0.0105336738,-0.0077069724,-0.0039399748,0.0034469755,-0.0013066355,-0.0022188009,0.0044608011,-0.0071327839,-0.0003988064,0.0059307609,0.0080057341,0.005339719,0.0003333875,0.0074818959,0.0040862861,-0.0047922551,-0.0004171966,0.0066756341,0.0019112268,0.0025197023,0.0010057535,-0.0058114557,-0.0027514516,0.0037381824,0.005291097,0.0011695933,-0.0102656898,0.1214946526,0.0007116866,-0.0061653076,-0.0020625469,-0.0056915515,0.0050790772,-0.0023453198,-0.0045723094,-0.0057634967,0.0034564451,0.0029383581,0.007336418,-0.0012052159,-0.0054044974,-0.0038153564,-0.0015733046,0.0076135698,0.0033871072,-0.004362263,-0.0006830024,0.0085242967,-0.0133418377,0.0037950216,0.0053426355,-0.002617688,0.0014735199,-0.0013641227,-0.0056786904,0.0060521104,-0.0001606264,-0.0064508482,0.009299708,0.0016183472,-0.0009393495,0.0745127498,0.0050311617,-0.0004707526,0.0043074905,0.0071054258,0.002008359,0.0057382618,0.0018244256,0.0009192764,-0.0017735316,-0.004167419,0.0033536466,0.0087548354,-0.0006055905,0.0008622772,0.0024688383,0.0063428344,-0.0062705788,-0.0080914485,-0.000874175,-0.0012035448,-0.0033191381,0.0031428501,-0.0042519063,-0.0067465076,0.0052641382,-0.0012671915,0.0087844248,-0.0006900847,0.0048931128,0.0017690535,0.0020792086,0.0105281293,-0.0077396592,0.0233126006,-0.0058554667,-0.0011248931,0.0031736268,-0.0001934711,0.0013830327,-0.0020370784,-0.0000819962,0.0000196993,0.004333701,-0.0013640226,0.0008390985,0.0060583522,-0.007627119,-0.0010191071,0.0038887529,-0.0049373913,-0.0017309609,-0.0031084178,0.0010101942,0.003138237,0.0066663459,0.0054631294,-0.007519022,0.0074320856,-0.0008484104,0.0011958175,0.0072994687,-0.0005717891,0.0015112719,0.000508446,0.0026441448,0.0028466305,0.003281026,0.0499425919,0.0039243288,0.0147643919,-0.0007985068,-0.0033722763,-0.0026538421,0.0001138745,-0.0036420883,0.0000161992,-0.0041914281,0.0102627622,0.0026457543,0.0087648672,-0.0006757442,-0.005998591,0.0029396087,-0.0049039535,-0.002668633,0.0044372271,0.0093332567,0.0004890454,0.0007327061,-0.0018817119,-0.0038069229,0.0096710516,0.0039674036,0.0034010472,-0.0089595617,-0.0076792077,0.0080138609,0.003661109,-0.0023194513,-0.0056364475,-0.0021840134,0.1249668957,-0.0000002975,0.0000000882,0.0000021249,-0.0000006223,0.000000167,-0.0000003642,-0.0000006699,0.0000018747,0.0000011564,-0.000001322,-0.0000009854,-0.0000018372,0.0000009878,-0.000000293,0.0000024556,0.0000003125,0.0000005053,-0.0000000285,0.0000001771,0.0000009949,0.0000014438,-0.0000011347,-0.000000077,0.0000006028,-0.0000002037,-0.0000003482,-0.0000011073,0.0000004382,-0.0000000252,-0.0000000674,0.0000010893,-0.00000137,0.0000012346,0.0000278452,0.0033620805,-0.0045305039,0.0099882437,0.0006775759,0.0058896109,0.0011135038,-0.0011876913,-0.0021058827,-0.0023853744,0.0016098813,-0.0008637482,-0.0020142398,-0.007816165,0.0020142598,-0.0009067117,0.0059080127,-0.0041215685,-0.005229943,-0.0057455746,-0.0018205728,-0.0092603906,-0.0005898583,-0.003064571,0.0050708678,-0.0002272055,-0.0047720247,0.0044426808,0.005592699,-0.0018688763,-0.0109274164,-0.0021490306,-0.0017825076,0.0032372964,0.0432867018,0.0068576107,-0.0025130036,0.0044604338,-0.0018226457,0.0013363595,-0.0099156742,0.0010711294,-0.0115049446,-0.0003224099,-0.0058271969,-0.0018172404,-0.0020656339,-0.0104969676,0.0101103919,0.0072303882,-0.0035735942,0.0026953856,-0.0059870201,-0.0017910689,0.0003513963,-0.0014076223,-0.0021734769,-0.008812492,0.0034889991,-0.0015102181,0.0063209135,-0.0087517216,0.0040705914,-0.0054785979,-0.0031505571,-0.0011274274,-0.0006532443,-0.00417968,0.147256415,-0.0037317836,0.0030708161,-0.0065809058,-0.0070549194,-0.0050310279,-0.0001891208,-0.0005057127,0.0036424707,0.004641279,0.0006486083,-0.0039652338,0.0061539601,-0.006616959,-0.0037757695,0.0095434578,-0.0020934141,-0.0059450731,0.0121775761,-0.0036358053,-0.0076044644,-0.0034435509,-0.0053105846,0.0035242583,-0.0024002609,-0.0017804885,-0.0041312542,0.0024124677,-0.0036590141,0.0086444807,0.0044250758,0.0006631226,-0.0061924409,-0.0061815124,0.0305669303,-0.0031003117,0.0020876375,0.0023072007,-0.0057871747,0.0005801075,-0.0030017586,0.0143151343,0.0024267488,-0.0007174798,0.0072108521,-0.0034187754,-0.0004802934,-0.0033975977,-0.0015787838,-0.0020301528,-0.0016112079,0.0100039958,-0.0129371824,0.0088381629,0.0034211176,0.0065222961,0.003933225,-0.0095533346,0.00425667,-0.0172557906,0.0024348302,0.0071186253,-0.0041284999,0.005786905,0.0064685399,-0.0049844937,-0.0057049412,0.0064622532,0.1437018315,0.0000013622,-0.0000009461,-0.0000006019,-0.0000007193,0.0000017425,-0.0000004607,0.0000003976,0.0000001519,-0.0000013862,-0.0000003462,0.0000006637,-0.0000011588,0.0000011457,-0.0000003711,0.0000008083,0.000000241,0.0000009166,-0.0000012874,-0.0000016406,-0.0000016721,0.0000005432,0.0000027545,-0.0000013065,0.0000003271,-0.000000335,0.0000014368,0.0000003275,0.0000004392,0.000001131,0.0000007966,0.000000466,-0.0000007176,0.0000002604,-0.000008384,0.0087062538,0.0044512766,-0.00348914,-0.0001920244,-0.0024716382,-0.0039001624,-0.0095374464,0.0057126796,-0.0079002425,-0.0086987251,-0.0055625305,-0.0056347742,-0.0020837965,-0.0021829223,0.0082912831,-0.008282945,0.0102279978,-0.0046988955,0.0018828,-0.0027420577,-0.0043240075,0.0055316649,0.0031088682,-0.0029798809,0.0043916369,0.0143835882,0.0006624953,-0.0072738308,-0.0112430436,-0.0035463267,-0.0063181732,0.0189688483,0.0054911806,0.2127464298,-0.0069590299,-0.0027097381,-0.005048631,0.0045650655,-0.0041284706,0.0019522527,0.0018047589,-0.0037570384,-0.0045182537,-0.0103861297,0.0003301018,-0.0045966717,0.0048054904,-0.0069096312,0.0008598291,-0.0023349117,-0.0064444774,0.0026053939,-0.0014861965,0.0098287197,0.0033923644,0.0017388206,-0.0009464924,-0.000565301,0.0007488742,-0.0014379787,0.0010613402,-0.002095561,0.0019442062,-0.00611185,0.0015185737,-0.0028566043,0.0003540018,0.0739168865,-0.0055279008,-0.0006046351,0.0039690554,-0.0010065874,-0.0004593377,-0.0011448305,-0.000031202,0.0003310617,0.0043094161,-0.0013889446,0.0018300263,0.0057215436,-0.0081488661,-0.0025867748,0.001887579,-0.0042328466,-0.0017325133,-0.002904214,0.000130858,0.0033280945,0.00679792,0.0054063523,-0.0062043776,0.0065749069,-0.0011946191,0.0022504142,0.0077231385,-0.0001271405,0.0024658436,0.0000300799,0.00154888,0.0029274512,0.0030054643,0.0430338506,0.0020023306,0.0033784285,-0.009082897,-0.0022461259,-0.0055961829,0.0035139056,-0.0007667697,-0.0085490121,0.0046710517,-0.0058125045,-0.0077212484,-0.0011105105,-0.0042637274,0.0007959103,0.0060941846,0.0012858243,0.0022382303,0.0009970228,-0.0046064577,-0.0037800642,-0.0057126917,0.0001509427,-0.0028031027,0.001161847,-0.0036280884,-0.0045868109,-0.0059523922,0.0036908564,-0.0043769766,0.0092719384,-0.002051518,0.0000901699,-0.0002228329,0.0736975,0.0025722384,-0.0061984457,0.0023765794,0.0025925052,0.0013295379,0.0045026528,-0.0012966107,0.0025607608,-0.0048678627,0.0015636567,-0.0047211245,0.0019604437,0.0004034851,0.0021015107,0.003483893,-0.0013771622,0.0000493312,-0.0011562746,-0.0078153741,0.0032466579,-0.0042189512,-0.0067478831,0.0080964732,-0.0062255125,0.0093532203,0.0074954123,0.0056430705,0.0002445249,0.009175689,0.0102989473,0.0023108379,0.0047810127,-0.0104609793,0.0367790884,-0.0017355422,-0.0005808282,0.0003761367,-0.0041850567,0.0078312573,0.0017323113,-0.0044936086,0.0036517128,-0.0048424453,-0.0003424373,-0.0032230902,-0.0004237664,0.0032421678,-0.0011101439,-0.0031185914,0.0004064059,-0.0020990209,0.0012054806,-0.0012756606,-0.0033389352,0.0037828792,0.003633089,0.0031715295,0.0002250529,-0.0022621308,0.0040369558,-0.0003874571,0.0021408729,-0.0056968399,0.0021907245,-0.0022263114,-0.0033495427,-0.0045288055,0.0191632683,0.0011570271,0.0051973048,-0.0029302819,-0.0052705685,0.0001873364,-0.0057628805,0.0009598651,-0.0005409931,-0.0010124393,0.0050475802,-0.0047447899,-0.0007154963,0.0053919094,-0.0009451161,-0.0024637633,-0.0000435643,0.0046116246,-0.006087117,-0.0015985092,0.0060960884,0.0008452737,-0.002809599,-0.0066321964,0.0053839813,0.0022482718,-0.0000277219,0.0030168206,-0.0024081068,-0.0043144877,0.0000155938,-0.0005284117,-0.0063090983,-0.0020462968,0.037919479,-0.0032495249,-0.0028462658,0.0103879591,0.0012163081,0.0141442017,0.0005361642,-0.0016509753,-0.0013735196,-0.0070512107,-0.0033862327,-0.0109582373,0.0069771483,-0.0041127333,0.00245311,-0.0044351933,-0.0058548701,-0.0001269292,0.0018210207,-0.0076774309,0.0004402506,0.0065615805,0.0057510886,0.0017614556,0.0080856382,-0.0010907302,0.0038074586,0.0056979644,0.0064393174,-0.0111019344,0.0057893221,0.003895523,-0.0039399274,0.0029068385,0.1518605605,-0.0036924461,-0.0071801501,0.0030338648,-0.0086702962,0.0129116216,-0.0060464921,-0.0084110094,0.0020644181,0.0035324456,0.0029253468,0.0111206443,0.0004245758,0.0046426707,0.0070183434,-0.0037831336,0.0150594414,-0.0058781286,-0.00665348,-0.0050862931,0.0035721615,0.005381033,-0.0024195155,0.0039977392,0.0046253316,-0.0102469359,0.0062931981,-0.0024428623,0.0045608933,0.001615712,0.0032777256,0.0014596921,0.0053500192,-0.0068963517,0.325278607,0.0021293637,-0.0011738456,0.0075947972,-0.0039943607,-0.0045932828,0.0018791607,-0.0122801541,-0.0027320613,0.0025180945,0.0020190881,0.0054729469,0.0017158709,0.0004275176,-0.004167798,0.0009914465,-0.0113967672,-0.0009289782,-0.0005715033,0.0056340583,-0.0001428453,0.0008011341,-0.0004235567,0.0009701239,0.0018460117,0.0037287323,-0.0031298494,-0.0024589766,-0.0012217587,0.0008718169,0.0005353544,0.0001148781,0.0035577327,0.0025710431,0.0975761313,-0.0007193683,-0.0020823235,0.0044340317,-0.002542513,-0.0018336314,-0.0000293273,-0.0069510328,0.0034597819,0.0037121833,-0.0039297793,0.0022751286,-0.0021358272,-0.0023903755,-0.0032090445,-0.0018014607,-0.006747555,0.0029561555,0.0009728177,0.0037862648,0.0023669379,0.0001623219,0.0006177915,0.0001270802,-0.0005151042,0.0013772656,-0.001676343,0.001099873,-0.003680673,-0.0038763741,0.0011570472,0.0014974984,0.0036515457,0.001857023,0.0458021065,-0.0085878984,-0.00447192,-0.0005103305,-0.0087816661,0.0076893426,0.0067445957,-0.0006574052,0.0003405636,-0.0015265155,-0.0037370293,-0.0001564305,0.0063835428,0.0038277051,-0.001167825,-0.0068625743,0.005554199,0.008077786,-0.0053739052,-0.0001477557,-0.0041774258,0.0039495357,0.0018973963,0.0101390428,-0.0046767003,-0.0001484836,0.0009186748,-0.0063984482,-0.0006449909,-0.0026330094,0.0061342062,-0.0004600119,-0.004322992,0.0085310619,0.1556841842,0.005009803,-0.0001792737,-0.0059284689,0.0034746293,-0.0016072811,-0.0006176785,0.0024328323,0.0062072165,0.0028180647,0.0083352972,-0.0071162536,-0.005316345,0.0045643562,0.0062651976,-0.0038354032,0.0022813562,0.0070877981,0.000938866,0.0029998266,-0.0024753677,0.0093845993,-0.0055315323,-0.0003742994,-0.000364876,0.0009804864,-0.0064090465,-0.0010407579,0.0060312833,0.0000329126,-0.0077524287,0.0069636002,-0.0051065665,-0.0057082478,0.0532769864,0.0104225078,0.0038401891,-0.0072734978,0.0105909626,-0.0091002837,0.0056055873,-0.006524872,-0.0052057013,0.0046162798,-0.0026827752,-0.0144310482,-0.0045566976,-0.0016087452,0.0032008821,0.013794578,0.0007306823,-0.002053291,0.0060933495,0.0062531426,-0.003332937,0.0022673617,0.0017155372,0.0027936342,0.0002077433,0.0004593734,-0.0106633674,-0.0092636546,0.006398606,0.002785039,-0.0013880567,-0.0004295993,-0.0058820302,-0.0010297376,0.2149665957,0.0003716142,0.0060499293,-0.0012632481,0.0026754575,-0.0027994802,0.0046790976,0.0024139967,0.0119544579,0.0023372357,0.0054502351,0.0008196997,-0.0011514235,0.0111267784,-0.0077838046,-0.0035370859,-0.007700097,0.004988537,-0.004270231,-0.0046699533,-0.0044157004,-0.0014361214,-0.0159625448,-0.0096745054,-0.0089329719,0.0104403845,0.0075920806,-0.0085560657,0.0082967633,-0.0044535862,0.003453731,-0.0066554625,0.0049875006,0.0056599811,0.0927159958,0.0094271276,-0.0063842508,-0.0040289236,0.0031071486,0.001058,-0.0003892067,-0.0066950325,-0.0017621875,0.0110316551,-0.0026691233,0.0086481559,0.0068916658,0.0010125643,0.0153132018,-0.005487794,0.0066966364,0.0066095103,0.004668908,0.0013047447,0.0151474088,-0.0028739922,0.0026594823,0.0108694924,-0.0025694878,0.0025398955,0.0047009642,-0.0001876393,0.0016360701,-0.0020803208,-0.0062225742,0.006842044,0.0001090529,-0.005999768,0.2192670902,-0.0021376035,0.0036148585,-0.0039663536,0.0070151239,-0.003337439,-0.0008501165,0.0020742433,0.0103354286,-0.0016492363,0.0102713687,0.0094681095,-0.0014511536,-0.0066129512,-0.0018542222,-0.0002448793,-0.0017620741,-0.0037459476,-0.0025497075,0.0029370635,-0.0030652371,0.0013552856,-0.0011813645,-0.0035015805,-0.0062398155,-0.0066747631,0.0044627675,-0.0067652835,-0.0004336339,-0.0097000512,0.0026050343,-0.000505976,-0.0033507676,0.0076978746,0.1316977228,0.0064850776,0.0030340412,-0.0054957488,0.0099915863,0.0056110895,0.0045550688,-0.0034522358,0.0075869744,-0.0006966174,-0.0064902035,0.001673641,0.0080467509,0.0029665659,0.0053040511,0.0009560051,0.0026382617,0.0064386071,-0.0133569252,-0.0067206109,-0.0090346068,0.0025624414,-0.0044076537,0.00820685,-0.0016274227,0.0095870594,-0.0049050375,0.002837197,0.0017682531,0.0055946751,0.0019071887,-0.00236149,-0.0001402713,0.0012378537,0.035736378,0.0000002588,-0.000000714,0.0000011898,0.0000013369,-0.0000000253,-0.000002122,0.0000005256,0.0000001769,0.0000013283,-0.0000002014,0.0000005105,0.0000008963,-0.000001124,-0.000001681,0.0000009716,0.0000005191,0.0000000311,0.0000001784,0.0000005096,-0.0000009154,0.000000542,0.0000012042,-0.0000012084,0.0000010538,-0.0000005795,0.0000007762,0.0000004984,-0.0000000989,0.0000009465,0.000000185,-0.0000002303,-0.0000016636,-0.0000013023,-0.000012722,-0.0020573072,0.000726161,-0.0048507487,-0.007728563,-0.0016234857,-0.008775652,-0.0026598376,0.0015911909,0.0003021167,0.006926139,-0.0029176681,-0.0033052828,0.0008493364,0.0017416027,0.0059813671,0.0013415646,-0.0031101268,0.0071137773,-0.0025702576,0.0039569416,-0.0014110247,0.0088603751,0.0133220591,-0.0004299029,0.0071846701,0.001717879,0.0030050464,-0.0015422755,0.0018184455,-0.002342885,-0.0059732022,0.0064310106,-0.0021297152,0.106971993,-0.0046225461,-0.0008188541,0.0011111899,-0.0064364661,0.0016974303,0.0082243826,0.010136427,-0.0029040615,0.0066446534,-0.0032510015,-0.001143786,0.0114237401,-0.0040053782,-0.0043445353,-0.0033411979,0.0028427228,0.0032995625,-0.0029877872,0.0108122072,-0.0047660005,-0.0090480558,0.0005271136,0.0010535462,-0.0089052356,0.00080988,-0.0014641289,-0.0022818821,-0.0073987198,0.0049984931,-0.0063933719,0.0040374277,-0.0005625856,-0.0009844993,0.0129857896,0.0068794496,-0.0008837705,0.0003483549,0.0003364806,-0.0024179829,-0.0029144768,-0.0013036143,-0.0043646467,0.0040112871,0.003912644,-0.0029967008,-0.0072318726,-0.0004967542,0.0074056915,0.0117815106,0.0112625351,0.0067431074,0.0215369344,0.001198063,-0.0041459645,0.0085010838,0.000390413,-0.0036784541,-0.0047773169,-0.0016833883,0.0022626238,0.0072144772,-0.0061522769,-0.0054842947,-0.006074592,-0.0085077576,-0.0012975004,0.0013149069,0.2495122966,-0.0022795358,0.0035115616,0.0041046697,-0.0046686723,-0.0045926448,0.0024499366,0.0025501739,-0.0108848514,-0.0044468692,0.0036623672,0.0021068853,-0.0000604197,0.0047995286,-0.0039416972,-0.0027957789,-0.0091361621,-0.0081244825,-0.0060330813,-0.0047358495,0.0001568327,0.0066877343,-0.0074762366,-0.0015341424,0.0072795551,0.0038216364,-0.0066745572,0.0047755289,0.0086307082,-0.004977007,-0.013070666,0.0000685428,-0.0036312152,0.004348321,0.121887456,0.0003218691,0.0031588094,-0.0030657102,0.0035344158,-0.000178773,-0.002789326,-0.0020937333,0.0026387354,-0.0011692416,0.0021139246,0.0039554707,0.0009363934,-0.001873548,-0.0021009877,-0.0021412452,0.0019111568,-0.0017270196,0.0051733963,0.0061394686,0.0017285304,0.0006610036,-0.0059732211,-0.0026675186,0.001507557,0.004252114,0.0025834724,-0.0052693669,0.0026541075,-0.000837691,0.0048543603,-0.0019057779,-0.0011314408,0.0033672571,0.0609970803,-0.0003831277,0.0051862402,0.0016491783,-0.0015406662,0.0002110996,0.0006434114,0.0049715003,0.0000034114,-0.0048393828,0.0068520095,0.0045722655,-0.0028845872,-0.0007694844,0.0021193608,0.0007698054,-0.0007916854,0.0027176884,-0.0053828756,0.0026793562,0.0030845086,-0.0009013536,0.0081374017,-0.0038919269,-0.0007362571,-0.0082568524,-0.0020728378,0.0028186825,-0.0061074583,-0.0027636486,0.0044521523,-0.00231259,-0.0056354499,-0.0011438171,0.0911414409,0.000115146,0.0011222469,0.0097358977,0.002976991,0.0051267496,0.002209126,0.0028477819,-0.0020074675,-0.0014828316,-0.00258851,0.0013239474,-0.0017528804,0.00286196,-0.0012512325,-0.0079867864,-0.0053281362,-0.001784827,0.0067481362,-0.0051247768,-0.003929736,-0.0036438182,0.0018141799,-0.004271381,0.003320215,-0.0011059094,-0.0106216353,0.001552796,0.0063704337,0.0001136032,-0.0040476077,-0.0066733436,0.0005511496,0.0037391557,0.0519048231,-0.0016724588,-0.0039013117,-0.001554857,0.0066518889,0.0022014807,-0.0017350043,-0.0027482008,0.0016376499,-0.0018053801,-0.0063828173,-0.0050874971,-0.0021355765,0.0023794507,-0.0008023932,0.0039190659,0.0001359963,-0.0049235081,0.0011075664,0.0028538087,0.008235878,-0.0026628255,0.0048207914,-0.0021828695,-0.0034215102,0.0005018443,-0.0002513698,0.0010598427,0.0000200323,0.0017752157,-0.0038807253,0.0004240162,-0.0029119279,0.0027109664,0.0311801643,-0.0031908885,0.0025711418,-0.0048380689,-0.0033305395,-0.0016078828,0.0001568918,0.0150881224,0.0026767154,-0.0028880743,0.0039808709,0.003547912,-0.0082959727,0.0019031682,-0.0031511403,-0.0058177543,-0.0043335461,-0.0074960938,-0.0146528519,-0.0017136539,0.0008576037,0.0049866748,-0.0122380767,-0.0000307798,0.0025634876,-0.0189045669,-0.0063127706,0.0061185939,0.0021496414,-0.008519947,-0.0108653248,0.0039146997,-0.0018621615,0.0100972203,0.2420023667,-0.0010685452,-0.0090292846,0.0039339582,0.0063140829,-0.0061407878,-0.0003725736,-0.0031732467,-0.0027987854,0.0066287,-0.001179349,-0.0085937004,-0.0075509596,-0.004210702,0.0007114617,0.0009721005,-0.0040667217,0.0117398374,0.0047450215,0.011351412,0.004278694,-0.0054105143,-0.0075535742,0.00152501,0.0074153337,0.001983473,0.0029339968,-0.0088065144,-0.0018517523,-0.0065400404,0.008698609,0.0082932728,0.0058678752,-0.0065378321,0.1447268079,0.002687856,0.0041477318,0.0004103426,-0.0002775471,0.0054400632,-0.002082271,-0.0031268424,0.0028173598,0.0056213828,-0.0013591158,0.004713464,0.0029223621,0.0032457178,0.0138606355,-0.0054264238,-0.0095084457,-0.0025768194,0.0105983165,0.0013375431,-0.0099942344,-0.0009946497,-0.0091126319,0.002836359,-0.0043505833,-0.0014858874,-0.002519295,-0.0001481902,-0.0067358133,0.0154488501,-0.0046656252,-0.0020216264,-0.0073068907,-0.0147956267,0.1707970632,0.0019794104,0.0001728548,0.0044676772,0.0042840607,0.0002827435,0.0020889796,0.0107666348,-0.0000430664,-0.0028962613,0.0021418618,0.0057911082,-0.0010432853,-0.0000411326,0.0065024672,-0.0000323144,0.0029485039,-0.0064822944,-0.005925345,0.0014518912,-0.0037940702,-0.0041735271,0.0080967929,-0.0004704313,-0.0120991775,-0.0063935841,-0.0041956661,0.0021282503,-0.0014097726,-0.0033467278,0.002974156,0.0041110581,-0.0044734718,-0.0031677534,0.0442097911,0.0079023076,-0.0023809163,-0.0002345457,0.0012860129,-0.004343346,0.0003755988,0.0059054339,0.0037198761,-0.0042937928,-0.0056730406,0.003665945,0.0018306163,0.0031579066,0.0052424245,-0.0000807842,0.0064275458,-0.0060924352,0.0013641082,-0.0014113681,-0.003346968,-0.0048547574,0.008612412,0.000041538,-0.0007367603,0.0043389142,-0.0008201024,0.0036290133,-0.0025958875,-0.0040392132,-0.003437294,-0.0027577747,0.0003809151,-0.0017940249,-0.0090824557,-0.0023060874,0.0005324512,0.0023057482,-0.0126381367,0.0027588548,0.0037624097,-0.0110304061,0.0080088235,0.0039742868,-0.0061775688,0.0002633674,-0.0024229722,-0.0011004034,-0.0064974959,-0.0040675328,0.0023892604,-0.0031581957,0.0059937552,0.0035933845,-0.0012699642,0.0096716479,0.0015258597,0.0012883295,-0.0013763353,-0.0098386443,0.0022920632,0.010005585,0.0018164269,-0.0032396762,0.0108006525,0.0046255076,0.0077195881,0.0002216909,0.2306233532,-0.0040840003,0.0012576406,-0.0044168928,0.004037138,-0.0142586921,0.002313965,0.0005647218,-0.0046404547,-0.0071164407,0.0005824218,0.0111012413,0.005757796,0.0047912946,-0.0070181195,-0.0002618316,-0.001597665,-0.0046516656,-0.0086384074,-0.010515123,-0.0072310715,0.0079134297,-0.0033783472,0.0075649828,0.0065224466,-0.0027295249,-0.0002655751,-0.0088710179,-0.0073645213,0.0017317498,-0.0023613607,-0.0001012367,0.0007069427,0.0080833931,0.2151379012,-31.472708678,1131.6738639243,-1.6606557423,-0.2688344153,-0.4964710704,-0.394913676,2.0157305315,0.6907426618,-2031.8759466023,-0.1151651019,-0.3271873031,1375.707375072,1358.5937144926,3670.9196925723,-0.6588177874,-0.757300102,0.2404766684,-7.8015722521,-2032.1454569036,0.9594512643,53749.0306301539,-0.067642553,0.4007660076,6.4614836826,-0.5527937279,4068.2110283724,-27518.5737133944,8.3313772158,0.8332061629,1.5155348903,0.6436488027,-0.0032129166,0.0403768216,7.9567816543,0.0353030948,-1997.8143145311,-1896.6240047692,3844.8818425635,967.3871886497,-6.4892150966,2.1521927864,-14794.9972922679,0.8295046146,0.8338345532,-2704.2244586289,-23540.7596077427,0.1713175489,-5086.538777826,0.285595692,1.2964352446,-0.1972803558,-5587.3537690724,-7181.5849744565,10832.1921802859,-16129.0678700094,2280.2175033995,0.4778059012,-2870.4836971005,-2946.9680315154,-2554.7246258214,-1834.850677188,-3945.6993127449,4121.6251968979,-10807.1912024552,-9296.5878209366,17737.0834122465,-4.6638980054,6927.5406924275,1856.0283971738,6207.244387158,-2.5969186789,-3423.2363655469,-28.5451077856,88.4103493955,1333.4947496936,3039.9362639259,929.6519699606,-2035.003690147,1322.2667540542,-5290.4162661002,-537.4154314708,-4661.2985326628,-6125.8345981941,6025.361264089,-18558.8014277111,-12056.796259222,-5715.9562010647,-2653.5954645516,0.8774238817,-0.4605785087,8400.2351236257,0.209657993,2610.2317581894,-0.5490559558,0.7737041165,0.2066004245,1198.3980077272,1208.8647819532,-23439.01463989,0.1195144478,0.3146252156,-0.9129278718,2609.0895907201,-788.4601072157,-1458.8851788775,13437.807390065,3382.8489389885,11056.8444104938,108.3095990719,-1062.5316133534,-1.0227321427,-4822.3728296917,2779.2028246387,-0.4232268379,0.4656052385,-0.9889482847,57.8937037518,-7.1075620042,0.2115569475,5767.5405347146,-3119.2859668891,-1062.618684525,-6522.3829051421,-2196.2919886724,-13.6825631946,-47.6053487122,12841.3200406193,-7981.9444240871,2290.4409610773,-469.0443797548,-460.9685869502,1481.6873401822,-9655.7418266401,9.9648625648,-0.0260518312,4048.5421941979,6590.631047877,-7762.2815420399,-2451.2397767099,316.1440131354,-3411.1039811091,15836.7358094534,10317.7570588844,-2810.3993066351,-3201.4653393447,-1239.4945966037,-5603.5444317906,-761.4049818498,-9846.1052774665,-2123.7240915137,-585.0903773272,3928.4735391478,1464.0574664442,-17806.9340249465,-5291.3982318579,-1953.8998660087,-55.0462620862,13819.5278078405,-11408.0752702715,-5009.2329546935,8872.3581601927,3629.4270496767,723.527540264,433.4651548718,8117.6541942217,-1202.616196965,3959.2202796019,-2.8374284368,2823.25827611,0.2734731035,1016.2031127535,63.0391790303,3.7006576637,0.5182891003,-0.123635156,23.9662437602,0.2289141361,-3256.2148767348,0.9243464769,0.117817729,27.9757038815,0.1709653241,-0.6929353558,-0.5098871658,553.1201980146,5374.9276824261,-0.621006109,34779.5248299599,-13189.2015852887,-29674.1765334806,0.9364071398,-24874.0240724505,0.0933050446,-3326.9782868955,1.0912015436,-21.7807462487,-1086.8796983856,0.4728400526,1.9273023756,1291.6327209016,-2.2003462074,-3422.3274640722,0.059555288,3482.9674706589,4050.0094232354,-8232.5767403465,0.9244461925,18273.5767575478,-2805.5009681756,606.8985983989,-8503.9364838164,-0.5062982148,261.485096283,-38.6162005048,3463.6390921833,5811.932532463,0.5493549896,-64.0502145343,0.2753649807,2763.9829350556,1289.7524456878,613.5505378403,3227.8475006319,-4751.0223512717,-7196.0956109834,-7550.5782928713,7453.2726993513,-7836.3892572284,4525.1863091747,-3880.7957960104,-2696.6196741935,-1624.1609311604,-4970.8704405489,7395.7623292544,2822.1350802346,-6069.008220863,2254.0826371727,-707.6380771042,3.7799025785,-6094.6416068113,6005.530937738,-1533.7963259614,-10211.012803926,5628.067450856,4023.6061834675,-6169.1580083422,3034.1082009342,1559.8628462932,-6383.0602401581,8884.561380279,-3023.8059419943,4842.8777021358,-8237.552131303,-22658.5448320756,-8920.2069881593,0.5616286528,-6168.4220301395,-3669.1629988471,-862.3584302249,-0.7328984994,2164.8859778295,0.6492360017,0.015112506,3899.9239690914,-0.0803568636,3948.7077112108,6185.4756465435,0.0305252003,1.6010739557,-48235.0547770764,2163.3892616549,98.7845577907,12875.446975595,-9931.9313768282,-16491.6805385936,15.6614645421,0.7975821019,2705.99946872,-3283.9281556812,-69.9845020988,-6.7108064119,5146.8536037034,-1438.2709985759,-0.607500693,2263.7921081244,-12.992353356,0.5180917584,-5740.1475820476,306.3317002211,-46.5397680749,94.9901987759,695.1114044923,40.3917033433,-0.0288601875,-26069.8114935368,9864.8481983172,-0.1871681076,-9838.2655297409,17663.9434108239,-145.3673369867,1117.9628432694,-10.8418654761,-0.295435646,-7374.8645518912,-12977.9150600876,-9326.980575042,-1721.1505595643,-12798.6699528517,17209.8513247612,1767.1501066064,10762.3543704751,2121.1968402556,-342.2298285296,-2767.889917055,-10780.7740784598,3551.7056671776,3924.0221635532,-11860.3165051681,-10925.4284146037,-2061.4110498677,-16559.8124216756,-2153.1235495025,96.0676425247,17705.5254200064,-603.0056881733,-1507.4766314108,7185.3916052469,-8471.8885992215,-13784.3249291186,8463.3997109162,8465.8494894865,5090.2074542807,3216.9457437544,232.0823145581,859.1150805014,7325.4473109484,3887.4066639696,2565.2377383881,1210.2088684112,-0.2245737502,5861.1562488947,10344.6668036212,-26.8908856134,-0.1232018634,-24305.044241226,-0.4918309221,-0.1225061918,0.2767838294
   4999.9325278701,-6845.2978193046,3385.0840216515,0.9868500531,23.0603880426,22378.6964126826,-24303.6305679915,15860.7749996895,7.5011725781,-16971.7648148917,0.832588181,-1829.8276150933,-2994.7042209746,-13393.0563533983,-8330.5434920468,10277.3587156174,-0.1084425114,0.2996756316,-0.7246348661,132.927814575,-7166.3140587848,1.0180462741,-0.1053765285,50.5075919143,7910.8093536142,-156.9742509619,2437.7942359807,1253.5216903041,-0.6283601693,-0.1810345691,4361.645709814,-1959.2628824862,-8.5631628201,-5570.9158940833,0.5986747984,351.3998289957,-25627.1857153405,-9670.0351948688,1.6658911192,-10488.961195008,-3078.8360728777,8184.0685742082,1695.5306893952,5774.9238083494,5362.4449490435,9.7702486649,5012.9083316496,-5926.1027266133,620.9121875946,-1783.2238632984,-7418.5304357967,-4931.6806203516,5264.0352941512,3249.688979585,-109.1620739312,-2609.3804400805,9995.8138219924,11291.9089540658,6819.3171488681,-7333.4287403645,-11307.1469208804,-0.1765324121,8354.8894490147,-14632.7914248282,3617.8329550195,3713.4954006727,14035.2066086538,1.0888458079,-1154.294771441,405.3176364625,3817.1209485756,-5705.7527123905,-6150.7749417759,-79.1963468948,7262.3300837116,0.7531958869,0.4534084758,-4266.4613385243,-5856.9515769031,-1.3086490865,87.8029821181,-2347.67407237,0.3467640102,-0.9704271319,1.1493675539,1577.5969859067,-6147.0636458502,0.6158426027,-0.8860021532,0.7285231735,88.4642078275,17970.2080045251,1028.021633873,9.0836911268,0.0306194804,6425.3564799583,-0.672675548,-3312.8057225923,1.1501418706,-6789.8002616943,0.3516846729,-0.1732524019,-2305.2408138776,-4702.2046902426,-0.7065928096,-9.8455814667,-0.7087284224,-867.5729974178,-0.7972506555,-4383.190179913,812.4354824757,-10132.3639736822,-2660.2162055986,0.3243417714,-2.9843036724,2411.8581919365,16763.2858107017,624.255139067,7806.7159668892,-7737.9883382426,5192.1717402423,-0.8629914234,0.7210781752,4447.4698531267,-3586.2878678716,5607.8251193562,-6099.6180478004,1276.1867689832,11513.256783211,-18019.4279666822,-2455.6470969421,-7860.3436237003,-4483.3237407578,4071.1414723217,-3901.0395222738,-1247.9339856528,-5943.9346881886,-4625.3140339965,-12292.895134166,8535.8551553379,-1200.9903580141,4506.3248684718,10296.9577466155,306.545984525,677.933624742,476.4212246485,2375.2209561427,-7121.7325343158,7333.8300004194,-1539.2472553902,-4095.0509685858,5274.8316775529,10456.8354706754,-3124.7053499561,-469.0492500261,8218.9936355481,1588.6256483146,-2.7519698844,49834.75969046,-4274.1359762696,22833.6874955612,0.0860316472,718.0021320918,-24740.1002508548,-4498.8325756941,-405.0129456867,0.5465984269,-1825.4460727199,0.0687512481,-1441.6709090387,6720.5433858359,-0.9331513354,-0.431571737,2281.2343448783,-4499.3535583902,5537.6484820996,-2348.520466601,716.8530565938,1316.7375873858,0.6133724528,-8710.3970782024,-1458.488543153,41586.441091981,-9235.8074740726,-0.75225188,0.4914594271,0.213378548,0.5825910675,-1359.8842701993,18394.0064247332,0.1412228955,3867.3571289625,-0.4383743734,-9029.8978956863,-6006.2872693694,-0.8340318799,2970.2757695251,4949.4820049642,1384.7197296598,1748.5104388294,0.5013824796,18172.4918626318,2107.8554566207,3338.9035014287,483.6469142708,-14145.8374550078,-0.8200190708,5105.2180881853,210.9380475466,-176.9020342868,-4949.2129358913,5632.4214003464,-2499.2518054496,2300.2526459964,-10055.602007901,-5657.5024177794,14864.1129066001,-1408.1427620044,-4113.992425736,-1913.6529320594,4423.4308569958,3359.0058671129,956.1192701242,-755.5455900859,126.3358269951,3347.0044939953,7.015180319,3822.3624497043,-1216.2572543935,737.194656903,0.1640368411,-951.2472232043,3492.3578637943,5228.3529070677,1.786313993,0.8523639743,13987.3024873481,-1207.1397172388,4620.6644476008,1293.0335595106,1263.6679421318,-0.6660438233,165.2744427771,2.7350001173,-0.1740717527,12702.0405594494,-3753.6911870256,2151.1766375557,19965.2176672019,-1.0644077446,-0.6562007122,-4664.7223509805,4446.1098870424,317.5275138197,-9.885122813,0.6395025321,-9754.8067102432,4.5093936032,19963.8156258155,-3421.3481029284,31356.416978082,-6.0114739415,5210.2925599525,9.1429323582,0.5078427513,-31619.7413893417,-43281.2759925112,-584.5830099916,35959.6173913649,-0.1119324552,-2139.9380087622,486.1365622238,-2889.3171472663,-0.8677535006,0.8984170829,1307.3592481321,-821.882869295,6.1528897308,2.1047723104,-3.5188947337,-68.3248495719,0.4382844683,0.0549410265,50.5808426559,0.1917946956,17.733716061,-0.9135526593,8941.8689018945,-1.5129304878,-3698.9122724379,-0.9280900315,-13.3879063774,-138.3307260176,6973.7198033235,70.1894141161,6872.9345528275,-7945.4865761818,5519.2135406969,1249.6771161217,663.2263144843,5680.7372782627,3970.1675018475,343.9472165071,10046.8168197904,28.910484448,-994.9714538142,-6806.658501803,-3797.4941295721,3021.8969873001,3577.2362968075,4532.8650775948,-739.1079878397,-3086.4905102117,-5189.3082680026,5819.3113746652,-6360.3340502553,-5980.2232860133,3186.3203636033,3082.5626203492,11973.9194878679,-6.8716823894,-84.1565119276,-3881.9801258888,1758.621026153,17224.9008351654,0.2878920451,1549.7616528606,3365.6619823698,-2.2948767098,-8633.1880411897,7721.1549848615,9591.5179816406,-2.826983676,-0.4022292567,0.9255720126,-0.7783555437,-1501.7329329954,-655.6862677444,0.4965868638,-0.2549579288,-0.7886839384,-1.4859869878,-2.9971582242,-0.0841656466,1737.9534158858,3569.5267477524,11562.8689161181,-2.0954244145,-0.3907459621,0.3120094638,-16144.1087453273,22502.0509769942,-0.3066862025,0.3215899962,-0.7341922722,-2019.8117625872,0.5660467264,1607.4924432374,-0.6375967998,-241.2973141988,522.46838342,7972.3821328857,1079.6670900786,-0.5042379947,13195.547711974,-0.8615111574,-11.719784025,-0.3261520257,-36506.9331208561,-185.4559355441,15473.1979900159,-3363.3556290022,-11.2666087809,-520.9555097722,0.6710654884,2186.3647417331,27.2300985685,-10307.2483042887,-3702.13252884,14958.3938367675,915.7643695681,7554.8661459855,2079.6852381221,1835.9039677092,9180.1892281157,7236.3440118313,3229.9420407303,-4990.5316699561,-6732.7035250974,4649.9662003103,-6336.0139120346,5103.466034313,4372.3961078174,5034.3803905077,-7288.375704178,5618.8116643522,-3865.6201254565,3204.2215359362,-5228.0082864978,-2834.2721501076,-5163.58771164,-2604.4666643377,-109.9473904287,3786.9854919066,-8741.549723378,807.1459827572,-6205.5790635282,-8484.3102285343,0.9902811747,-0.8767690509,-1.2043304642,-28.2630643452,-0.5312189531,1427.4352791702,45874.093653769,-3.0918978477,-756.2354757402,-26024.9815804525,0.5811722965,-1930.5803961552,11824.4030595462,0.8275473458,-0.3974530021,0.5206050981,-0.7222743479,5707.874808173,-757.2209983483,1380.3241284765,-5386.250870249,0.6309408823,5532.2088343199,-6791.4793751476,-0.4043442094,-24645.4111775648,14.4011870465,0.1023589443,27002.5481671681,-0.2002501127,49.072213979,0.9901748434,7356.3076219419,1839.18802773,0.1536094143,6093.9276034454,0.1246616036,0.5340251274,-42841.5187989321,-20.5166166039,11903.1051995149,-0.540602312,643.8788999942,-1.041545901,0.8915974371,6015.0378490142,7.3917271482,-449.8981805633,0.5533292529,-30.3869231502,-0.5596156984,-3902.3453470606,989.5590668981,-7304.1854052445,-923.9458354404,-12992.8267430903,8059.7879595383,2328.3809462905,9487.7156095262,-12.6374319669,-4742.154105828,-948.5023312785,-4998.2646840577,13794.6055677104,-4326.0579027419,-3579.0606078452,-62.3664357949,3674.0999184174,-4.2682394436,-2514.6469291573,10.3486759268,-3618.7940941397,25.2929843186,-8142.1663528284,6631.9193783414,-258.878075735,-12281.443196039,-173.6485050506,6374.1852030072,10993.8468497739,-2118.9139416629,-2778.0941718608,-2592.7726056757,5135.2651279515,1522.1275174086,-0.6807121229,5688.8991992244,19454.6255886142,1.2954653035,4027.6673288416,2252.6678548649,0.5365569137,4140.3800984687,0.4057710632,-0.6595664448,-40018.5554060221,1690.7538439646,5.5974283477,1701.308336734,0.9623699143,5.2943113467,0.5823582228,4140.8038160826,9.2977067177,-0.6944094275,-11418.0944267593,4438.5315077007,-5106.8001908172,-2995.0527968437,-0.0709276473,-8.6454344713,-650.9478070672,21534.9114278301,-2884.9693783209,-0.9025696696,0.6368859615,-3345.7996303629,855.6932441266,0.2417186723,-88.1167493167,26958.635438156,-2964.345509524,-16272.4462849714,0.8314675508,-6313.0787019208,-33489.8996357495,1.443769686,-1.3017008869,-0.0745169063,0.4706485815,-16262.7751772462,3.6888912564,-0.8576518421,-30.4164180167,1.2536860182,-4497.1850362397,5055.6656536213,1541.8817391804,2869.0740365431,-1557.6272832111,-2037.0404104126,2234.2254426616,-7335.7775388816,7112.2183696419,1417.4971819811,-2766.7533232632,-1390.3119030925,-18161.7471898995,2736.59431839,-4908.7644904032,-8921.2405127967,-1114.3859581629,262.2607540351,1327.4004276244,-6242.2902268044,5218.7541936609,-5.2647391378,-1444.3026867386,2072.471627625,-9983.7916120787,12671.9363445545,4209.3256857873,2787.191757394,16081.892820809,-2869.301047469,3167.1021191178,-2325.3307005968,-630.8013273121,23088.3040523518,4468.1407318392,25318.8783156622,2546.5167502138,2823.8379787806,-19.6603250863,-6086.5083372298,0.4353561483,0.1739819557,-4.0288459331,-0.8500531052,-15470.6262900161,2566.6367446277,-942.0684560033,-4545.5004666897,0.4971875121,3548.48773043,15783.4698112378,-0.3876511959,-2.9567769432,2194.720070429,-4345.2684580727,8.4568528275,0.3840674794,0.5047595881,-0.8938912928,-1.938897652,-6542.1418027835,1674.1739975325,-2903.98774097,1264.9813386281,-0.0811973332,0.153301545,0.1292240099,-0.1539263254,-2086.485890368,-1.2603842732,5850.3902422442,12.3039000366,0.8495732419,-30569.2491745994,-0.2181699392,17303.1121193223,3127.6780664019,-0.2999103529,1.0679800293,-7395.5204329462,-25033.6140833504,643.7106575767,-1610.8064008894,0.0721281263,-1364.0134251649,-1363.0474365339,-711.5894982225,5286.2115720856,7392.3385234541,2241.7515173691,1618.5475620738,-706.6158068479,-1863.7369086678,-0.8919207771,894.1693909308,-3762.2429114129,-4045.6220971151,4190.377917627,-2486.6811336332,-1725.410727829,8613.4912359985,-7296.1234271854,457.6554622732,6120.4517840915,-10284.8386078113,-306.5578688898,2820.5302377215,14271.1224451418,1342.6362733864,-16006.8130860692,-5639.4199157982,-4837.398682824,-5758.8318429579,8031.438773849,-8740.0547679249,-2124.9842233647,5057.680116242,-2059.1778261955,-17993.8225088287,9727.2115363009,258.7033205372,-18741.4772080249,3326.9081956872,21839.9598906778,1664.3688005469,7.3927835177,-3633.0234826985,-0.3141773411,30053.0462787525,0.8686673423,17944.0250868165,-543.3048914112,-0.8732330801,-0.4185604357,-0.3829332048,8.0187189068,5116.2158376399,2465.4354764657,-2.1792228855,3361.5852459605,1.442007255,0.2064090102,-1256.6101822713,8714.540133796,-16690.8942614155,0.4352383352,-20495.7667099445,0.794964923,-7217.1735763627,-13260.5472773925,-6251.2789482698,-0.070062245,-7192.2051787738,3864.5166735212,-7028.4378752675,1.1922048519,-46917.7782532538,857.8923970003,0.1689897596,-12000.5954167522,35.2148545456,5967.7600124693,-0.5710151792,19539.5847315439,6062.6711854362,-0.0313605332,0.2644263448,0.6842769083,-3298.0924274346,-2048.4819623558,4904.7929293639,12852.6653091205,10893.9287244028,4117.6660906226,3313.0165909183,-5143.1606094435,-9626.3527340356,-4933.6423016332,274.3841946047,2159.0270822234,1366.3520346156,17500.4166090175,2452.1974106701,-17.5902650307,21392.7797552062,7957.2419257134,-1457.734087332,-8857.2853900451,-4351.7792095875,-9358.7672209258,-2513.0783395313,-2336.3791858058,5725.3160927657,-13973.5763579872,-12585.1964545165,6835.938720514,-11185.5974780429,-7761.5599513966,-3004.6178132679,-6547.1434738059,-792.6230067461,23068.0697977419,-1.4498138865,0.4591437085,-0.0437585967,2464.8116389659,18.0790309013,0.379581809,-0.5733811314,-35202.7772002566,-0.0237586359,-0.1075202527,-0.128807193,6092.9126015291,0.2946842765,-59.8407923005,-0.6319726459,4857.4728023593,-3.7624686513,-35202.0912433723,0.5873529485,10222.3141156627,-18138.4230785852,-0.215806661,-14378.3214021693,-0.3351275619,11643.7024693404,-3112.5841716419,-1.1081982837,-0.3940653275,0.7089345191,0.7405263777,2195.444258059,2.4999680726,33421.0586896435,-0.2852995655,-1970.2394337725,-0.4727629306,0.8501192901,3407.9638608315,25972.3239174931,1864.5280479399,-0.0560716272,-0.6039788023,1749.0441137798,-13709.217285945,1.6067353571,4538.0067362684,-717.9122314275,-8550.9638350061,-14476.6807075847,1.1047575867,-4865.4308017121,3453.526560304,-10660.7212246465,-5756.1598279623,-18057.9253502789,869.6247202161,647.7530368595,2253.3209743811,127.3277411913,1256.2800997259,2897.3645617134,-5642.5776396943,5073.6412560435,11451.4811544606,-22131.2870484247,-16279.7894261587,-10121.515431547,-13440.6683420173,-2336.2781068596,1243.2675179966,22533.6977221094,-2.5375925283,947.4404839785,-9810.3468898814,1658.7544985659,2280.5202987537,326.7920055642,-2333.1322183015,-2679.0986133749,14307.5109009187,-9012.1873294865,-0.055976668,-10064.2655577952,-3312.9989753306,-2.2906054065,-4377.9325764149,1.5703827411,-15.0627855339,-0.072884711,0.3384187478,-41661.2808575652,-12102.9024066513,4825.1415187269,-0.9109524612,0.634671603,-42.5288392471,-1.9143310049,1542.7024921377,-0.2971238262,-5316.4544691552,-3195.7759013467,-12101.62126833,-32968.0078277569,0.5671915522,39333.3994330419,-1487.1026784765,22222.7801368327,-10.8629056089,11752.8104580591,0.8166819188,10838.0468725673,1.2757087421,-0.1083402972,-1.1553862028,3174.7086262202,18335.7629702607,-2361.1665594843,0.9856730094,3412.5606635289,-26.0783628325,2024.2756038225,-0.3749676865,8190.6366853711,2336.0782005313,-2296.0373366432,0.6723006471,2344.760183759,1.0013013274,-0.9187355157,-231.0514413045,-744.6212358616,-2004.2872046816,0.2569568293,1.746079993,13405.0116775269,10227.0582840685,-6858.3589311315,6912.9861597274,6583.6898256186,-2841.2836905593,-1193.773508239,-7233.029698152,-6651.4354837409,306.2807392716,-567.7316995882,5814.6640344474,-10049.5008212824,-5624.4874849768,-4223.9654215739,14358.9776868377,-3377.2916483878,-257.3359258978,-1194.7332881629,5398.6750829023,3562.0705045404,2696.8940340979,-5879.8867896908,6544.2241868306,4401.7329704555,7253.5199556585,-3335.2112262411,-466.3170048799,10775.1279387834,-14034.4809733014,5699.7432023384,1675.2540542609,4887.7751880575,2473.459031675,-503.3080375713,-346.2945742245,13443.9777112784,-35727.6665607983,9950.4814337492,0.1845023959,-11329.4992353948,-31166.9023817611,-6.9485093391,-0.9542837624,2472.2062083544,-12458.4869256682,1029.8403725001,23740.749507205,0.1382045206,34.0720311229,-112.7861254101,-31167.4524662565,71.0812079533,19.4881267492,1058.9176909214,15.6391981532,0.8258166853,-1.0003060632,-0.2523742891,0.2143911914,36789.0626620554,-1153.0350677118,0.6653191528,-3883.4029489131,313.4620917106,-9502.5207190149,3168.7797185683,-0.3222373915,3224.2859637708,1.9414518051,-0.2867799766,0.3437303364,-6370.0915803735,1986.8629248247,-0.4248357159,-0.7211580594,5147.6779388733,-473.8014322904,-4119.3637527142,-11927.7752391086,-1822.7788822413,2430.004266222,-11294.4838611963,0.1284837597,-9232.5914759438,739.6110185113,5463.2772142426,9361.3995357101,1434.8381856009,-3288.9930080184,-3389.2064250709,2022.0818555291,-4602.5218384465,2385.7332801742,5321.1929546771,710.5807085711,-6120.5277902847,1377.417722548,5430.6644969195,-695.180240186,592.1060629512,15753.2053581998,-8383.6239510255,2102.2521507476,-8288.2488445692,-6025.8836596781,-7.2050274987,-6004.420101523,-57.8515332789,1297.515433464,-3236.4488545746,-3844.3161044279,4.4532990567,-7750.836074191,13046.8995661864,-5228.081861765,-5287.8166572807,9271.3033215151,0.5356132714,35.8959926337,-0.3184102583,-0.8954294687,-2.0787886955,16109.1815401279,36.3985430605,4530.0109204648,-1.116990546,0.7708401083,-9.7691223918,-3952.3654132228,0.4511380599,-3012.4533502466,-0.1790128002,-2807.047296356,-6379.2422935644,4528.9608868622,-0.5026550226,20694.3458469119,-0.1993922101,-26700.7231559348,-3254.2542568983,-0.7212477733,195.3460597077,-245.9362653763,-746.2386106585,-1383.598839514,0.3217268525,-359.0352790878,0.4296515257,11823.2773914431,0.279784278,0.9873136525,31354.4125204506,-3.6714604764,0.2696302341,-8.1745658277,163.1039383133,19758.7992646223,429.2657060862,1.0645766144,-43330.9339478382,-3328.9452688642,-0.470338364,21984.9682506968,-9764.8243064565,-55.0826688925,0.2406091334,0.1636110181,-872.0864331902,3925.2132457453,806.0705205208,6870.3020677109,-0.6119714556,2002.915135823,-5524.8405069479,-2.1878205163,-6.791292318,-1983.2873006988,115.1775401881,-11488.8828706452,-3138.9959291784,1555.7161950327,-10989.1347875788,-2242.7139305732,-2384.8927617773,-11096.2710484482,4967.9893137525,434.4859203131,1753.255273438,2786.5334473202,-7645.8703862735,7777.0964703641,-1807.3383395788,-1467.6009539733,-6434.7169921308,-3.9461999064,-6565.9832071128,5863.3134048017,7362.2677559372,975.5331054018,24114.063883481,1953.2420534786,791.0539406554,-20385.7151696737,-1090.7613316796,1494.9800080414,-1.0191434948,3.3059197465,935.1583560202,1.1672628861,-14417.2729494544,-0.3434945557,551.6619331105,29.7397955594,-1.4827110876,-0.376684824,-0.7484065236,-737.6629624895,0.7092356587,0.1207627007,-16209.3752249887,148.347740106,20200.2264584232,674.6560912964,-1828.6907766646,2981.2991208378,0.150651029,-896.157949617,2387.8246457539,-0.5984866365,0.7672731325,-9213.2179301709,0.3849150152,0.5169072803,-30851.9988102429,0.5957398002,11593.2685913351,0.4026178602,5730.2912571925,-0.6348238253,-18222.4217886951,5543.3795174481,1579.5647574266,18422.8129358696,43.2204234454,-0.3624335786,-5258.9078653616,27579.4876945283,30894.5219730718,0.3035826989,-3517.8599286081,-0.1422833735,-2979.8603336246,6593.8011310393,-4723.9199287231,393.1110396051,-3818.2784098725,-2372.3352323401,-2306.1138021943,-7951.8036513705,-619.0097050509,0.3548253028,-3867.9713121932,1859.6395680402,-36.7903695775,2399.0356043903,-2737.8334747765,5279.509601768,3021.7684531829,5901.8467577069,-2907.8730545795,12364.6334275532,2146.7832641504,1645.6768833799,1016.5559524881,-2675.2495545682,579.8523129515,2617.8336229735,6010.9275135427,-1224.6295829729,-4956.0315367728,9334.6759037165,-8339.096339694,-1595.0666467799,-3412.3030925012,5738.5247885204,0.2092789031,7749.3657126973,-1055.2476066394,-0.1793474295,-0.1104429829,-45.2506699557,0.6228002498,1988.2289417913,-167.5710088062,0.734173168,899.6475144032,-20758.8314811085,-2734.2691983051,0.7609406182,0.6179487863,-2643.5395088112,0.4153295638,1987.7261291522,-3495.2788041062,-6182.0862589748,4.6059880372,-1226.582921865,-0.6655205008,2638.9039527675,-0.504561249,-2849.1954732401,-8446.9976889265,5984.3551062032,3992.0848262479,-905.7546542079,-5123.2518402995,-0.4329106571,0.2714867672,0.5038777852,-534.6207244678,-33990.0827091641,-424.5348218495,1.0053170705,0.0215244773,4367.9358701014,5975.9889827241,3836.3129394966,5730.3226896578,-24.4839232603,-712.6719660805,1.0071377694,-3013.0290280741,22.3718763045,2190.5355554101,-0.589439713,5633.4447162371,-2962.6341526149,5741.3127109188,1940.3783729228,-9878.0887904884,-3.2066788816,-2206.8061796883,6289.7914954025,-3496.2046987973,2701.5803250608,-8213.7133960023,-981.3869800768,1140.6992283004,3103.8144112035,3654.395573874,-5531.7058735918,5195.0357621676,1221.5836887231,2037.1134378196,-2459.1222862381,7506.6275893224,-35.5553609045,-1841.8486477752,-2090.9892215206,-1855.5856114273,-1467.7647197028,-2791.7225118087,-5682.283800064,-2583.6445285996,1940.3352088104,-2615.8476254037,2368.0216768105,2843.256186984,8821.9854660337,-455.5279440179,-3217.1548176987,-2.5799662288,-6204.2089657329,-10.6220661671,21262.6714173455,-7753.0226635702,-0.1526269032,-1.5155891551,-0.1245895301,10892.2976725197,-4.2515822888,1509.2951817255,1994.6762514182,-0.5679868014,-7683.7215000407,-14414.1076134142,-0.0984550012,7408.7874699043,-10930.589720996,-22130.4234729022,33.3329026824,-3.8003534557,-1.5625370136,-1.2275232077,17014.3693731175,1757.7696983101,3160.7753836074,-7405.7542181589,-0.3764961645,7883.5049813366,0.4146544592,1.2127387637,0.6660604898,6606.9394026477,-0.511993172,15.3486616901,855.6726591872,28476.0186598513,2733.2184248821,17535.2578098847,-31733.8219411004,-0.3088329186,-2756.0531098494,-10534.7866426824,-21065.3120783287,-19713.2362509715,7664.9158696573,-26489.0141895474,-0.7769373355,-1056.2963606914,-557.2534380075,483.7166727926,-4082.8348909663,-11083.3979207375,992.5709447859,6495.2866412802,-1336.5757922114,-10537.1676230676,-1693.7954503687,6618.6042800309,30.5950175525,-4579.3708866598,4283.1726760069,-12452.1726080094,-1832.1157683003,1107.7621597465,-22560.3145732255,-2930.4345105703,-471.5600066154,10703.890838992,-7629.0804621281,4910.284894974,-23.8706463771,-775.7091492347,210.6528581055,-6283.4331676144,8247.8253562913,7608.9024300508,20783.5192119527,-16050.8046203693,5237.9327875356,-2282.2092838217,-53.6854424055,-27737.47810535,-1115.8045298048,-523.845652739,-3846.261353028,3572.2434434747,-25.2327991552,0.274165071,2030.871129244,-0.1831145737,-0.5774019882,2310.080972997,1863.9171351219,3805.2369714682,-12480.801621927,-0.2691144284,0.3064096711,36.0584934745,2030.1324845016,-509.7298093109,-1165.3686471727,9857.7761488539,5081.7929634917,-43.1853060943,-0.8835149102,6904.8205165233,1227.7455681426,-1678.9395016014,18969.7813980891,-15076.8272509212,3270.4512290764,-9773.6923386792,18557.1362208247,-768.6698867329,-0.0642700874,10905.1164616138,-8262.957363916,-32749.2188257384,189.5925088756,20422.4016886356,10067.2016169418,-526.6426569469,-11789.936943294,510.5383005462,-0.5347985482,-0.6337262221,-0.6672981774,-0.6670325552,-0.0449702285,11639.7607680012,-0.0719773406,1265.6033096434,2390.1247409246,-5404.7075382196,7570.1694163958,16497.9398904655,-1.5111652087,-1872.6031481706,-79.2429347044,2366.0833983105,-1092.9578761657,-721.7786551498,-2251.9376870888,1681.0658850343,270.3006883099,-1359.6821314134,-5437.8825579565,-2146.8773547904,-4032.4873578923,2.1556267149,5.754368675,6664.7573796859,-8125.5057973269,8.827047828,3465.5522551281,-435.077248745,-8682.4812061337,6093.5204977643,-2705.2197803392,340.9702915489,-21123.694727513,4665.4300527129,-3940.6467569538,-3486.0855440518,-1.1800293833,-0.4950713055,-5451.8803107503,21.1172337484,-11.3061555887,-0.2539613381,-5313.5194085899,-1.3212510418,-1989.7330629661,1.2666158856,0.1565727932,-15110.2195490793,-42205.5833225193,0.8555667393,3.095065732,0.6271678509,-1.6344816212,0.840678293,-1989.3340309855,-6894.5395195045,98.1070624265,2158.4282976647,-222.67202242,-0.8892166009,0.5411268168,7382.1063312697,-22.0396334223,685.4882026999,-2142.4055073163,1.1059033006,-12.0682465412,30320.2399642643,2.1911618418,-37.3918708303,0.4400587186,39880.9323455542,-0.843005725,-1845.4678238539,1715.9229711179,21978.5555051129,-1009.3957345424,7.9585009299,0.8480415632,10541.5588590351,-41000.1705269418,35.1430510087,-3236.3115200353,6.1234132504,2093.4495480072,1532.3319957814,-0.080481665,0.4277803665,-667.0142449888,3689.6913516298,8828.3520001281,2640.1076023324,-618.7594424995,-331.3155431801,1492.8925377207,-0.0797098494,-39.1388308925,781.4447939033,19839.8755677396,-3475.2140229779,459.6133763269,-1613.7880547609,7867.6693170625,9.8751878224,8304.6627050856,3821.492635513,6719.6178405004,4283.9340268396,-7751.5551248282,-1225.8098299377,619.7122498186,-24.2833265666,23.081877593,-5003.8556323138,3904.8296158705,-3681.5496654228,-12695.9698065868,6984.5418107117,-6052.7553828952,-7.5233467994,-7751.9129003132,3898.6515628474,-9138.1166364537,46702.8830635089,-24814.9952384459,0.2020322309,-11338.7764196372,2088.7087570832,3732.1471466188,-0.0647233433,-0.3280225608,-1560.0867382816,-4672.0986932194,26934.8228776971,-0.7656058531,0.7405518012,7161.0514715022,5150.4588168729,3731.705520463,0.051415526,11.1295814886,-0.6700806239,1.3558805457,-0.7698469139,-752.453904131,18.4985872943,-0.9807324588,30.9771820771,-25016.7495698883,0.3575638851,-12472.5799402065,3242.7360153231,-5318.9683118628,5615.8910524419,-0.6413181467,656.7605139356,10104.0518825995,17579.6431118555,0.6191994627,-43990.8643984411,5038.5663784897,-0.554027723,20375.81451713,-0.1201279375,-5133.2168737259,7683.432655788,-0.5519108677,-1144.1879213493,1809.7536549552,2627.2571930002,0.6739734318,0.0629795798,-1034.3570560252,-20700.8686822748,90.8896588799,-7323.9295277166,-6471.7720523735,-1214.871164556,-541.1991843395,-3401.2410371284,2853.0787163237,414.9896508597,1821.0953225629,13289.3237602593,5180.2255180343,-7751.3783689283,2532.6623481305,5465.6344158675,-3723.3910441605,1225.9407767061,-556.9255563516,6259.1641759641,-5094.1848040516,-1.0716282664,-6406.4472486533,-9037.5320881384,-0.5890827448,-10.2275867026,-1268.1554653203,-3045.3897072377,-1499.4587211221,-5417.0894596671,2866.68506199,10756.3400466553,-29817.0223188019,-36.4237675423,-1.6725629176,4038.5109965489,-0.6670523448,-0.3800641445,2311.3826146521,1.0360354339,1384.0129766579,13524.4243487753,0.521074201,-3859.1247139023,-0.9094118429,6511.7261548776,-3030.305422159,-0.3929434347,-0.4720447506,-1.0640085826,1383.1889679923,20440.5069506431,-11068.8733416796,-1065.7016726811,0.2529416278,-15636.5615908732,-0.8289845229,-1060.1249102205,10491.6025133558,0.2910164857,-0.6251864262,-0.5013765046,9599.6672707915,0.8756361645,10686.8157435469,-0.9667884012,0.5808757127,7031.6549137884,0.1270360082,-1292.9976835265,-0.4052653157,23562.1131086929,-2.1071466724,-19527.0136068395,-9754.3027721407,-0.7850408085,2116.2041641836,-1256.0588503917,-589.1792050986,-8450.9814089298,2434.2954371502,0.9842635382,-0.5615319351,-18244.2522050871,-2493.8998792083,-4818.6850693633,-6990.3048358372,7891.1474648748,457.7354900055,3632.2443641341,-3.5774149268,-11220.8217837643,-1895.7526310088,-12967.0313739061,6842.9023202778,6694.0595746855,8788.739253733,1905.7763134287,-2760.6377338094,2323.1124069819,6717.4547826835,-170.9364371394,-3659.0708626674,6065.0772310211,0.1539228061,4693.1581515621,-16870.423315056,-3209.0645305063,-0.6623983401,6527.0621494976,5968.3025359678,-1777.819026997,1365.393369412,-5694.3768457645,-7409.4403499706,8859.6718645263,-1076.9251258721,9454.6178892093,9897.2459018943,0.2781482458,-0.4955741192,-2596.8900392411,-0.0745827871,0.7571371402,-5.5381546203,-3592.0280299219,-0.5209932329,0.7620249698,2.0991113644,0.5301340194,-990.9084789035,0.4007798684,1430.2817028276,-5350.7696978793,-5.2763112896,-0.0727599958,42175.5339647106,-7520.0984065013,-12820.0359171189,-0.5560681941,2091.4641556943,0.1758798214,-1814.0750468309,-2035.2545437501,0.0979190968,0.7129218801,-0.1812201417,12.1983069335,0.1811277889,-23139.8094089807,-0.8880725159,332.219394736,-585.8154373183,29637.0681743709,0.0117043333,-0.7701925116,-50.0231923509,80.1834640682,1184.2940743845,3177.5851182273,7003.1425377795,-2.9465748403,0.1277308705,-3065.9099100558,0.6854842361,-0.8863124304,-0.1472491127,1306.1636758132,5110.773019204,15139.2742346146,3396.9746884321,3732.3674381838,-2667.9147192001,-2876.3824077432,4423.7896705229,860.5216378887,-0.579457678,14094.2709082833,1563.5051534863,-32.1932863243,9810.3233994205,-144.3107344958,67.3791844096,101.7156290716,5480.1353550365,-8842.4819898091,248.0898252172,2207.1727847814,-5799.3696566915,10323.2046476124,-2479.7636141641,3806.0801814148,28.3000778058,-5561.1251960796,14.1274317069,5220.9552630819,-9281.1228851419,1568.6385380296,33.3714332688,223.3593976436,23932.4231144864,-18.7337729092,47.8601986115,5669.2760521547,-0.1971035662,6517.9132296043,32.5638362487,-3791.3397163068,2193.3369499989,-43.8755923964,0.5899427245,-6156.4444703042,-1419.0121410898,152.4849065063,0.8973821059,-0.2844385092,-1090.9155108023,12312.1632834124,2193.1343263129,2.8472694649,-1826.3431333592,-23362.0843096518,0.1168776756,-2288.314509407,-12750.3381704629,-1.0160989085,0.4754293628,-1996.062932939,-0.090793393,-3750.9970590208,0.2861029967,2085.4869191802,-2205.8954868645,-3193.9622805578,0.3963399661,3201.9498575626,-0.9506011516,17094.8470408733,37.0185237808,19455.7455943702,-2758.1057953945,-0.074460279,-5152.6709063086,0.429578931,-2095.4845304887,0.3192144325,-2464.6297062104,-989.7249841384,0.0675559469,-3432.2615591626,1.0655446753,1136.9440992332,3226.1351312315,-1255.170814439,-4345.4788281103,883.8124907509,2657.2268625153,-7891.9663471386,2291.1020899896,-2631.1272249928,-1336.4657986002,882.2820100434,11623.7716735713,4604.6386917964,-1782.6921649537,2751.4216949878,4664.1868999326,-2534.1277671951,3917.797926949,-5252.0041807522,-5172.7997544927,4518.1444692881,-2522.2429895861,-2317.2464800996,-4.2561234711,-5296.28139258,18990.0031637954,-7482.4770016086,-1.8352211928,2318.5287180454,4155.2716750759,-1146.7830439077,-10649.4645015208,4497.999144203,-9619.7072522981,-0.2409874015,-211.8642576942,-5.3580260442,4162.0769817325,3.5897325944,-43.0524640679,-8.2333392185,-20.9421140494,1.2980982104,0.0388000576,0.353761807,7759.3214632153,-72.0268973758,0.6608304176,-0.3811476686,4.3379075491,-0.7810341374,-20.1388936017,8614.7072252797,6793.2135722305,12574.8724561292,27187.323723598,193.2775570122,7760.5779451573,-34.4644014012,0.7394978901,-977.3762360761,887.7689866033,-2621.9008371303,-2140.7629158463,24568.6711082913,-3440.9655413474,-5556.886896012,-0.2378959909,16797.5930962691,-23620.2354504702,-510.0035994984,2044.5966786252,1609.0071374626,-0.824519569,-2306.399722259,2.1361151448,4337.9253130734,-0.2599224482,1.0020677882,0.5557478622,12441.7446763864,7619.1686010477,-7351.2023655395,0.4870264871,3155.5380784353,-12334.7368091377,-9189.7237772171,-8103.4007239751,5060.2232779847,32.9246623753,-623.1458485956,-8170.6573656262,6867.0665737217,-4965.3621336957,1246.7006198723,-4722.3173792288,3217.8677319716,5551.5235164859,-18797.5216786044,-3835.0070344351,1529.0313615644,-4169.8578360762,7519.0043158498,-1383.8449531533,24077.5612595589,15188.6144298801,458.6714443005,-7267.598699899,11.5466231338,-8430.6525414584,1001.1433471828,-13.1597506615,-5606.2239239296,5884.779055976,-10591.9451132057,5878.5402708084,14718.0615403406,-271.2419841014,7.8280417175,-2.3525729338,3241.3577980149,-327.6622104767,-9.4518470263,251.2900944381,4869.2046657372,-22837.5333666062,-285.5505877247,-0.8465047898,37.3532136163,5534.6161439746,-9097.9783352239,1.3093111084,0.8760216226,0.2805742968,0.0935697019,-22838.387118547,26432.3125364957,5758.9685662398,-14.906405261,4358.4362999974,-43.3700951168,0.2822445626,-5162.5203592063,-1703.9024991975,22327.9048423979,-184.7073830917,-900.464387486,4921.3078091765,-5522.2256107942,-2049.8000503996,4798.8074037922,-0.0720640521,-7516.3005726929,-0.2887544666,420.8022240057,19323.2635783203,-0.9155338568,221.8981699017,0.0585886605,-22775.9399036333,29.3303142292,-1466.4487095853,-3.0003641677,1.0669723067,-6657.6040866833,-9453.202407003,1867.4139902114,0.3145363134,3810.535392255,297.4332925037,-7200.2360875375,4295.3467500984,10793.091789455,-2.3086413948,-25.7557879863,-1461.9483925867,287.1573603177,9000.2794021594,4592.6498069102,14483.3439412766,-4404.3719000616,0.6929432565,0.1686735378,-3480.7230206399,16536.8838441095,-5924.9451167755,-10279.1956967114,-3731.0935593102,5152.0673759197,1840.5923224969,-12320.1593165523,4838.3930118431,-6670.5538401419,5771.7671147041,-1983.8051401975,748.6580926868,757.8719463262,3952.3096898627,1358.9965049469,2790.0541579504,6055.5949764495,17969.502968886,8.0624754667,-549.1265457198,2613.1550838313,21816.2529739121,58.328484933,-1480.2159411456,1895.5056937594,-31656.9561408099,3699.9930351024,0.2688422004,-77.2748669539,-12538.641104545,-8483.1375845452,0.5376028188,0.4856599516,-1477.6708611633,-0.9646662515,-31655.6135369271,-0.8401839788,-45.6560151962,9.0577882587,17951.3905562418,-111.1583408654,1985.2976739933,-4013.6579676842,-2304.0660022469,-5199.0739733308,0.4652048925,-4727.2583960485,19252.2280096688,1395.2847978033,0.1214583756,-0.1431425068,0.7811809469,-6484.2136551602,14.0655094088,7403.047849357,15.4714181491,12400.6696690533,105.6608994345,24716.4710705207,14068.0823348002,36.4059966098
   -1725.6783487246,0.378716391,747.6404479504,-1791.614471882,-1688.364452968,-18027.9807246421,-0.0130105797,3719.7754190769,-6463.4281374872,-2435.8606731463,11363.2225612068,3091.5399766547,84.9793416991,-7527.6749334889,-7017.6764886069,-12480.6067379575,12798.3336406008,3213.818259775,1970.9492554527,370.7738179123,-4.0710807107,173.3083355396,1995.8758498126,4928.2678079009,1147.0352003659,-1825.3999446174,0.8140352895,300.8445975716,-6.1599614971,-1672.4337777238,0.1542953173,1433.0455720994,-2256.1972634092,-155.5812886872,-3415.483181257,8191.1670392677,-12518.0822994159,16402.564700236,3712.195233342,-4272.7385887515,7144.1515570186,-35303.0398841844,-3370.5717229346,12.0933862606,-91.456036206,6887.4494438204,-0.2428536219,-0.8405077204,1776.4823554397,0.1974585921,-0.370475171,-30641.6437651639,-26718.2784941555,10892.4941526969,-0.0444658034,-0.694571178,-36495.8970990054,1.2330129113,1775.4413566588,11778.7049163888,-184.9715008001,19982.6797724434,-3094.3197746117,3895.8726576278,0.4497579829,-586.9801911769,-17248.5470447749,83.8268173355,-160.004747516,78.4585922884,-108.0414607703,725.4625792933,369.0747292084,-393.9857917194,-0.3411977919,1314.9476697209,-0.9076188978,17733.8454603349,1576.1025865252,2965.9666084492,2705.2906858911,0.5214179581,-23798.1131554172,-1122.4787086545,-11764.0870452398,3.047453238,29.1587671709,0.0248933969,54.1730300621,6835.6754769348,0.1564888407,-685.3555764389,-7484.3466245149,-3504.0795917773,-7417.034493885,-3723.1825563173,-3112.6114543273,-4925.3776777008,604.1371271389,1593.7120581976,-1714.5667836269,2360.6214681475,-6723.5576212759,-4241.8507094156,1864.1669606266,-4622.9787198901,0.0752793532,1671.3659947524,-438.4637499703,-1265.382018304,-1054.3603929697,4775.7829609041,-804.7196063158,10433.7416380567,-5313.4611228154,10736.8862041445,6.5009812291,-2278.0225465742,6205.2952732531,1951.3204042283,-1830.6591712445,1050.8316777068,5055.2480756878,-407.0307744314,-47195.5662943305,1078.5731389215,1.0414638079,1.5378544243,-19.1832685768,-0.5499614224,2473.1847911891,10.2602989691,0.154273034,-3.9352962259,0.2694970005,0.5541176291,-5.9031999589,0.7760531657,0.7013774684,0.4905638313,-0.2339245883,1445.8553412825,0.773127226,20046.5545749914,-18431.562300563,0.9200193481,0.9476210219,0.0580816934,0.6871685664,-103.3554352582,7623.6360903866,556.804151877,2507.3303124692,0.8136218085,0.1219853779,-3818.8701156489,-0.7471817354,16487.5770258109,0.8562196466,-2345.2411542324,15.221213981,942.3129285162,0.6658924991,-0.0000744658,4857.9934563523,-2681.5750917777,441.1074774186,4308.2170995366,0.6343121098,-16595.8055476015,73.0097400959,-41541.5342726223,8530.8073298083,-1285.9374067199,0.3704832907,1176.3508417445,18852.8288573605,-728.4070228081,12036.8372698435,8089.3230056561,-8537.23183763,-549.0610550359,6127.0705564105,-0.7923388737,-8952.5821458715,6027.8844639803,10957.9286310504,-8818.2875456498,2550.0188649139,11146.464645298,-4262.9302210701,948.8844435918,-4.9355658806,7595.3676503966,-90.4955485772,-2999.9487462758,-113.1203171845,-3598.6255894506,-14271.3763367318,-95.1977080347,-13364.3573648562,-8180.0783658875,-172.967646797,-8497.9777342015,-11387.2516684454,11562.8413587248,-1549.293826143,-8125.2325714404,601.2491728929,-5450.8735733319,-6062.9701359547,0.2229966256,-11582.5605717078,1095.1513998995,-4798.8213297964,-4841.6672434318,36316.038949425,19.085286587,0.279821477,-4930.1632913813,-2181.08694342,-0.6988337242,2082.1477733812,0.0422664653,-0.2240606451,-27178.5505410262,36315.0288784265,-35.3537229622,2450.6144281305,-3737.443544951,16004.6229371026,-0.7839362862,-2033.967472458,27.6064862634,113.9673955778,459.3855428231,0.2586590655,-4274.4493008836,2.2225375143,-2222.9154852958,3.0212805924,-27674.9145240771,-0.5371606902,4933.3509095389,3759.1549169106,-1742.7936838233,0.2189949766,11995.2766045903,-0.2612757271,-20735.0675170797,-40520.9715705451,14.9455797772,3175.3723333761,-1.2641987241,-8939.156725716,20979.1918301962,-1228.4253043968,-0.5923966403,-0.8774698307,-6592.8276892789,-4609.8662666784,-10898.2328831916,-15249.8519055977,6488.57984055,2968.0988676119,-14.8250191363,2237.2417500853,14705.3623547543,-3722.632083137,-373.6032482467,-5872.5731813525,4990.80244306,5323.7907814702,6737.3300063831,-4717.7604724775,-5021.7110264542,265.053846782,5069.2833805309,-107.2528275604,6742.9954474054,-2.0553793781,-1966.2329505213,-1921.3506541188,-5797.2610025072,2258.6516441303,-3518.9399620498,6149.2887639271,-4033.5098972541,343.2916855936,-9865.1527189796,17300.2800807131,-1378.8456900497,5.7560235713,-3747.8917267719,-0.3382233079,-1051.9305610041,-0.5000143931,1190.293383877,-1532.2186611395,-1.4073209406,5999.5105194264,0.9366101921,-0.5270563792,11882.2967228287,6.8886347406,0.8808162108,-1.1488826401,-0.9828269708,20.372272343,-3385.8887730327,5999.831441546,0.6844430832,-2318.9212065004,6863.6928022304,-297.0659218983,0.3849331515,-14638.2989072564,-12534.305402983,3187.7326675304,-3.5953610787,-0.4635850115,-9.0565648552,-0.5961045133,-8466.880699494,-0.0440933744,2517.1016381085,-0.7814575865,-1608.2778417804,1563.0925066361,-208.7291418198,-16254.1699801404,-0.7071547202,-2696.2792057614,5336.5241116986,-52389.6113011077,-10965.1774028781,6982.2499464031,7506.7613527061,-12135.9723750242,19174.5740687071,-19.9626162412,1224.7992273672,-0.2271556555,1796.9015101628,1443.2563689193,4926.4735952781,-1534.0812405949,-6900.3185270772,-30.1757293505,-14582.7975389739,-18553.3446069676,-293.6215752528,5768.1160207417,-20.7546779987,7293.8849325179,-4871.5603778218,2.7563291589,7768.4002549783,10234.8037698204,12830.9373907648,4543.3527580839,23.6616606344,1404.4768294673,-5829.2301064875,10332.5771271323,-7047.495338743,3519.2646557247,-1467.6752254772,-7186.0900073941,-18057.0590964101,-7561.6876462351,-395.1105326997,-7982.5354962182,1396.6943541071,-2527.5946072376,-3042.8423516611
##end
biasActivation=0,1,1
[BASIC:ACTIVATION]
"org.encog.engine.network.activation.ActivationLinear"
"org.encog.engine.network.activation.ActivationLOG"
"org.encog.engine.network.activation.ActivationLOG"
