encog,BasicNetwork,java,3.3.0,1,1425320699662
[BASIC]
[BASIC:PARAMS]
[BASIC:NETWORK]
beginTraining=0
connectionLimit=0
contextTargetOffset=0,134,0
contextTargetSize=0,32,0
endTraining=2
hasContext=t
inputCount=50
layerCounts=50,33,83
layerFeedCounts=50,32,50
layerContextCount=0,0,32
layerIndex=0,50,83
output=-0.0841270126,-0.2757162711,0.237503924,0.1975453969,0.1584302077,-0.1854451871,0.5548803693,-0.0455090237,-0.3291078833,0.4194222764,0.0000165581,0.2461954671,-0.0841752356,0.5883686748,0.0585555147,0.0000277829,-0.3092181158,-0.2991814409,-0.4305792537,0.2353259351,-0.0168371528,-0.0216775924,0.3225143555,-0.048900261,0.4205511243,0.3856454353,0.0478750808,0.3203523854,0.2300148794,0.3980312954,0.1201957847,0.2837742192,0.1366091838,0.2681246745,-0.0000663564,0.0782431329,0.4239141214,0.1726324482,0.2407581015,0.0079622347,0.2452353704,-0.0131183967,-0.154405276,-0.1243578542,-0.0490657975,0.1334119842,0.430815657,0.173158421,0.2421513949,0.184406748,-8.4652985027,-10.315541829,9.9624539462,-9.8822577641,9.992944188,8.6148559715,10.7130160615,8.6700497154,-7.7321952103,7.3570011711,-8.7282308658,10.6250391589,-9.8570354431,-11.0712874405,9.6622237635,-8.5195170385,-10.7520143491,9.6023347194,9.1580734691,-9.5081637349,-9.809613317,9.7433996732,9.0303533852,9.1916500545,-8.4239072166,-10.2039457723,-8.7949763476,10.2652603386,9.5420254335,-8.6853511781,9.5981737306,-9.2227951394,1,0,0,1,0,0,0,0,0,0,0,0,0,0,0,0,0,0,0,0,0,0,0,0,0,1,0,0,1,0,0,0,0,0,1,0,0,0,0,0,0,0,0,0,0,0,0,0,0,0,1,1,-0.0841270126,-0.2757162711,0.237503924,0.1975453969,0.1584302077,-0.1854451871,0.5548803693,-0.0455090237,-0.3291078833,0.4194222764,0.0000165581,0.2461954671,-0.0841752356,0.5883686748,0.0585555147,0.0000277829,-0.3092181158,-0.2991814409,-0.4305792537,0.2353259351,-0.0168371528,-0.0216775924,0.3225143555,-0.048900261,0.4205511243,0.3856454353,0.0478750808,0.3203523854,0.2300148794,0.3980312954,0.1201957847,0.2837742192
outputCount=50
weightIndex=0,1650,4306
weights=##0
##double#4306
   0.0019499894,-0.0024055311,-0.0056926462,0.0004861181,0.000083892,0.0018572852,0.0006811065,0.0025634516,0.0009374063,-0.0055449494,-0.005594584,-0.0019858999,0.0002999527,0.0008700962,-0.0038115141,0.0014104689,0.0043847767,0.0042183053,0.0028583795,0.0039612158,0.0005377205,-0.0042022263,-0.0037528606,-0.0011311583,-0.004493815,0.0008236297,0.0032208615,0.0016316098,0.002198941,0.0029048603,-0.000641874,-0.0034156173,0.0741336735,-0.0001116792,-0.004089944,-0.0064584215,0.0029610337,0.0051574357,0.0014234334,-0.001575684,-0.0030976848,-0.0026927081,-0.0002706635,0.0011528422,0.0051528003,0.0076092492,0.0079917662,0.0125110441,-0.0027553341,-0.0019022954,-0.0090907898,0.0024227325,0.0149648067,0.0004668644,0.0042132515,-0.0024830038,0.0031448567,-0.003087554,0.0060901648,0.01385628,-0.0096644068,-0.0084521067,-0.0007959965,-0.004819419,0.0092948625,0.3172085954,-0.0040096985,-0.0036830447,0.0002736452,-0.0005175184,0.0138990997,0.006716201,0.0010555654,0.0071761787,-0.0015505455,-0.0012285313,0.0002528495,-0.005555398,-0.0010391559,0.007006973,-0.0036324665,0.008884501,-0.0015650052,0.000086808,0.0159888598,0.00163619,-0.0046352478,-0.0011436407,-0.0170669816,-0.0036058714,0.0059043264,0.0086738061,0.0016010049,0.0051151411,0.0035109459,-0.0053478267,-0.00233087,-0.0022163506,0.1500606513,0.0005004669,0.0032146126,0.0000699935,0.002616066,0.0010397131,0.0039200454,0.0016081084,-0.0067585586,0.003394319,0.0006857371,0.0024734523,0.0028052702,-0.0076392053,-0.0024707575,-0.0026160576,-0.0048581332,-0.0077706142,0.003340646,-0.0011005379,0.0026840435,-0.0006587659,0.0028285212,-0.0048965168,0.007172472,-0.0011850433,-0.0015514267,0.0017676529,-0.0084050496,0.0035352549,0.0048426641,0.0021552083,-0.0000644251,0.0788234261,-0.0028636751,-0.0075432907,0.001188871,-0.0011653271,0.0035454834,-0.0030136961,0.0017727389,0.004738966,0.0004866127,-0.002142698,-0.0048013859,-0.0082526836,0.0100911588,-0.0046906531,-0.0011208414,-0.0087482738,-0.0080799657,-0.0031491102,-0.0020352502,0.0077828077,0.002908772,0.00180266,0.0026171536,0.0029490986,0.0040274516,0.0062543589,0.0007797896,-0.0004210295,0.0050505559,0.0062197787,-0.0023240362,-0.0001751074,0.1442866086,-0.006956538,-0.0003475314,0.0082527041,0.0003654526,0.0033531658,-0.0146024831,-0.0006124716,-0.0065753603,0.0028012614,0.0058807004,0.0059687112,-0.0076624176,0.0063213517,0.0015380375,-0.0021922984,0.0036225069,0.0002635851,0.0004639547,-0.0030471955,0.0022516428,-0.0020999394,-0.0104528327,0.0015955912,-0.0091697302,-0.013693679,-0.0013491347,-0.002184154,-0.0014990722,-0.0024767575,0.000381256,0.0017582613,-0.0062998815,0.0904642745,-0.0013221717,0.0052304349,0.0007637028,-0.0037546098,0.0081252048,-0.0022685703,0.0002859123,0.0000996191,-0.0081768705,0.0065679979,-0.0044089817,0.0080497033,-0.0050461139,-0.0011416019,-0.0077161873,-0.0050406956,-0.0036220642,-0.005694673,0.000380534,0.0009332467,0.0005304335,0.0045675207,-0.0132342288,0.0021565506,0.0019858718,-0.0043678368,-0.0027564953,0.0047690772,0.0061888389,-0.003173186,-0.0041959671,-0.0018890274,0.1377393091,-0.0049460523,-0.0037645164,-0.0038529233,0.001596025,-0.0024008127,0.0015287485,-0.0007371809,0.0025121463,-0.0052597263,0.0010795918,-0.0031153875,-0.0010232561,0.0045363981,-0.0076665932,-0.0062619441,-0.0065453605,0.0002230444,0.0028921903,-0.006699469,-0.0029466415,0.005447351,-0.0073861615,-0.0008623016,-0.0021491629,0.0089706243,0.0046660141,0.0089706337,0.0064567749,-0.0008318786,-0.0038823466,0.0062694972,0.0114364465,0.1407506701,0.0016909238,-0.0006802188,-0.0011346418,0.0009467416,-0.0042731639,-0.0011758619,-0.0027714904,-0.0005125978,0.0051079177,-0.0073208034,-0.0021131711,0.0047172412,-0.0002746016,-0.000644824,-0.0001952268,0.0037022648,-0.0036550666,-0.0015991124,-0.0124906129,-0.0046527313,0.0031079215,0.002733057,-0.0024948006,-0.0033012095,0.0076490719,0.0030332536,0.0007678687,0.0036603913,-0.0070389285,0.0027164461,0.001707892,-0.0019152426,0.0583921402,-0.0112741418,0.0014583494,0.0005000572,0.0050349803,0.0045978189,0.0000068225,0.002812985,0.0011570937,0.0121882586,-0.0048430177,0.0118769685,0.0013043634,0.0061262248,-0.0041761572,0.0029115445,-0.0064715119,0.0020006362,0.0000649013,0.000360234,-0.004315996,0.0114126737,-0.0010042949,-0.0009398953,0.005131773,-0.0099665149,-0.0057144297,-0.0034854052,0.0004310681,0.0078119282,0.0045015604,0.0025588809,-0.0072800319,0.2033090112,-0.0000037225,0.0000018422,0.0000007573,0.0000013452,0.0000003887,0.0000010049,-0.0000006449,-0.0000004125,0.0000019651,-0.0000015184,-0.0000002326,-0.0000013163,0.0000022499,0.0000013077,0.0000001311,-0.0000023408,0.0000007899,-0.0000005783,-0.0000005009,0.0000010133,-0.0000005012,0.0000024705,-0.000001536,0.0000005889,-0.0000018743,0.0000002295,0.0000004724,-0.0000003521,0.0000003894,0.0000005316,0.0000011033,0.0000004343,0.0000578885,0.0030161097,0.0036937947,0.0029772195,-0.0000770221,0.0015292611,-0.0031322657,-0.0027533628,0.001585589,-0.0101834556,0.0009226869,0.0003456224,0.00054304,-0.000328769,-0.0043167466,0.0049300032,0.0065877778,-0.0021169998,-0.004500767,0.008064828,-0.0042797687,0.0053707663,-0.0007052771,-0.0020552213,0.0058609121,0.0029749869,0.0006126047,0.0049725918,0.0052357112,0.0055888332,-0.0009450592,0.000036326,-0.003431922,0.0339490258,0.002601672,0.0086103412,0.0025802203,0.0032058442,-0.0013936332,-0.0101969617,-0.0031336291,0.0059882927,-0.0017025789,-0.0097931045,-0.0002364528,0.0078742619,-0.0016957034,-0.0085467185,0.0096857801,0.0019182813,0.002114574,-0.0016451782,0.0005779086,-0.0000454116,-0.0023154902,-0.0053087463,-0.0054180798,0.0009137229,0.0097415192,0.0022192477,0.0001298125,0.0023858087,0.0006092567,0.0026082743,-0.0034607495,0.0005876492,0.1398255478,-0.0042094334,0.0002837104,-0.0042054095,0.003494683,0.0033476444,0.0011778672,0.0023846352,0.0004203672,0.0067713659,-0.0009412301,-0.000105105,0.0009151919,-0.0117945342,-0.0029639258,0.007056039,0.0005235639,-0.0033074791,0.0031118407,-0.0005974078,0.0054040356,-0.0008035445,0.0039027367,0.0030087594,0.01474459,-0.009103257,0.000756664,0.0030100389,-0.0034716612,-0.0075680284,0.0040931259,0.0103924626,-0.0023111647,0.1578043099,-0.0048461913,0.0014475796,-0.0102329222,0.0021538152,0.001954281,0.0025337645,0.0022468739,-0.0044203589,-0.0006487552,-0.0101923718,0.0093811992,0.0032918244,0.0057137848,0.0011302098,0.0094590983,-0.0041064186,-0.003723996,0.0019528941,0.004012116,-0.012418551,-0.0018082405,-0.0024326749,0.0000065654,-0.0121464444,0.0047100595,0.000406447,-0.0009268082,0.0004394518,-0.0102364698,0.0075722038,-0.0002128361,-0.0131923918,0.1668332589,0.0000014661,-0.0000015276,-0.0000014327,-0.0000017743,0.0000001651,0.0000001495,-0.0000013739,0.0000014594,-0.0000000515,0.0000006733,-0.0000009424,-0.0000003507,0.0000006157,0.0000002204,-0.0000005579,0.0000014116,-0.0000028059,0.0000015039,0.0000012584,-0.0000017888,-0.000000641,0.0000005592,0.0000019906,0.0000022664,-0.0000011538,-0.0000003302,-0.0000008905,-0.0000016461,-0.0000029478,0.0000005003,0.0000012409,0.000000068,-0.0000701414,0.0115341177,0.0012600937,0.0020284118,-0.0018769943,-0.0060963736,0.000557319,-0.006243672,0.0104938057,-0.0015662635,0.0055040371,0.0053908876,0.0004524619,0.0042854512,0.0040272297,0.0066232784,0.000180325,0.0157183324,0.0054605721,-0.0000565604,0.000790771,-0.0057785458,-0.00707672,-0.0060103523,0.0036946187,0.0104028921,-0.0052172497,-0.0066150627,-0.0054619054,-0.005336347,-0.0110710281,-0.0035398434,0.0126188927,0.1032948402,-0.0000942292,-0.0048037223,0.0010823171,0.0082631982,-0.0051365119,-0.0037706135,-0.0030965481,0.0004664026,0.0041053973,0.0056937647,-0.0015442757,-0.0057641932,0.004231423,-0.0005655043,-0.0036186003,-0.004267236,-0.002330328,-0.0097538917,0.0000485141,0.0047792867,-0.0064154486,0.0007798065,-0.0026661446,0.0008060819,-0.0032862253,0.0006703805,0.0049802154,-0.0016909819,-0.0022903611,0.0047411011,-0.0063852316,0.0020810104,0.1495315996,0.0015746296,0.0004068217,0.0019546019,-0.0025517078,-0.0051521818,0.0007322927,-0.0035885676,-0.003497412,0.0047602057,-0.0090052193,-0.0031173094,0.0026032604,-0.0000996165,-0.0023825383,-0.0033868833,0.0048788519,0.0002116033,-0.0014407853,-0.0127883496,-0.0038937477,0.0030002313,0.0027020422,-0.0034665877,-0.0029485495,0.0069474369,0.0050305553,0.0017208449,0.0038965989,-0.0091208447,0.0026098313,0.0008342026,-0.002277978,0.0747109171,0.0020972265,-0.0007128746,-0.0024517882,0.0011695471,0.0007382187,-0.0093476035,0.0048390862,0.0041497635,0.0004438085,-0.0038835656,0.0047165174,-0.0004515972,-0.0086391073,-0.0017937517,0.0097194828,-0.0012351797,0.0055973233,0.0017240377,0.0016322301,0.0019949638,-0.0067308593,-0.0022668714,-0.0007870625,0.0069398352,-0.0025813267,-0.0053902535,-0.0036205324,0.0027333047,-0.0037701886,0.0008173669,-0.0030355607,0.0071670539,0.0842489926,-0.0087872989,0.0011168151,-0.0011667555,0.004346623,-0.0000653004,0.0015124764,-0.0061427406,0.0002360275,-0.0088195758,-0.0015198657,-0.0015636922,-0.0048975887,-0.0009257934,-0.0027294242,0.0038420477,-0.0026511462,0.0010623793,-0.004502651,-0.0056474821,0.0094382391,0.0032189288,-0.0052004548,0.0077852792,0.0015621129,-0.0026402349,0.0047725444,-0.0047929665,-0.001921619,-0.0031027631,-0.004942955,-0.0004018748,-0.0011074667,0.0866325739,0.0014517418,0.0002185148,-0.0011572212,-0.0007637589,0.0015586012,0.0008367955,0.0000469055,-0.0052181931,0.0019844372,0.0064889128,-0.0057870264,0.0008768214,-0.0028090028,-0.0052968974,-0.0003325785,0.0026165955,0.0069976685,-0.0039792372,0.0035821682,-0.0018693825,0.0033530522,0.0001296453,0.004388819,-0.0041296869,0.0018838814,-0.0003728608,-0.0028298844,-0.0037901621,0.0021069216,0.0047850362,0.0009871484,0.004760511,0.0405475517,-0.005021567,-0.0021092708,0.0038356793,-0.0031680744,-0.0037439399,0.0015644096,0.0006920853,0.0052300537,-0.0008683048,0.0009813597,0.006648115,0.0027495118,-0.0010308955,0.0002928692,0.0064457733,-0.0023410748,0.0015449298,0.0031743013,-0.000589532,-0.0023426816,0.0076100885,0.0031975429,0.0004626377,-0.0049996662,-0.00021862,-0.0067781303,0.0044053064,0.0050994034,0.0013798982,0.0084276634,-0.0010902657,-0.0032263733,0.096297962,0.0014880946,0.0041768274,0.0057069312,0.0029611451,0.0019846722,-0.0072168492,-0.0109154624,-0.0117214467,-0.0050120449,-0.0052375348,-0.0099008453,-0.0031036405,0.0001376348,-0.0005044772,0.010095423,0.0048327242,0.0024048255,0.0021978076,0.0026113655,-0.0062102949,0.0096912698,0.001892478,0.009430031,-0.00264181,0.0070449849,-0.0056771075,-0.0044690509,-0.0043590559,-0.003714099,0.0096024585,-0.0001395837,-0.0027508017,0.1650439727,-0.0096576579,0.0001125884,-0.0001700919,-0.0060994604,0.0113002454,0.0039785077,0.0000608945,-0.0011801024,0.0006233438,0.0034260319,-0.0047098091,-0.0036642429,-0.0125313339,-0.0045363472,-0.0089357347,0.0075072861,-0.0000527937,-0.0094388315,0.005555131,-0.0079562169,0.0004954745,0.0049379943,-0.0077585357,-0.0087112306,0.0099973581,0.0023420982,-0.002089973,0.0043890089,0.0021143933,-0.0068941271,0.0033531224,0.0085125592,0.179125731,0.0011558562,-0.0059773485,0.004391712,-0.0024094234,-0.0050520055,0.0005816068,0.0030613942,0.0012259112,0.0022438007,-0.0013123279,0.0009573854,-0.0003683482,0.0052883592,0.0002588615,-0.0004871993,-0.0040174554,0.0074696867,-0.0016439507,0.0017277624,-0.0057141809,0.0010457275,0.0073387046,-0.0065138302,-0.0019614394,-0.0035855177,-0.0025217049,-0.0099533008,-0.000849968,0.0039376517,-0.0087031547,0.0033136074,-0.007030736,0.0299954843,0.0019720076,-0.0048305339,-0.0006481601,-0.0018650665,-0.0043846501,0.0001868919,0.0048627498,0.0019848993,-0.0010089722,0.0026446706,-0.0010794399,-0.0026392954,0.0050754811,-0.0007587332,-0.0020962731,0.0024100915,0.0035968143,-0.0007532057,-0.0002736543,-0.0011108886,0.0001313319,0.0034091152,-0.0066505788,-0.0004956878,0.0031412876,-0.0043191885,-0.0027052644,-0.0027134516,0.0009867206,-0.0044670836,0.0027877709,-0.0028522905,0.0051540547,-0.0040737423,-0.0009426203,-0.0006728358,-0.0051882154,0.0087367868,0.0086911878,0.00312066,-0.0087945542,0.0005213891,0.000191027,-0.0005088548,0.0024700945,-0.0033560694,-0.0015081619,-0.0107679676,-0.0009073697,0.0058185702,-0.0034857027,0.0046261824,-0.0100754752,-0.0042184958,0.0087453384,0.0048096972,0.0018944683,0.0021509976,0.0036674689,0.00320188,-0.0121162373,0.004426567,0.0028020166,-0.0085736482,0.0040953535,0.2113545729,0.0055585249,0.0014294549,0.0070269555,-0.0063513629,-0.0118442236,0.0032996138,0.0025794391,0.0026167666,-0.0018715099,0.001066656,0.0018212803,0.0064998036,-0.0025402302,-0.0015021461,-0.0035783783,0.0054626518,-0.0086384919,0.0042094217,-0.0007921345,0.0061810473,-0.001276317,-0.0009672735,0.0070370418,-0.0068676504,-0.005223901,0.0013967776,-0.0014399885,0.0044753902,0.0057906484,-0.001091635,0.0019420501,0.0029593159,-0.0526181896,0.0036817213,0.0018537784,0.0074572167,-0.0041969401,-0.0096651593,-0.0148444345,0.0078931236,-0.0019515922,-0.003171693,-0.0083478632,0.0028499159,0.0068156949,-0.0012800827,-0.0001118214,0.0003582054,-0.0047812623,0.0024543901,0.0041932122,0.0036082257,0.0080489465,-0.0043059335,0.001122398,0.0050819951,0.0047257248,-0.0143621194,-0.0011193873,-0.0108968066,0.004781838,-0.0021770672,0.0029410819,-0.0022438418,0.0139089144,0.2265875269,0.0121406915,0.0011731263,-0.0177451224,-0.0091786112,0.0006314367,0.010359439,-0.0176316502,0.0123661853,-0.0036048474,-0.0083750435,-0.0045374564,-0.0016462834,0.0024050388,-0.0024397415,-0.0033386724,-0.006884,0.0019911922,0.0098559734,-0.0015813946,-0.001733721,0.0008923556,-0.001309585,0.0032678976,-0.0028192571,-0.0028890839,-0.0007539095,0.0070032074,0.0076802473,0.0058963146,-0.0018896027,-0.0068158334,-0.0046657712,0.1323252384,0.0002185916,0.0054295824,0.0083656587,0.003904996,0.0075091261,0.0030801546,-0.0020822459,-0.0035409698,-0.0107511217,0.0017185615,-0.0067500617,0.0006277967,-0.0024294218,0.0041557524,-0.0100171804,0.0005068398,-0.0046546195,-0.0032907423,-0.0108804275,0.0050584237,-0.0017975014,-0.0006476721,0.0018761989,-0.0023175979,-0.000216163,-0.0130980627,-0.0152260304,-0.001923994,-0.0028429298,-0.0045278434,-0.0021532436,0.0006270289,0.0970711141,0.0013227531,0.0120178387,-0.0054278742,-0.0053236524,0.0001450645,-0.0027434098,-0.0014708571,0.0002802037,0.0079248798,0.002813567,0.0013969141,-0.0025141466,0.003752433,0.0025781114,0.0038558408,-0.0094902863,-0.0056030168,0.0008074648,-0.0068272101,0.0043341626,-0.0008814591,0.0026181489,0.0043157017,0.0034922349,0.0030722612,0.0028526118,-0.0072383056,0.0031770643,0.0041063251,-0.002721338,-0.0008065673,-0.0073857501,0.1016885559,-0.008853801,0.0045622119,0.0016204834,0.0109439127,-0.0035140877,0.008917466,0.007540606,0.0091421018,-0.0024055066,-0.0041321712,0.0030215223,-0.0037403112,0.0029330574,0.0009765013,-0.0102253797,-0.0018008201,-0.0013465518,-0.0004583676,0.0012431319,-0.0053687969,0.0001652891,-0.0047342,0.0065172217,0.0038089677,0.001615183,-0.0017194891,-0.0025198571,0.0039548159,0.0037836148,-0.0034781662,-0.0007834538,0.0101928262,0.1814765468,-0.0000022288,0.0000045795,0.0000003142,0.0000008933,0.0000017393,0.0000001154,0.0000008585,-0.0000018059,-0.0000000188,-0.0000004337,0.0000016154,-0.0000025954,0.0000011549,0.0000016977,0.0000027534,-0.000000479,0.0000021308,-0.0000044107,-0.0000011263,0.0000017778,-0.0000004456,0.0000020128,-0.0000005133,-0.0000009852,-0.0000011022,0.0000008015,0.0000025539,0.0000020194,0.0000016827,0.0000029115,-0.0000002881,0.0000012415,0.0001062778,0.0007154483,-0.0049803832,0.0044918153,-0.0000021433,0.00599075,0.0059522686,-0.0074618038,0.0044347568,0.003871104,0.0118272685,-0.0041328732,0.0083248187,-0.0030784243,0.008551321,0.0053520514,0.00568785,0.0002636556,-0.0065636793,0.0000532035,0.0089638435,-0.003568303,-0.0035034889,0.0003750922,0.0006015134,0.0016331937,0.0001032068,-0.0043463522,-0.0033326989,-0.0118209233,-0.0062489043,-0.0007570332,0.0015464538,0.029635354,0.0054606928,0.000093088,-0.0017524383,-0.0027672791,0.0058490703,0.0072714043,0.0044447628,-0.0060767556,-0.0020964187,-0.0036806288,-0.0050414506,0.0045223875,0.0000896054,-0.0078845037,-0.0038032321,-0.0089131271,-0.0082430092,0.0007435176,0.0037618236,-0.0021513579,-0.0040139766,-0.0000621929,-0.0016904631,0.0047646404,0.0046598599,-0.0000840597,0.0124726479,-0.0124607925,0.0013417112,0.007301274,0.0037563844,-0.0018920925,0.1935476649,0.0063046504,-0.0066757431,0.0044600941,0.0001304074,0.0089905742,-0.0076923817,-0.0051572713,0.000571708,0.0019178166,0.0096571888,0.0085508211,0.0065286348,0.0009844534,0.0086643516,0.0030944115,0.0055870499,0.0043412176,0.0117710131,0.0014149384,0.0042684116,-0.0085778065,0.001377509,0.0073395741,0.0075342453,-0.0043873632,0.0032142856,-0.0000276943,0.0047282836,-0.011282449,0.0014294087,0.0063003165,0.0079335717,0.0210972067,0.0011707559,-0.0055228375,0.0084805637,0.0045739809,-0.015234581,0.0028694627,-0.0070579892,-0.0027129941,0.0014591756,0.0044660067,0.001583138,-0.0010103679,-0.0034410782,0.0022176603,0.0034274212,0.0019475197,0.0059144177,-0.0006167168,0.0048600658,-0.0104777959,0.004524244,0.0044316524,0.0004680897,-0.0003210572,-0.0052321891,-0.0073335461,0.0106112842,0.0072248742,0.0056122844,-0.001627539,-0.002861493,-0.0040198437,0.1064156142,0.0007689739,-0.0021243862,-0.0027208149,-0.0021535163,0.0057761037,0.0012401414,-0.0027614887,-0.0002263376,0.004690929,-0.0021278469,0.0006222999,-0.0036134402,0.0044036937,0.000902067,-0.0011530964,-0.0007908305,0.0005963908,-0.0001826668,-0.0056092537,0.0036497162,0.0024475047,0.0022091126,0.0043706365,0.0049396506,0.0007867299,-0.0005973419,-0.0011772716,0.0069366055,0.004312194,0.0008156498,-0.002888391,-0.0020592448,0.0205647422,-0.0094975784,0.0057068595,-0.0003464583,0.001100111,-0.0004430376,-0.0018999926,0.0073104522,-0.0002981666,0.0029010792,0.0041827039,0.0070919957,0.0017584533,0.0040824268,-0.0033285476,0.0038325246,-0.0020089641,-0.0014960527,0.0027659636,0.0034513808,-0.0032697269,0.0040162363,-0.0029100438,0.0015999073,-0.0036332627,-0.0029372543,-0.0002969614,-0.005532528,-0.0001570851,-0.0032345107,0.0029730751,-0.0011421329,-0.0059370547,0.0866411509,0.0029816917,-0.0027793083,-0.0027963101,0.0002452414,-0.0036222453,0.0019822688,-0.0010778569,0.0021294866,-0.0038450242,-0.0041562213,-0.0041583041,-0.0040168167,-0.0000537144,0.0019123121,0.0014323578,0.0073662156,0.0017282026,0.0013731415,0.0103605362,-0.0027452999,0.00440055,-0.0059520977,-0.0003922289,0.0026923328,-0.0041031005,0.0001058403,0.002343335,-0.0000586468,0.0042311677,0.0053290058,-0.0047408098,-0.0067189241,0.0442695568,0.0018236977,-0.0035098687,0.0004137691,0.0015206468,-0.001964111,-0.0041685515,-0.0001157973,0.0025741752,-0.002972446,0.0009421244,-0.0014146608,-0.0007265492,0.0025014734,0.0001411077,-0.0006149199,-0.0027487943,-0.0046955692,-0.0043199114,0.0007731162,0.0058599721,0.0011333994,0.0046672077,-0.0001537956,-0.0018669272,0.0002975823,0.002701631,-0.0005946358,-0.0031723603,-0.0013640818,0.0046424296,-0.0058061885,0.0025739491,0.0584316902,0.0025448014,0.0110319709,-0.0058040022,0.0032933116,-0.0163164943,0.005214373,-0.0048273289,-0.0081541388,-0.0019092074,0.008820245,0.0052956426,-0.0078950186,-0.0098846484,0.0074103611,0.0082743926,-0.0012708357,-0.0064076161,0.0038724243,-0.0004016209,-0.0050687927,-0.0037283013,-0.0026810383,-0.0022253461,-0.00523851,0.0027745714,-0.0015397855,0.0152792353,0.0059634604,0.0036805856,-0.0026502657,-0.0008671403,-0.0039512966,0.1879468072,-0.0036586168,0.0014997245,0.0015891902,-0.0040448062,-0.0047220754,-0.0132656637,0.0011635243,-0.0060687512,-0.0032050063,-0.0007071382,-0.0009776983,-0.0030059072,0.0053305732,-0.0034553632,0.0000921605,0.0036336996,0.0074845611,0.0069323837,-0.0024231532,0.0122890767,-0.0068570802,-0.0032323797,-0.0006798347,-0.0044397495,-0.0032334222,-0.0019676297,-0.0034032743,-0.0037470093,0.004807866,-0.0100016554,0.0023604765,0.0023767816,0.1212884367,-0.0012439009,0.003521844,-0.003035687,0.0040105077,-0.0053665053,0.0158583308,0.0054846775,0.004022983,0.0059086179,-0.0118255668,-0.0033105152,0.0029423472,-0.000555883,0.0054254395,0.0001917794,0.0056780157,-0.0052315572,-0.005508083,-0.0021891387,0.0105039756,0.0035222771,-0.0065009575,0.0024232608,0.0075141022,-0.009697543,-0.0007341944,-0.0001946112,-0.0049157266,0.0056359598,0.0045875564,0.0075814555,-0.0025013201,0.1994002145,0.000939695,0.0005149716,0.0025478936,-0.0000471314,-0.0003529713,-0.0016360374,0.0096744414,0.0001623857,0.0032850631,0.0040513508,-0.0075226849,-0.0007614215,0.0032375325,-0.0035479825,0.0038226923,-0.0071712294,-0.0061784571,0.0023836263,0.0039733861,0.001514251,-0.0015866336,-0.0029955433,0.0046693453,-0.0023067394,0.0076602804,0.0030634446,0.0017078445,0.0006140945,-0.001676604,0.0009435501,0.0059198248,-0.0043166831,0.0768472823,0.0031504594,-0.0031744095,0.0077261753,0.0022643045,0.0039112912,0.0008714804,-0.0002185577,0.0047358564,-0.0013921223,0.0047774094,-0.0047489825,-0.0002967841,0.0015147093,-0.0009632087,-0.001235495,-0.0025724735,0.0010802743,0.000030123,-0.0022737549,0.0003602398,-0.0057079513,-0.005729864,0.0077094031,-0.0022342124,0.0087564256,0.0015165641,0.0034978677,-0.0021826208,-0.0035802819,0.0025436404,0.0086015689,-0.0000132271,0.0395635005,-0.0003346488,-0.0100863887,-0.012505503,-0.0013645868,0.0022666581,0.0011643857,0.0046139722,-0.0075934461,-0.0007890955,0.007266377,-0.0001065405,-0.0066030241,-0.0069509037,-0.0042938119,-0.000545342,0.0050323005,0.0046730286,-0.003551219,-0.0030463945,-0.0066272562,-0.0019791885,0.0082835521,-0.0064418309,-0.0042763055,0.0039143846,-0.0024369375,-0.0075510161,0.0010519751,-0.0021982,-0.0003970315,0.0140985363,0.0079327372,0.1047033463,-0.0006830463,0.0049596809,0.0071081013,0.0038417766,-0.0028042869,-0.0024403149,0.0017488606,0.0002634241,0.0110308063,0.0032877802,-0.0016958894,-0.0034185758,-0.0006192117,0.010487231,-0.0094846066,-0.0039788983,0.0042648154,0.0008122895,-0.0030908791,-0.0147479622,-0.0031010806,0.0030894505,-0.000366474,0.0016559168,-0.0070488346,0.0017550588,0.0000725512,-0.0021817172,0.0051166123,-0.0083507594,-0.0046069353,-0.0001729336,0.2318738681,8961.570848983,23737.7838029463,-2.8465517154,-0.7709387604,7997.4407723908,-59.7577182916,-106.9760963011,0.4187518462,7694.7580083992,-0.1568464641,-0.3669923391,-0.2645167618,7850.4716398072,-5420.1132750462,4709.4888858073,0.4631790174,4493.237258842,-0.221044614,7695.5465987947,-2.6546888486,10540.468774971,0.5942481135,-7410.3037319953,1412.6325802458,-2803.2601824235,41.1726428266,0.856455732,-0.2440746649,-0.2585740926,-0.2338675376,-0.6963726794,-14887.8228619902,0.1249453445,-0.077847215,-0.186983859,5471.9346396341,1636.7684729992,-108.0316826083,0.1156516098,3.4164532016,-11.5977618487,2227.011149632,14218.0514570576,-0.4882493861,9.9733220003,5.4113853041,3455.3430928959,17761.7019514132,0.0532456064,0.0159368312,-1.551729914,15687.3710621191,10409.5539369618,2603.2762224029,210.6523271334,3216.7525702936,-11.5650358532,-1347.808531212,-967.4615409661,1184.6806681468,-10274.1438108844,1344.0804562592,-8450.6258812332,4809.4150096156,-8947.0168035827,-1420.5990296484,5005.587482615,4732.5219336313,2.1772471527,5115.1733217324,-982.5445077884,13718.9539072745,2039.1917759854,8721.3948884671,10195.9507752106,-2897.7067444098,7318.3372900311,268.4520892376,0.7808238701,56.7840429688,10829.5816795819,1744.539000338,303.4164242514,-3719.559833559,608.5642480789,3.3090052246,-1096.8876205292,0.9492154246,-72.4715490039,-628.3595758735,-0.2622724265,0.3305954319,-0.3610223496,-0.6288597548,-27428.2203102775,5674.9952450843,3228.1025655378,5068.200584416,-0.6366649976,0.2705024969,-1.6471703663,0.2900680409,370.2263818942,6306.4117266123,-22132.6859187913,-19728.7667554584,-0.8001681225,-23319.1188144715,-0.3353735478,-0.5160497581,-873.4756075049,1.1605333605,8846.1730418125,-0.0162643034,-0.8857118288,-1.0639363781,12243.0885332526,-0.8470823919,1224.7226182621,4.8659381312,0.8428311868,-7496.9726587659,2089.853276959,-148.885157356,-19483.5451750108,2.174628869,-22780.5677148624,0.5857331001,0.7413934834,-0.8707720779,-27260.7205503181,-24613.5996489736,0.0160770334,-0.3702953254,-2844.6554897937,-14565.5375669599,-7004.4871911034,-1782.6947885341,-86.6292747523,-5495.4469384775,12875.7431790721,-3324.5541072793,8348.3528321875,-1857.3640272406,-0.0436610142,-2165.489487147,2581.8328779865,-1412.7415628817,7571.6501898231,6.8441729291,-5867.0858886957,20205.1756960186,5659.1291027122,-5722.6869359621,-2712.1778984586,-2198.2046125055,-12046.1204978002,-283.9134424273,-13097.7247881252,533.7516193351,19841.3749392405,4415.3343951593,-688.1717610433,-11381.8095984146,-7191.614507898,-876.0267807318,-19255.9675288028,9347.9697499242,-2083.8918557383,8167.3289201761,-5102.3069527093,-21185.0178751807,-9.8508435404,-4511.3201522215,-4305.4119926976,-136.2128496815,0.0389076379,-0.0682442549,-0.6386205196,11235.9673820114,0.6412988348,0.8579234962,18919.6184948174,1669.7370957341,-4306.0664593056,11.4703127553,8029.0702761294,6.3879762125,-1.5910251716,-11903.251809302,0.014925845,2379.4237379783,-0.2635855255,6076.645958779,-31375.5559371586,-0.6747165041,0.7968341082,-5767.8791682103,875.1489293569,-90.6173230568,0.7901472979,14543.8809833449,-4261.5109658605,252.3725565467,1271.5459562455,0.7514218285,1998.0100873682,-7.6125550366,-0.562229166,10986.9719553023,-9887.3108275424,-31.1707450389,-3166.5260488195,-29547.0495012246,9875.7501748725,11876.2558794205,0.8908415037,-7036.7523084498,8046.1697255097,2323.8595762325,348.549173701,130.5043621957,-5226.6998102551,-1996.6832333953,5069.703987267,5.1025774143,1565.2514767324,5686.7135406045,3030.6994459211,7897.913712205,0.2128775447,-3899.8857322239,2748.7003621294,781.327329153,-6953.3240411567,7004.6877366743,558.3868214114,352.0063214071,-8854.4004966994,-4014.1965694142,-68.6464968764,-3847.9185450453,-11811.0636713906,1390.6172178123,-583.8965912649,-902.5165904841,-10957.0847172862,99.5996510318,1676.1683084231,-28805.726694136,-3.7377004015,-5563.8226536831,0.366388565,0.9866317172,-2242.6321177951,-7752.0410444656,-3.3053355106,-22948.2587192683,184.8304634353,-0.9937096627,-57.4890766341,-1766.2422448094,3.6671050778,-10516.1045482874,-0.1250954348,1932.5732256568,2109.098425672,-22948.8395231486,13994.0269245718,-2349.6377034051,-0.2888626983,7384.4492173636,-24.8516230426,1245.2894450455,4467.007778206,7468.2903927036,9.3726791829,-19195.0484719886,0.4012575141,-5.6876029351,-0.2755407884,0.9054439347,-33.0104408322,-0.4105021006,6285.1303048106,60.9496347016,-1650.0537915528,-0.6038547464,0.1730143247,-0.4077233835,-1.1026600292,9195.8966506479,-0.292424652,0.2635016978,-356.3217492729,-936.0222430303,-7232.3258511304,2164.5648589242,0.0093153078,0.5522745915,1820.9634369811,7260.864128485,-5255.2034385757,300.0409383529,1.7968635839,-40.9335230554,-2477.0898684898,9286.5730462342,2187.4170717232,79.5126975845,-6691.388528168,-1633.2042264142,-1.9237727,3067.6466757867,29.5548463478,5681.6781648698,-5764.0708683641,-9598.955385221,436.9644818292,-8517.8237726762,10451.5761073486,4824.5461559819,625.1648436443,2760.28610133,-10998.7352420542,1499.594278773,-6.2414388815,-281.9140554267,-2645.8140472633,-2805.0510524455,9453.1308019641,3176.1921370408,8172.8177661575,10303.3653151187,4924.5528742718,31448.7710202498,-0.6988221748,-0.2802747602,-15705.0896873764,-2.0110121584,-1425.2662801216,0.7801819057,-0.2903254459,-45586.5672290654,-41833.4145647782,5881.7903385033,3412.3131067257,0.3498217585,-9226.0121423364,-0.1327097107,-1425.4524888828,956.0158869152,-1520.0617392938,-0.4257801406,4001.622426722,-5017.3871567449,-0.978568504,-12843.4385114408,-28973.8331066654,22369.8357022051,-80.9908647768,-2742.1464447704,-1.2776793051,3479.1366510187,-1962.9825440946,0.1452444646,0.034251512,16626.9869865514,6984.9627517623,37165.726344302,-0.8512906545,2435.8636402123,-0.1833064766,1.1732060218,-4989.3160326604,-0.4057046336,-15672.0372591983,-0.1021942421,0.145964286,2.6693285969,914.8582833965,-1259.7340991566,0.4038161594,15614.8805675274,7399.325449146,-91.9337541284,-3740.7582505586,-1710.4647143362,5143.8375722511,1711.7213793382,-5474.0529118534,0.1628700661,-1420.9284919803,-23.3630030443,373.8963517431,-1575.2383545437,-3082.1492241179,-2787.1645219275
   -783.9853058067,7572.2642212515,12.6865030975,1068.3703462108,1707.2974241002,-6227.7054358471,-13696.559660381,-6037.0291795906,0.8218131636,-1783.1142668275,-13.7959046683,692.1550903562,-5356.4282648429,-4793.5539036734,-4249.0362169914,-558.4244637119,833.8000784361,5778.6236353293,3618.012546105,8999.1944786401,3505.9775191996,6311.1494068871,14002.1194206231,1067.7614444448,2629.5287321932,0.0875223161,-732.2771348475,0.7949898203,-3446.3304339806,4488.6918294414,-973.6960458516,1284.5793540881,-0.3643121213,12581.2485217104,14559.1938562466,0.089562591,-2.013893028,4805.0579389088,-21523.0158454827,6994.6139152036,-0.4225251404,-311.1527341743,-33922.0132100818,8869.2932016495,-3757.5258309418,1.0095790303,-10887.7987559209,4296.8714385345,-57.181493642,-27904.9720809282,14815.0685793022,-0.163273746,-10401.6203815963,5094.1256160903,0.3188666303,-12405.7933166001,0.7670575643,-19250.3992504422,-8.5646249516,1.0541016855,-2215.5514895427,0.2743157011,3654.8579222209,-18629.2740062917,9555.1710581308,-13809.2073112593,-20672.1731781839,-0.5891302905,6493.9218559577,-346.7830409792,37.0793044798,-7126.2681180755,2192.6660904583,162.5611633331,5444.8397099612,15240.0797931524,-5087.6625286686,-1286.4832233121,-409.3486357937,1625.7197417957,-8674.1610515354,1.6393165788,-4443.3304123578,11408.7425807139,9466.0545714342,-2125.4251150618,4529.553638679,-308.6547686986,-772.7767162564,1523.1418489412,0.2192663203,-1107.5204615279,12687.5170928748,3871.1172161329,5859.5897440124,-8854.6123630329,3939.5535598469,-10163.4644182235,-8850.898264429,4747.4831209164,-700.0174764562,891.641350551,1.4927163957,4634.1495033666,-22.6177378234,-2820.1566136839,-3164.9443376343,1850.4451905286,-0.6046865293,0.0302171578,-0.7051555593,0.2540911249,-14887.4824887846,0.8230899962,8708.2542704028,0.5984208879,0.6464356209,-0.1889062802,-0.0363098744,-34960.2879408536,4775.2912809727,4906.416740591,10.6110876153,0.7130325801,8519.9258774573,2.1441587456,0.183761966,-8142.0122522265,-0.9257253304,-0.5135452813,-997.6247973644,4266.0810494053,-0.4865757437,30502.3840270449,-0.8909038705,-631.2347469599,2244.6966135582,0.7716056538,1.7614994961,-31261.7592433411,18.828959598,542.5431765711,15518.4402953718,-0.8311730346,-9091.5579978085,1805.4577633841,-0.6034265286,-3915.8487341357,781.9760480111,0.4753481443,21.0237536091,-1886.4208033629,-6044.1714720253,7273.9193248847,7194.9413370156,-313.5535200152,-1270.2369797045,-1423.7331347278,-4179.0361288987,-3174.5184432862,-6410.7771624848,8999.3473098358,-3748.597052457,-4715.1089188763,-4906.5547235122,-4897.2109421033,-4720.2419195707,-50.8174904611,-4695.0814739882,2893.111867289,1033.4238411853,-10208.3024568528,17460.4193904646,-40.2657971981,383.4540389596,14177.8228287523,5464.8462201083,-5039.492289594,-6840.2697884355,-8393.2040662772,-382.9125161844,-2736.1554225177,-8.5114265404,0.9242754361,-779.1625619506,-2.6622394923,0.9932548288,-0.4522003223,-0.3231345387,29.1740139726,0.4095840115,-0.2175083774,-0.0680199012,0.5237796929,0.3506794077,-0.40894302,3020.6029112252,1782.164178314,0.1096461327,-606.5701787317,-34621.6443474281,0.7615805734,-29628.212752251,27336.6014596328,-4149.7951638669,-3261.5724135544,-0.2380798456,0.0988590989,1374.6757243673,2866.0751066339,-0.4564178968,0.7662182141,-0.708652724,-115.7996220226,2824.4483718024,-0.0473870981,-609.8193716729,0.137924325,-6008.2309102251,10.8860487797,0.422613116,-1577.0003453963,-0.3651163369,-14328.6439704728,-0.6390518949,1.3081112418,-1.432755857,9072.3133893304,-111.6373614015,0.98642486,31878.8658476666,-92.2148921895,-5013.4890306317,0.8856269431,1665.0871227075,-5214.6993627341,-4626.8483198535,3659.3438848502,-8539.0486209667,-8320.6704792161,9659.2334230734,-5776.3738492571,12739.478966895,408.221018312,8468.2696482628,25346.6209522162,564.7808320451,1278.439858183,4.6494580344,4165.3538384502,-18035.4195973538,-531.5088875221,8240.7592375769,9561.8259115371,-12161.678838145,1085.4291879134,2087.2012674207,12671.1690526525,3626.7145103969,-10180.1020304549,1142.7538960997,5271.3528627963,-14248.4717617104,-2745.3482397909,-761.4620568621,-8828.3081382355,0.9811041607,-3414.3401633926,-4.3591799526,-0.6931184833,7588.353730749,721.2751800506,-4042.2294520065,0.0163844915,449.6743362434,5821.0220873188,-0.9073020839,-7446.3067641472,-2361.0930305811,-1439.0416984344,-7.262447285,0.653344175,-190.951647991,29883.1087147421,448.7323337147,-14514.1076257195,-40823.6198846451,2179.1563726737,-3464.7561635146,8.6945468875,1729.0745514341,0.2893219092,22909.1078590947,-4499.399701316,21245.8860608276,2387.3383015964,-0.1019833616,-0.5907808475,1.4718803063,11222.5793500995,0.3932748975,-3007.8717224704,0.4929220049,-2937.7626963819,-0.7380518573,-7387.4203773913,-40.4428607293,0.702308093,24439.3817612046,3.0206304201,16.0987625247,3100.9926234655,-336.8479433579,10.2209067376,50.1406035495,-0.0755840495,-1.258804327,-10481.7332310871,-1452.4704519804,-3037.9087273487,1006.5790042234,-5419.5432095664,773.4896385157,12295.7357814249,-7463.8540440744,6452.68407507,-10675.3741085628,2242.6673900671,0.390615971,8489.6973412585,472.4785342366,-135.9760974801,-18017.3213278633,1723.4529085174,-5487.0243064215,-1399.4994507053,-11054.7760724639,3570.5519162443,1421.1366999389,109.3822275287,-1331.0684806141,-8812.0908508757,507.3704966312,4.0150322484,829.57363983,12441.9685412766,-382.2293706206,3517.3158142942,1545.4003991462,-16881.8824940922,10972.7150094756,-10312.2564201391,4.2780910221,-38291.7701756472,-0.3614138845,17962.2665256709,-9886.1375417428,27579.8676089615,-27214.3896464214,-0.0487278161,1748.3372497774,805.6202781909,6642.5896085822,4785.182617478,-0.1786313073,2997.262049691,62.8279075893,27579.2865401934,-5.9782528701,-2.7966151226,-2282.8145240448,13553.2485036003,0.3753971749,-1564.4669069691,1.1693541932,42772.1755064514,-2172.5149356254,3675.6141871033,-7.480921233,-26379.0982587052,-0.7680626833,-8870.4101185015,8192.532212179,-0.8528971703,40399.919984892,-0.1126274321,-7512.0900472605,-7.2500942451,-44028.1305599347,-0.3857754408,-394.9382726286,6356.8426910246,55.2867401408,0.7758512897,17488.3400554726,-1071.6160328081,14174.1479590472,-1.174540711,0.3769860236,-0.5895263217,-4062.9853994307,5906.4004534597,-4341.4389288052,151.6339437936,-2149.8450126172,6777.1571343424,6613.6588727259,4342.3019163406,12422.6553580023,-4671.7512695885,-14873.5864396426,2529.9372509495,1082.9030860315,-7985.5413851386,8532.5004760423,-10644.6207595152,1388.4272946873,-4692.8100768852,-20.2882439622,3327.8060422394,4393.6672347276,2769.0712663898,-13196.4557608855,-2720.1330343153,9479.6289121089,-4.2218496347,-2072.4801186834,2199.5034732404,6005.0641078072,-2166.2189571575,-2.546500688,4874.8249733439,-0.6065689447,550.5555711192,0.4779988878,-1451.974048789,0.4695439914,-0.0117888797,509.2203918281,-689.567562685,1424.6716609661,0.2712890576,-0.4239872744,-3417.514329686,-6293.4443291033,-0.082023244,3067.5521365363,-0.185583889,0.8217650345,0.6075360953,1423.6137865972,-1.2750583924,10304.4797954132,0.8005915175,4.5758586377,635.43301232,185.2544993985,0.9354133391,-0.0680952361,-1306.6821516327,-1.7902728537,-252.2761757544,-0.6713924795,1481.2996957647,4683.8415623515,-7462.5817726209,-0.9548970744,49736.6981579181,-3992.5598708276,-2922.1222882268,-3270.2675739426,-5876.1237873096,19647.1368382987,-4432.9609485591,28056.7563435255,-0.111476841,-0.0998340268,-0.321025464,2790.5852586406,-20.0493080379,0.2318321068,0.0114782423,0.7331505148,8.6312113293,19544.3334459719,663.9915885127,-346.3791142236,-1851.4071651217,-8390.9745965775,-128.1449009612,-8486.0245423828,-1872.4078405455,551.864295009,-1609.0113662479,8861.1627047738,4772.7663064425,0.7963077392,-5646.4119333456,942.7679636681,-3402.2921519774,-0.6354810504,850.8363849224,-17183.1567157775,12735.8749732567,-7065.5733774502,475.0731437994,5560.3043614175,-2274.1702188048,13251.3509007489,8.90589637,5517.5359424721,2288.0110453214,16596.7878611018,8987.4550956139,17.3995520408,8050.1039591538,12450.5783866105,1655.0584033391,15.2628002726,-0.099641656,-10008.0671840775,0.181869179,-3125.7012820505,-3759.4453231112,5161.1356818701,-0.5635579922,18.2309466891,3.7753907826,-21460.9894976202,-0.2248762072,-0.5024132634,0.7038439453,-2546.2087729767,-3760.4224618727,-29840.2117645968,-1853.1238536432,1147.0040255718,-55.378775158,-0.1587134299,414.0341534259,-0.455371538,-20920.6064823726,5778.7572291628,0.4730786813,-48.9347616855,12426.296706505,-0.1165706087,30377.7816172681,0.4821897973,-0.834873202,22814.628115505,-3312.2569801007,8128.6115270605,0.4411546259,17001.2351126332,-605.4282373028,304.512553306,16.7925269448,-0.2178037165,-19591.0323844408,3979.9473571463,-1466.9622087596,-623.9758863502,-20837.8741385474,9891.3819258014,-0.5725202503,58.2635248463,15280.5195669836,-1596.7021830682,-3458.2031145172,-2759.7975872525,-1708.2222641196,-217.8689934621,7868.3052149845,-11294.1009923685,-5906.5836505198,-1568.4686359021,1298.4058022265,-1.0984101486,595.7804245188,2537.8186448687,-2247.4499641882,-8.4690028891,3095.4544661078,3786.6147486285,-2986.7150151274,5240.3410431367,3.2672600294,-22119.5218660779,-11997.6362054732,-2034.9528000841,-5474.1143435317,16409.3803227121,26928.0665736511,-1855.2700222348,-6701.7537710913,14115.7049972153,8800.455732791,6615.0087228071,-3083.8215524914,0.3812723248,-16808.6732683484,2545.9656324274,-0.6379206338,-15591.5379287001,0.5311410736,0.0905188023,-3421.437373278,0.7347800676,-4578.4530670654,-7751.3416704534,-430.7383640567,-2801.0344810098,0.7013844451,1.4284002546,-21723.6094962618,-0.0679022674,-0.8274749478,2165.9730359982,-18923.2208272873,-33043.2110860139,0.4226795788,-264.5447987727,0.1693226754,1.1569440409,-30996.5616531568,-1.4645187245,399.1181719945,-1.2901148034,0.5790592663,2766.6678630626,-1097.389062849,-0.4607448658,5705.7807677143,-9340.2864847923,-0.7434189269,-4860.8673706896,-0.4242194196,-148.3059886083,18634.4567690413,-2198.1626643601,1.10376957,-0.1055767914,2.0018144196,2266.9842626755,8.2389346159,-0.7930222545,0.3374845281,0.0684310998,5550.9931450432,-22651.2597202639,6244.5682638181,-0.1777223113,-8871.2047065932,218.1444133087,-3964.2443819703,10415.7843927424,889.4070691872,1169.571291523,-1182.0530771739,-2435.8274366221,-4118.7111098922,1893.2900990866,2284.6096911654,1063.6414168789,-1118.6426480096,-9919.9538956082,5708.9453487557,-1675.9207497625,-2498.2909944207,1808.629375149,368.4797222143,-2318.9996519291,10278.5129561458,-3552.4481360087,3235.5188881981,-4165.2843675903,2344.8224598625,32.1040292379,-903.2516853796,8497.9905930987,235.6423830211,-5512.559583275,-20975.5045661232,-0.0754403415,-1773.7825182173,-2450.5995870108,22.9171492793,4.0982460193,10460.7285063584,-0.4583600087,0.7220664145,5.4631880289,14344.7856958665,10382.2227112076,-14.8848792374,-0.4067523714,3005.6933143951,-11809.8566954934,10461.5785403602,-0.0298227277,764.753041538,-0.1058025555,102.9222092404,-0.439778611,-12966.3607282731,0.7294761447,1.2180592467,-0.9218340366,-8368.4313370842,-2793.8774638569,-0.8083820342,-0.7690111076,-0.0414226162,3049.4761855718,-0.059712832,8769.2844271102,0.5362516743,-4285.105204057,-780.9238897572,-1313.6257810017,4935.0907722894,-0.3111789024,-6066.9691139003,-631.4676511629,0.4950126068,17524.6649355996,1.4972856997,25039.0887940642,-0.0944090153,-1.1285870778,0.7833932671,-71.2083927688,-26631.5345054581,-12948.1923227876,12290.8351109308,4655.0014696752,2836.0358984628,-3711.5689867132,1517.4330387806,-179.8121518931,-3379.4295540978,2885.0605235842,6.2306046545,2937.2620773419,325.2755211107,7144.8062367855,-40.1608958727,1309.2505238563,13981.4990801103,2390.6607315721,6736.7262930669,-7154.5865586722,13040.2026251724,477.7571034177,7214.327916635,-22413.2283258295,-3772.7274134098,8.1353510948,7179.3458977647,-9257.8187927508,-14373.0718439892,-5376.717659661,-1678.7753913826,1.2102214696,-4068.5287845196,-183.636750864,-44701.0278436531,1110.2379310074,-3.2088215579,316.9262753691,-5384.4311423278,0.9054968459,0.7409020229,-0.8524028309,0.0277674037,2545.0678000786,-846.9764224358,-268.5500907109,0.9901290853,-3476.3019383694,-0.7957067193,0.7288560467,-0.1964085118,-11537.7700999303,11413.0399408391,-1944.5538807021,0.3602643625,8313.3152931731,0.2128272175,-670.1251051664,1.0048966632,-0.8578541336,8296.2620426347,0.5442492628,2340.7110777781,-0.3311788752,10.1138555626,0.829006393,7880.0493183896,-22465.6823960459,-33.6790180234,0.8280325295,3255.1129943741,0.0984036759,113.6782229377,28.3064369749,-987.7376672867,1.0754772271,3113.9859933583,0.3124853491,-204.3580280854,-3120.9501458891,-0.8877673711,0.4601072412,4311.9222710474,-12982.9185839544,-883.8607057482,-5214.3102066163,-2.3151375822,2899.0289833361,-3604.753377101,-2936.3436827948,-2426.6667091305,931.718887803,-2181.0390011569,-84.5655303689,7734.6864712713,-1566.2487213582,400.3225921295,-7.5413286679,43.9487812179,0.3505679766,92.7863950801,1226.2980162302,-6884.6983705404,-2141.9267811851,4789.3700055768,-9049.013371412,12178.9447272177,3169.0155823869,856.6577719642,-11.9960885963,-5137.2427395908,-6286.0525686988,-2255.9909586383,-4.1256328708,-1.061943516,-283.1503963193,-17683.8846599295,-0.8104104704,0.5065713988,-6.9116841477,-1857.8111366171,11650.1269498643,0.0726873024,-0.1619220983,-0.0136879271,-0.3090658612,6509.5187749322,1391.9954332019,-0.7001083617,0.5464506669,1.5569425677,3682.3877851178,-0.4845529547,40208.4962000869,-238.3690749169,-0.7675893527,13961.3211543922,-14737.8874673902,-16.8198780062,0.0767190925,455.7105404781,5549.0389492825,-9539.3536963713,1.0387447971,-0.027305182,-0.0292106694,-1180.0477443574,0.0606678601,0.7040599923,695.1448433297,6378.5511581331,-1020.2304369739,2669.8486249596,0.9717406937,622.4711500112,1.0073967812,-3726.6971678324,-4036.1886753055,-11.9802936454,1719.4846947507,-137.1900825135,24070.5503933382,7.1595089689,-3800.5461734173,-0.0106678836,-5867.9443602055,1226.1975243869,1166.2086526057,4161.372043764,0.0132570229,8251.8501481459,12386.9044999459,5914.3303373751,2265.8691939364,18910.5943736266,2023.5671301283,-1.8816068344,-5866.983063508,2067.617840398,-649.871273961,-6857.6913984163,-6566.1386569669,-8140.424892787,7602.9179836097,-4357.9669573785,1.4270112427,18781.5624756693,4954.8759202037,-14991.6999450175,10265.6119284722,3513.4160476905,-2868.4794897813,3717.6293258129,-1811.887171492,11543.7696615455,11603.57786323,-6573.5066733833,9688.9754674162,-3313.3287954715,-1.2843030017,0.3599955542,-2227.7819878928,330.8716120914,-295.3821700501,0.8295890286,2077.0494687655,-0.2603553859,0.2079415009,-3581.6806596967,20.617675798,0.0844780415,-6267.3918500975,-0.9992574837,-870.1214725521,-4.3249470986,2075.9832175577,158.4229780277,4.7298272561,-2.2044874492,-3983.7480426302,14.861309797,19.7712019641,968.7779690723,-82.531361043,-503.3510087324,-12386.0275458647,-0.3156548013,-0.0300900616,1.0101848644,2387.5062377524,-48463.1772842667,0.4983382487,3317.6002967029,-0.1591470062,1.0149037605,3.5377502676,3444.6495958467,-0.5009936594,-122.4546382875,-1103.8766025012,-0.2247413569,1037.9681144336,-71.8566703557,-0.6127348971,8139.4364046418,91.9172249996,9589.8757873367,0.8117835305,211.7399042778,5656.7464766681,-8355.8874271022,-5309.135605064,-211.6176257994,7493.8532656473,1789.4626283244,-3571.1501678072,5999.3797867046,-4443.739807854,13331.7499784111,-0.2990528306,-61.6291804534,8632.1491607806,-2145.0643605048,-2626.6859779865,-7420.5458123868,8137.5907189435,5205.0057927464,-3524.3036803212,-7974.3237641271,7434.12734936,-3099.6113751435,-3909.2076706254,879.0862747761,117.1038781473,6259.3593520527,-641.3214071428,-8683.2770133958,-10388.9173111308,-4109.7085161048,-1351.8068803119,5121.4188705414,-392.8421878877,62.9838187189,-2626.8319129057,-0.4239957971,0.1826971231,2179.9507919473,0.8035282158,-0.4498796419,-0.265294277,-0.4100395546,36.357456316,1.576211423,0.8431950673,-1.2319350275,-0.519226038,-0.9248556729,-5.6833041502,0.7437545004,-0.7913667921,56.2473717033,3135.1559955686,-8660.1124882322,0.5232162985,-251.7829882666,7.4797996322,-738.3349872369,-0.321806446,-0.6780925781,2.3301996679,0.2271122815,-741.0984772986,5589.3886801878,0.4421054899,0.2703408771,9728.6165986837,1638.7758820907,-3956.8319599865,-6483.4522531204,-0.8234381311,31.203671851,-5.4383764764,0.2169246542,-1622.6220718666,0.9126884288,-0.7471454658,38457.8032492757,32134.2847845418,-4204.826074956,2388.5275967028,-0.0033768641,7863.1317979519,7878.730991654,5993.5505830813,-4.5288801461,2753.9829923681,6336.4633404923,8670.3021597328,13137.0176027443,11323.6130772268,7581.3973460755,-7091.022996218,628.1528935887,514.1626391754,-2540.3106930746,0.8513605834,7325.2198896301,-5936.6216846385,-5509.6676591288,-262.5598953896,12754.84605931,8409.6002493507,1975.1764683602,-1.5239996895,-7510.6115817454,12479.6312832213,-9949.4348482906,-9213.5370423711,-10951.6650369484,-1.3285385497,3362.8930356391,-20688.2156522933,-1284.8751246501,6063.2713324509,22.0528389756,1471.0280938997,26698.0000399865,-1.5432908565,1495.7085074319,13092.1564895958,0.5157810484,-16632.8615804377,1.3150913731,-0.7720715897,5.8029295718,10142.4536085219,-1519.8306104796,10256.2032312076,0.6869940822,4298.9660777634,-0.7721392921,-16634.1010787406,-4793.8893464129,-7538.9841796303,1549.8226794185,-8494.9085108928,-0.1118530296,-7268.1504029218,-17.2690276982,6525.7989300488,41592.1022504015,-5887.3807179478,-0.4574590612,0.0734422756,-0.5000949266,-4888.9245411631,0.3992360289,-0.9401326616,-10190.1889550105,44725.4258071213,-2917.9918434587,-5.164574717,-13908.1893628008,847.560775575,5627.6931917877,-7255.2351026396,-1892.7344139366,48.5769090665,44.9953987191,523.5975563468,29112.1793952064,-32022.5599404684,-0.6389976646,0.0124310776,-3006.5438107495,-1064.2148934386,-15958.2378909386,2237.5883411697,-1596.2452644825,-1734.6067099479,-7346.2516559665,-2972.6037748397,-448.3650519783,531.4870341171,260.7554015147,-3089.3435282583,-6515.0133724024,194.5763880349,-1241.5900002406,3168.0265510227,5506.3507991901,6152.5324447812,-1819.2503665254,2967.5431370647,8778.7966946863,-10440.2013563667,-3220.6544713176,2469.4833448127,-9289.2058530956,16527.0184394643,8075.849365337,6566.3478460179,-21.5584873229,1271.2661826584,860.1657370407,11738.535704964,0.1483608348,-12.0113723113,-1785.0106196224,-27.6755869797,451.2644814144,-4242.1722384071,-1020.5798928883,1249.6550003535,0.9026091178,-2487.3737765279,0.5462473117,-1.7230334079,-1.0070422941,-1320.3114764614,-0.2518611204,-0.3525827722,-6962.940261964,-2352.1793208639,0.5457101689,0.0873660158,8697.2178678889,-0.2651229807,-3624.8614596935,-0.910722994,-0.669583931,2301.2850281423,-6486.297160385,0.5213746956,-5625.6452851714,0.5294866623,-0.2475580474,2548.2947188411,-0.290596947,-0.7382013214,-0.7331481355,-7509.3120844072,-1.6365372647,19122.1168837034,0.7243552892,0.5614787284,4518.414666447,8849.9791587052,20318.9488669274,0.5660934236,-5402.3141412191,-1856.8969168388,17758.7518811771,20270.0818993207,1159.9057276156,-2687.2032918938,-0.172018139,-404.470332016,11420.2415251421,-11080.400583011,-3449.5123255215,-4741.3582838375,0.210957698,17982.6741398243,10347.3715269141,-8389.4560757446,13.0077106221,-953.3177382701,5718.3559002659,-9835.1813362406,-504.9457990401,-2515.6608557504,-3208.4384694798,-3650.1404188898,4767.1080856064,501.5735088792,-4970.6608984959,54.8040536744,-6603.2182318276,-262.7750661232,-1514.0173553649,0.5860938362,5392.4156519072,27.8197557801,-1535.188253389,-1.8305969595,6356.1431592412,-4772.6821672982,502.8664859421,-5762.4333046644,33.1050165811,11098.7837207625,175.4044067169,0.0377001696,11824.4077821825,11246.8982710565,0.9203141614,47.1528663965,-3442.0670028758,0.9350300225,-2153.6733516383,1202.9956406511,-255.5386874039,-2823.5635717483,-0.3799214236,0.5060581538,0.8281589114,46.8462362223,5943.7324494708,-1550.4860081022,-26859.499251753,10074.8608510007,-287.4552349458,29.432185093,-20248.0441204339,-14390.5148630786,-3373.9356657594,787.6829828848,-62.4628486942,4089.5916451659,7861.5243454445,-0.0620675306,-0.1319239847,-0.6363169319,-1028.3411438665,3198.7876736121,-48.9309784754,-4733.1355082066,-0.8280146082,-22399.1627392608,-10745.3386785033,0.1345521345,758.0913990642,16672.7846669654,-0.2645084846,-2.8853954973,818.4559838827,-1067.6801283,0.2126435072,-0.2753414102,-3109.0398603861,5126.9096228976,-18018.4107087715,1.9917812694,1.3314031197,2750.8171210304,-10408.3306457806,-8718.5773407757,-4179.6226644404,-10992.759356055,-3826.386474607,7582.0077328405,2109.3559572948,-6988.2837773777,30.6216159486,3548.5466309124,-2345.3770588123,12747.3786041811,-6970.8670163957,4995.324442062,673.6041369643,-1079.3594673935,-1950.817402828,23341.1345846002,-0.5555135824,-13613.5660816742,28.4621344904,-9357.197350977,-3348.8577784121,-4080.5792346421,4319.4442795807,-965.437885077,0.488105639,4642.3299896516,-1444.176070229,5696.8409460156,-4476.9069942114,-0.6199248735,-4373.2331853344,-0.1013810754,0.9043215512,0.8784803743,0.0699142353,10895.1320451658,0.5431472382,-6256.0242405175,336.0960396995,-0.222610661,4197.6934633212,153.7618949253,0.1343027105,-5652.8376313133,-35809.6129983774,10013.3904159421,-1313.7285044394,0.190038703,-0.8721701338,-11067.8773428553,-0.5392983301,8507.3257169999,-0.5390379605,-3274.246875706,1.0179566384,-18681.2244283753,12.3057730036,16379.0172589855,0.2645340451,2667.5665165803,-0.2367612049,7222.03726389,6201.3900912146,-0.318824557,3102.0100026148,5490.1290350105,-3932.6141023837,1939.1677098555,-4476.0642961416,2358.3012884844,-15253.1484729244,-19635.3723007292,-3061.9919338754,-701.86987412,0.491141263,4599.4376021573,-15655.7173958964,-8378.723361765,3472.2655430255,-7268.1371108185,-12974.7407389021,6939.1006871658,13113.0580719699,-1391.3286234302,-446.1000655298,-856.6276898526,-11.9636102211,-370.1190117561,11798.1110635198,-4007.214254224,-2740.4726688662,-10073.4246090978,4273.0760386637,51.6835192351,27.2428667004,4243.175413258,6303.7324833126,1292.4064820471,667.2732022193,-1024.7925741715,8969.2881958059,302.1338105343,-683.8424271908,-14343.9145018034,1982.0887047123,2777.5976278313,-0.2096043908,8626.7831114335,-8606.0584615167,19.8493100505,-0.2818434552,4.0376935451,-0.4829974217,1452.3929452229,0.5054652698,-15.9017608392,0.0506223556,-0.0658024247,-0.5804326389,0.5570004696,23017.2671936806,3336.782016878,0.4721777026,-992.5760307416,9699.8434573581,-15.8888664605,14458.2214923828,38543.3987675625,1758.162791513,-8195.5486084287,0.5867273179,538.9212425435,-4750.5059872244,-6590.6962995679,-4900.9458434556,0.8703777642,871.2364784167,0.3553178972,-1059.1710632764,3096.2199981717,18179.8864023871,-0.6308629421,-10456.5701591687,-30490.1540795685,6766.9842543702,-1.2337192175,7343.5006143161,-21.6167088597,0.2325057995,28.0371620931,178.4720620357,-0.0075868783,3060.7593432718,1461.8816387506,-27468.6560590184,4063.416929689,-0.6624386235,-1.4531031588,16882.7078816833,1678.2831931451,-2711.9661464417,322.0981454909,-14349.9707971564,-593.7974934656,10567.2916692449,-9567.9412674139,-1116.8686530311,-3358.5623437364,6504.8904736977,-1.5154542765,12.9903173739,13854.3778888685,5072.0994093627,4377.5113228226,-0.4399420769,1361.2981900815,-7851.710017351,1503.5179651257,-2086.0857349,3200.4963682923,-1620.5038742958,-154.0967630951,-529.2604120748,10275.8818362374,4862.8311727737,-695.0935637771,9253.3729223875,169.4625887368,0.8968187058,-390.1119132348,-4167.4906113035,17310.829927694,-4465.3428015984,4368.0698755836,8727.2975512296,-4042.3739464841,-23846.9586106655,-1.6850484714,-12.8618444188,-0.0061783912,0.6401711426,-6231.0849115798,2375.5486968852,-0.8950455126,-6404.6574676941,0.3175122028,3134.8230650833,6228.3104174024,-12.0166606629,-35.9596292379,48.6001555247,26777.0187699236,-9626.1963583562,7804.7909384366,4261.920462079,0.9679098824,0.5389006903,5143.3451849967,0.7953543914,1344.1151003304,-0.0179397012,0.4025306938,-3106.7835316105,-0.4608142867,0.5523764089,-10826.82846182,-11.7845242878,3250.6077896231,1.2110247179,-1.4901520238,-37453.960000504,-2231.1998389737,34587.4373861367,-1379.5497556968,1659.2489407476,49.252653943,-11807.7793091012,1689.4647825814,-0.4482890795,-0.8518882113,-13.0316002587,-7126.5943601837,-3664.8643511138,7331.8036742797,5130.8707338018,-1.361011692,2132.9318452046,-14132.764217276,-4982.6941142072,107.3146377787,-10797.0148489285,7654.1652402365,-23166.3111375665,-613.4439835801,-4639.5588507693,-2270.0508593373,-7607.865932407,6481.7091468561,-6014.3909862669,11.1366980919,-7903.5301159714,-3542.117967575,16337.9101796802,5044.4189201805,12515.347988463,-2442.0651097641,-7308.1913909656,-4283.064784856,5166.6506997886,8903.2883852656,7542.4007268314,-3193.0881844848,-4711.9491481711,7415.1782991567,3343.4226518512,1219.9742051271,-1889.0659465956,-0.3960210213,21333.946197374,-2094.626704746,-1549.4337327461,869.9080357234,34513.5749957197,0.809073042,-1.4081289228,-80.3012212455,-3230.7218316716,14163.1761015223,-0.5933245227,-1953.615194052,-1801.5373159447,871.6771164933,0.8847364711,-496.9983780122,-20350.7586369919,32479.3740708818,-15434.3154973409,-4.2484289689,-0.4796515213,-2105.8381691525,-0.0649284501,25083.1431135191,-0.0637060362,1.1393976265,-12.4169518425,-15910.5238857484,-4122.6608158667,0.6623375839,1191.5941125632,1854.7489916872,-4165.0316326668,7220.452919137,24056.3167508134,-5997.9109270613,-0.5806878948,-19010.8517038575,0.2911074651,-0.446976858,-0.7988234261,-12230.6728152185,85.1253440975,0.7464793171,0.3823182496,4.3323087989,3219.9317413972,13511.9999309434,-8256.2427172074,2642.5801715937,-5501.6527160421,-0.6805510874,-2485.7013665762,6709.866669677,1592.1124876312,3297.3812372558,-7788.7095347597,19.2785293441,-1394.1023670759,2157.4896276089,2.3201414242,4593.675369388,-0.5262175474,1767.0585053131,7904.207811168,5885.5174772203,5451.4219943471,-24049.4302396056,-17.7882055239,-2814.023226264,-7175.8952828432,-13284.3353118404,-2269.6165368069,5560.7943023997,22016.4093215169,6875.8972004422,-8983.7042133254,16672.9425992621,213.6918612651,0.3672690483,-0.2963553702,1283.0146252506,0.3991120653,0.6590622796,-29946.6047072611,-4.7403816835,36.7352439064,-0.961724754,-0.4147821677,0.1585209975,-1475.1559016533,0.3004267041,2890.9632198105,0.1556719256,-0.4597518158,-0.6596037986,36.4069604565,-9152.2125867972,-11087.375874478,-3267.0061138336,123.7524246835,-0.0833610793,-1292.8417920778,0.5768413026,7212.6247287399,-1926.0363270076,6336.5953915481,-0.7834134975,0.8718833547,-9.5186985048,0.6562258762,0.2768176489,-0.8680251977,-12109.8944487603,0.2398625192,5157.3206442608,0.1188028158,-1.0710495684,0.0749277382,9735.3628554508,0.5332596758,6923.3411392938,0.0834756038,2451.7972567667,-0.1211148846,15565.0533343109,0.4727906144,-8442.8695387591,-0.4044446583,2677.9961368424,738.5544442006,-16248.740854747,-10.9207169271,-6.1160162542,1786.5552494197,-8554.3685738692,-1630.651325975,6474.0447623724,-2237.4671026328,-5645.4661573342,12305.834509567,9797.2746631222,-198.6114574751,10220.2387217111,-1866.5483931508,3531.819502551,-1839.4877820103,-14110.234290144,5782.4514768879,-3509.6653794309,1399.2725288177,739.0956457261,19736.386201871,-0.0392193161,-13659.2870243315,16.2270518368,1544.9924450335,-257.3777191919,-14418.3166259789,2074.4581216899,5006.0701458544,21583.3334732319,5966.6941403325,15141.884751487,11.3089582268,315.9710252188,-3737.8153359312,-2927.32910545,-36987.9845666841,0.150714036,-1.007728507,0.2759548051,1545.2807784428,23.1302568772,-3962.2604993404,6131.8491845425,-0.0259591676,0.3325710038,-1.385789902,-0.9587702961,0.4572698791,-40922.7653477449,-3220.1470276192,5876.8080147998,-0.1270505767,15.6283920592,-1.1812827686,19635.7267892123,-5202.6112752701,7410.7148277712,7.5663535903,0.8995020157,-1494.6787345654,-1857.8372011504,-1943.3488748953,-0.1802668022,-5610.1818244203,781.7221315671,-3199.6117646734,-14508.039390551,-10581.961686993,-0.0920555755,7475.07315715,12489.9645185267,0.4716985693,5323.6624014667,4667.7477882074,4.2912758588,21397.5156249882,-1373.2707459208,-21645.9786800518,0.5204199503,-0.9194235245,-14932.7465890354,264.3398147774,3023.3979389976,-4384.0688035552,-12013.9533852811,5267.5613332253,-7163.7098901208,-4675.4350612912,-8421.8530462659,17802.3198877351,7773.1909042768,-1917.6284020049,5770.0692649996,-9779.3130180881,855.7277737466,-1959.4304450154,10313.7957397457,4425.1673348757,3049.2003863276,-11923.3151964586,980.6116462953,-0.448963852,5904.9652333416,12.9660466066,-5149.5873089257,7214.4057777557,1428.2570250875,-6745.5511939781,-5965.2837565223,3.9689596853,-8722.1372997039,-39877.6606197247,-8601.0384119296,-8854.2200892417,-264.0986424682,-6907.4215974797,0.2814439831,16449.3834964699,3.9627963316,-14376.683467436,-0.4828355884,-0.0216479954,10202.9894451283,0.1021734295,-2918.6440706665,5781.84489655,0.8147881355,-4410.8390821403,-23301.4940681414,-14376.0929188501,3288.8225990083,-3407.9597359886,0.4415019094,2692.9924122108,-12.0425980519,66.5561984558,-0.9967510622,0.1847884323,22288.1374501372,27803.7429703984,-0.3413773515,1.0480656692,-765.5475671966,0.0040588134,11045.7299179947,-0.2177421005,-19552.4832132559,9306.8024399063,-8633.3786090828,0.0645961673,-0.3284874562,1.1363960462,-9979.2307808954,-35415.998269966,3079.9281348294,-1.0592558889,-3600.6992744965,0.3184999399,1763.993207465,-3516.3553716874,0.7904367696,0.4815716411,-11101.5587431413,-2931.1430024505,-6053.8592449424,-6732.8727793225,848.6338549281,5223.8086108465,9669.8608857716,-6421.8593880121,-4269.6870040842,9675.3983923996,7650.5660959065,-21084.0377701388,-5654.9805549173,-2011.0482576752,3522.3031395334,662.6844485832,15245.8319469113,-9348.7903303036,-1537.1766703194,3308.1066570596,94.7260269467,-9088.6544439574,38.9897800946,540.9180368316,4586.0758711176,-225.4305122209,-9381.0065690078,11444.9165851926,-9795.9104959752,-3081.9704902039,-0.7301639546,13003.2704198948,-2375.5522746826,3531.8090565864,18712.9006007543,0.9922836548,3.731613012,12256.4087220195,4350.0650125612,804.7108969604,-4.0101316076,-5.3094823801,-0.0977276487,0.1814840929,0.6011005232,-0.5395507014,1139.7817971449,-0.7344431872,1726.9922550168,1916.7189205485,-3.3508907683,-16.4473155912,-1953.7379694856,-1066.4463481878,-5679.4644333026,-0.1413320393,-1.2727255106,0.1698197047,5.716107787,-1095.0384890601,163.4553101464,1.4674246876,-868.8879594765,-18152.6587214003,0.1419156166,-0.4159018417,-0.3805700864,-21966.0268302825,15326.0399037619,5283.9643153795,-0.6768152228,-24755.5573503642,-0.2198271355,-3922.7844135055,2954.1109069836,17.9728133249,3959.3122748736,-11676.9966774011,4204.3452275619,1153.912292659,-4136.3010454332,-0.0062750562,-1.0346199574,-8984.2014700814,14895.393781098,-3201.331842752,-2877.3007976007,-22813.8563199272,-1114.6537056493,1833.8003503388,3062.9088977528,1939.1765994167,8262.0683869214,-1916.8752335257,-1498.3223291953,9313.3978350895,-1658.7944506359,-6176.0534524006,1309.7763036186,502.1977970569,3150.3179913162,74.7799090064,2472.0535929965,-249.5312702765,-11451.1851122887,-2828.1161177544,-5254.2728546668,3209.9298619854,4125.8566761906,-4110.4713268136,-4330.3905905415,82.1838593832,-2.7264714895,5889.1600170318,-4821.5247605399,4534.8853635733,1385.7656804302,6850.6196852659,0.7385748931,3424.858499968,-0.276319669,-0.324349949,-0.9923863454,-30450.2995298847,0.7932190709,0.7632245942,-0.2353605424,-1.2023632802,-5430.3438076579,-2706.6590210122,-0.6860661915,0.7882146881,2362.3250860824,-30451.0133159896,-0.655278787,-381.8450888327,14689.5620674886,-237.3331643371,2293.7771414093,-0.0582402943,-1000.0338390243,4.6642588477,-1273.0447230213,471.1134569447,0.0174001668,-1.6672359974,-28.1239613201,0.6135863098,2355.5909444881,-0.2576934288,11172.7627513769,0.5298314094,-4244.0098835346,0.8249333838
   0.2658992523,-933.6263919251,8692.5287381391,8859.9666895668,-0.6111719817,0.0916166993,-51.2188541457,-0.9649613288,-2632.2944166887,-0.4740261167,-0.9695410477,0.117538548,-19630.8907587801,-2416.6548066236,-6510.2234477012,1626.3313511365,9718.8137877954,13578.8053040937,2137.5107425713,4945.9529972962,15269.941575527,-859.32375787,-2004.2249126692,3659.061899437,1473.3904000102,-3848.3026664988,-1.1056982651,1053.1166013685,-3198.0451610464,-6299.9029454391,-8308.0536766948,3113.4925978272,-1090.9681234388,4280.8519738659,-2875.0045617511,-13547.4960862599,-1.4839886625,-4949.2312215491,-8178.1695316423,-6995.6841944343,145.3871735911,-13338.1544749874,-2163.1624287676,-6246.2873337496,-7238.2309249799,825.2972422358,-0.881150141,-9.7882692035,3.3426034214,-945.473709081,110.2565410278,0.5865602762,-4.605406695,-948.7902518084,-0.733566987,-10689.5110071433,0.3356120192,-1910.2696230471,11532.5463723484,0.1590632179,-0.2302283056,18708.1315666184,-4.8047152394,2.5213904071,46.1778722831,14697.8007517976,33792.9198904541,-1892.7746531975,18568.4757410887,-7465.0380734176,-11309.6436715021,1.4220576858,2.4546095565,-2.1274976966,413.8871418973,-2.2997377996,-971.9543193087,0.2612925758,0.2116484155,811.1890445553,-1196.508107846,-14431.3285129289,23.7659947895,-17.2241038889,-1046.5931736766,-13560.218359924,25445.9500626421,7892.595491356,-0.5542428038,-233.5148235505,0.6502328416,1789.3595028334,20216.7200478845,-410.8390203316,-1.2426643208,1710.2644227276,-4471.3178103786,-15369.3471602523,-11885.5762100361,4.7840004352,-6043.4686262501,-3068.2449685416,3168.2210513871,-19082.2385602916,295.7120261479,4881.8482077667,-2277.2845261611,-15361.779222976,4674.9336904897,1305.5521276202,1493.1983981927,-349.1257810232,3453.387837883,10885.9229275607,-5536.7161647116,-387.2961920357,-1499.1557860468,2465.5320593313,9906.4759646593,3598.3463029746,4331.8622372505,-4239.6847676752,7636.1054811811,-11306.6036017603,4899.4348108895,-0.387457455,-800.379515813,0.6785093073,-163.5858340878,-3221.1399193327,8304.2712799237,-21660.8921596834,-0.3350441696,-22049.7078942554,0.6996228055,0.6172098366,1.4364154332,0.1772772866,9674.651930135,-661.5612315929,1.0582319218,0.307742171,0.2193035475,2.21837367,-5.4028538861,0.9026030202,-11786.1422248722,84.8970230469,1062.6796180289,1387.0854812565,74.4008515721,-277.8489981767,194.9069900038,326.193806744,3699.9112931127,-13370.6302774253,-31892.3938473207,-0.555087115,-1.3744165296,0.3377179567,-5013.5411417354,-0.6506061205,-1363.7739696854,-1.095367178,75.2427083593,42176.2278838854,3.5446850171,-0.308521964,3649.5209589216,-21470.713234683,-0.4673755562,0.8255640528,-1195.9465912506,-2316.8133875228,1640.4638534123,1.1533684021,-0.2869273391,-0.5421360583,-737.3351784642,-14765.2504667661,-96.9638467402,0.3311801335,-4636.3910240547,-2945.1710506382,2688.6982303917,3540.5779124519,-4691.8008385584,4026.6213223738,2027.5199026676,9908.9497475498,-2097.8950715866,-1028.1178333161,5703.9723845441,95.6261431761,-44.4757673562,-3051.2364774863,-6963.8230567649,-4083.3773084658,11289.5729648509,-3618.3313458101,-3170.5311803761,6229.6676243037,-11.37872467,-1208.448511059,-7903.3300065972,-2681.5684571045,-786.8353215828,-2.4846374916,-369.7928669782,17.1992580745
##end
biasActivation=0,1,1
[BASIC:ACTIVATION]
"org.encog.engine.network.activation.ActivationLinear"
"org.encog.engine.network.activation.ActivationLOG"
"org.encog.engine.network.activation.ActivationLOG"
