encog,BasicNetwork,java,3.3.0,1,1425322544226
[BASIC]
[BASIC:PARAMS]
[BASIC:NETWORK]
beginTraining=0
connectionLimit=0
contextTargetOffset=0,40,0
contextTargetSize=0,16,0
endTraining=2
hasContext=t
inputCount=11
layerCounts=11,17,28
layerFeedCounts=11,16,11
layerContextCount=0,0,16
layerIndex=0,11,28
output=0.0091939561,-0.0000565673,0.0032318326,0.0089374388,0.0000961292,0.0057730808,0.0198771044,-0.0093430179,0.9947658276,1.0021304501,0.011912069,15.1357056519,14.0820537117,-14.5804851661,15.1107387347,15.1090739003,14.5661368513,-15.4325939733,-13.9160011589,-15.1001910945,13.9654021792,14.462598792,15.2266848592,-15.1643141005,12.5159136117,14.2804158278,11.6636650044,1,1,0,0,0,0,0,0,0,0,0,1,1,0.0091939561,-0.0000565673,0.0032318326,0.0089374388,0.0000961292,0.0057730808,0.0198771044,-0.0093430179,0.9947658276,1.0021304501,0.011912069,15.1357056519,14.0820537117,-14.5804851661,15.1107387347,15.1090739003
outputCount=11
weightIndex=0,187,635
weights=0.0137385741,0.0089002377,-0.0099036697,-0.0213752106,-0.0112336711,-0.0122314372,-0.0119554252,-0.0124620704,0.0057681817,0.0088573775,-0.012607459,-0.0113418286,0.0020042981,0.0064621289,0.0000609709,-0.0051349441,0.1714567926,-0.0000014822,0.0000004697,0.0000004976,-0.0000008539,-0.0000003965,-0.000002314,-0.0000007121,-0.0000001089,-0.0000015042,0.0000003007,0.0000003905,-0.0000016441,0.0000005207,-0.0000001004,-0.0000008463,0.0000017974,-0.0000006509,-0.0089890979,-0.0261808651,-0.0034949886,0.0213376342,0.0158989525,-0.0221637336,0.0091794913,-0.0043127927,0.0088782874,-0.0072384201,0.0070682491,0.0182697043,0.0207041471,0.0122228128,-0.0077918174,0.0084832554,0.3268986037,0.0098002071,-0.0240776291,-0.0135893971,0.0015084458,-0.0059473497,0.002578377,0.0093299027,-0.015572519,0.008021611,-0.0006606946,-0.021298436,-0.0033718189,-0.0088599225,0.0180150618,0.0007504663,-0.0021484676,0.1025519999,0.0000000611,0.0000012319,0.000001487,0.0000010769,0.000001409,0.0000006111,-0.0000003332,0.0000018781,-0.0000016277,-0.0000008632,0.0000006843,0.0000016898,-0.0000008931,0.0000003694,-0.000000027,0.0000002537,0.0000051768,-0.003574813,0.0012246421,-0.0211568715,-0.008093092,-0.0066106693,0.0107852966,0.0066462319,0.0071337435,0.0027986666,-0.0051565578,0.0073963958,-0.0120169284,0.0048187191,0.0032472732,0.0059843502,0.004419562,0.0867761958,-0.0042273406,0.0029973859,0.0108449416,-0.0243721505,-0.0242277672,0.0331405775,-0.0026679539,0.0230340137,-0.0245430601,-0.0159726724,-0.0108962846,-0.0171830762,-0.0171645566,0.0050314778,0.0184325388,0.0092138224,0.3084903487,-0.0192325521,0.0203043972,0.0430380652,0.002997888,0.0231881512,-0.016196201,-0.0045966885,0.0300146039,0.0011865638,0.0008117746,0.0123918371,-0.0071767637,-0.0410947738,-0.0173953559,0.0140491901,-0.0003425537,0.1449048159,0.0020313764,-0.001538524,-0.0065992327,0.0047235705,0.0220920418,-0.0052945478,0.0052214655,-0.0231598101,0.0008417799,0.0030618075,0.0149865344,0.0142889854,0.0145235002,-0.0022982267,-0.0041058637,-0.0019923361,0.1862163245,-0.0098930786,0.0268761849,-0.0001610067,0.0032981691,0.0100405459,-0.0119666598,-0.0186054743,0.0108119765,-0.0186706344,0.0033970711,0.0110396308,0.0137501658,0.0050300668,-0.0152931753,-0.0087928652,-0.0010465086,0.3142000391,0.0057645861,-0.003026998,0.0031518978,0.0161616869,-0.0189859027,0.0149261953,0.016982481,-0.0163070288,-0.0062524709,0.0101793277,-0.0162196183,0.0157264266,0.0261282288,-0.0061300252,-0.0083241183,-0.0067228033,0.3023945267,318832.9898628211,0.3221445698,886932.6075778339,2274169.8511375533,-0.4970957014,-630328.4801484469,-331603.7393681723,-1188302.0856556962,768238.0980005156,206713.0580602525,-1477900.3058740355,-63707.6011601423,-164174.7127753607,-51987.4454349748,120695.2812089207,360790.1047057178,26196.0774539193,-218974.9024374739,518763.777207236,-24183.8947261446,-116915.6451562387,-349795.0811938203,369179.8685451971,-74719.3065022244,158920.0528808464,50368.3055098205,-130432.3517757189,69416.4770439708,2084736.8275476387,0.3815964951,748910.2340431691,-473971.8459057006,0.4638512174,-811513.6022519998,-98564.580576135,-433029.7387017039,-753315.21486849,127668.4036523157,-164771.0847086255,-3206.6526930191,-31046.5009846129,44542.0217802073,82547.9983674782,138828.206401875,44622.6194837551,279793.2861431006,340960.4354345591,-440062.2935633575,150926.6072008557,-394357.7166413416,448569.4241239324,-23974.6917371424,4046.2253814744,42418.7021446717,117611.9180192387,14217.924391446,-595739.4236729781,-0.5247465806,1137675.7426491294,725356.1885147112,-0.738627554,-1245295.5121756496,-678619.9928748559,610365.7680304294,-324925.5228919244,-886086.965547503,142542.1532396563,-31679.2723584451,-616295.6516012131,-9535.9090839336,-127751.1122645126,-18215.4058272741,-24310.8250399068,-104854.672153889,682954.3152764008,-322376.5030858007,-526468.4059718539,-421775.7087014034,279438.0423111721,-2948.8307147557,1407.3862542062,-78269.6505761949,-40970.9785317057,61544.1995252744,-850456.9286825629,0.790074998,608049.3324552926,363503.7220169773,-0.3308512384,-461711.2969460653,-1156428.2378431482,-1775251.6116501768,1369711.2551116126,805030.4208456774,824804.9100326321,119076.903937868,380251.9820678012,34418.9266585122,-49068.7557737756,67226.0398301075,63198.6397859421,306581.0978702271,-222653.408448549,295229.4031580525,224850.6149872701,56503.2815128058,-203010.523831797,-8876.8659022097,99226.6283462226,57550.516859869,-66578.4229501032,-9578.5276477833,-400888.2635966875,-0.0161444575,264732.5088377673,-1010299.9673325702,0.1116633277,682374.1563146323,838319.773601985,2297099.6618773774,1354498.9953035517,-1232500.1977387213,-1081166.4541872058,808.5558624251,-52351.8996826795,46167.7092732627,-532118.2001088732,-538560.7067085954,11577.737197434,-15475.8760178729,73302.9481072236,232171.0538418129,68596.37557511,205908.2217335426,544697.0191051632,-112674.8339458252,142535.7329023329,62328.889588346,34544.3048512466,-50821.9359266607,1003982.0428084802,0.3153385753,652016.4300795908,-1651608.3577611095,-0.7578390349,-820384.4627277197,1847714.373803625,-163646.8812948697,1016221.9508886846,-1526544.7538650448,-828599.0756426144,-78416.9647112712,126420.6270797459,-20288.9062555283,-196312.697732182,279018.7192296839,-74991.8811296853,283435.4963385096,-113369.2648320572,49967.6336399471,-535111.8062086022,-214022.9488975151,484794.1056567857,-96163.6363470375,5339.2424011277,21262.2567819716,29616.522950387,-11752.0840523791,-778927.2507629484,-0.0603157731,-290572.9711278268,395758.2345246554,0.1009102772,643403.876785768,-401313.4676761685,836010.5014179584,4828733.867566118,-646525.7348663082,-1313520.5294914222,-178798.274119784,134830.0871961699,10020.6045823336,-470106.0203129912,-203908.3546853551,-36099.1161223128,-457463.0879516861,596579.5759139548,121131.4960131449,242036.8782258668,-226783.5881532026,583078.5082894682,69338.9309367264,-24972.0021703962,-36699.8789599541,-24842.5128489443,133415.7204500968,-254632.5237424235,0.361565242,-561505.245998967,-1958921.4687814903,0.6012758443,998665.8805644413,35595.8861110931,752182.6005662063,317157.0505772016,-435309.5380189384,-45428.3326580941,-38718.715319529,95552.8359280164,-36161.4227703917,-250937.0987186118,-23941.1605247572,6595.7973087082,-251480.2636291105,-398388.5573218418,66525.6173188055,-237168.9889865949,-205329.0060185734,-67134.0134746423,-23944.4911007778,40693.7569819949,-93997.574943941,-57036.9003470134,75385.8908608,-1788251.631678666,-0.6738522855,749213.9056587366,2355208.909603347,0.5078703035,-1955860.0720571063,-609679.4287233278,336238.4428679943,1306394.1558718893,112085.072859979,-1095723.8989037864,58608.6251907654,121198.1943398737,59698.0916936342,-84440.3776478763,557634.9431412749,91666.9347345249,-220116.2647574839,-277276.9421429201,-161498.2450084884,101908.4222009145,99929.1335832469,-345983.3689497278,-14031.2042363293,-12856.4225794259,46856.8032612855,117077.9106362338,-35684.2198413433,-635681.7690645509,-0.1902750516,1163244.451015124,2358350.273766028,-0.0001042623,-1143770.23277862,-988401.5047893783,-30054.3368386859,-1191937.5656850291,1217135.894641816,-1443767.8363799222,-130923.0565839543,-302372.3876438487,655.0090029123,372491.1339115542,440792.0670605808,924.7354072762,-428741.9151899295,-139710.124549018,-83501.6082940922,528215.2445484274,-60323.5594908198,-19678.2055038661,-159764.2261511844,79447.8608461814,-152404.7383636655,-111467.8886946315,-60602.2253973707,-600208.365338266,-0.8127402809,-3089847.9618166937,763022.7633580778,0.6458680156,2717546.862554241,-660759.27724057,-586148.7222603086,4349107.600388258,778163.6929396522,1811230.2324565283,-32668.7131881375,260599.4590954678,63591.6801951931,114843.6358792436,634854.7879777057,49097.0663802825,-147868.5892826546,-102651.1317709519,83927.0738671413,-126744.2697763512,115304.4858965333,-335670.2425309324,-37519.3028935626,-33681.6398115292,49750.6252948355,-31446.7504630149,28514.2717000016,444733.3258312798,0.9527443858,-702448.1896934714,450037.2620284032,0.639815452,677014.5472223687,-1393785.6651366106,-83180.003670355,594045.917256479,1296680.853769391,296493.4293433995,-6435.6428862245,-83697.4241241703,14940.168549021,273630.0607543053,113574.6283271117,60902.1411128102,-14878.6608302224,-11151.4592836706,-392478.8240984295,336009.8463139288,-36233.2691833966,-146835.4025199606,-5435.7904668915,46016.3480435228,44709.4862032952,-32770.4701297447,-118408.8198162702,-968782.678344788,-0.8229537651,915806.368684241,2740248.2020133208,-0.7858295789,-933486.4669915944,-1859434.9925262304,298496.5143256473,1921535.3505339455,-350211.3796115501,93500.5573664279,-62038.7974967367,10082.4138930495,-47689.6111621165,111421.8269802011,291950.2466737629,-12219.0633811296,385922.6373482092,214418.6202267671,221395.4860001488,16503.7414646002,370767.9558761065,-597336.4109326596,15812.8031542216,-45896.7379361891,-77674.5878252421,-31215.6800165911,61242.0160616823,948249.7204707435,0.9544103946,-1345420.0803799874,-777226.8361088363,-0.2887555307,1948821.6440843842,-217523.3837634285,-1719698.8205033876,-531952.1887720258,924272.8199581386,362839.902407038,97620.91973693,407471.600815141,12899.0917836157,-195800.4681545979,-511270.2993640857,139676.6410957196,46183.0103458494,-273740.7185974538,229839.0918456441,533392.9447681031,625709.6751005116,-478488.1615904724,-54136.309931285,-75706.5805833965,-115875.8968535785,-8027.8599184635,-43490.3654123925,-72315.4676959496,0.2499976674,-255842.3303264075,1207293.9622155773,0.6322301857,250548.992182675,-658460.2719139786,-412927.7159024976,1619701.7098884694,283561.1068803689,239586.1705207037,-85633.8771990553,113603.0904275237,-10258.320728301,-213599.3698902471,264420.5064198266,-12416.0641718537,-183485.6303979536,320735.6645092636,498622.8224233738,-136015.09637079,-13485.8209748399,8935.2992014702,-6651.9509392118,37576.4915671702,-76850.5757735563,-677.1475987105,-122692.9163109361,-967479.0011909876,-0.5130957642,4011536.522130539,903055.1368068486,-0.7834913821,-5885546.128466419,-602138.3057939238,-2079870.6098776332,696368.8581976499,526857.9769559137,-1468225.2308561234,-70216.8556645461,-139991.8851853075,15005.3161216469,138934.9046171507,1156595.38655906,-28282.6193645735,-767792.5429898867,362415.1560055352,133234.2424438499,21264.0523023451,-644651.5272999004,490517.083564061,-54475.9125999567,57430.6105499006,71946.4917841467,14768.7883123286,-1855.000654266
biasActivation=0,1,1
[BASIC:ACTIVATION]
"org.encog.engine.network.activation.ActivationLinear"
"org.encog.engine.network.activation.ActivationLOG"
"org.encog.engine.network.activation.ActivationLOG"
