encog,BasicNetwork,java,3.3.0,1,1425321045815
[BASIC]
[BASIC:PARAMS]
[BASIC:NETWORK]
beginTraining=0
connectionLimit=0
contextTargetOffset=0,38,0
contextTargetSize=0,14,0
endTraining=2
hasContext=t
inputCount=11
layerCounts=11,15,26
layerFeedCounts=11,14,11
layerContextCount=0,0,14
layerIndex=0,11,26
output=0.1024662784,0.0000053271,-0.3607423894,0.143046545,-0.0000064727,-0.4497457201,-0.0214611952,0.4496448728,0.7098733339,0.7155227965,0.1526662687,13.4392701956,-13.4894526699,-11.5413363333,11.2292700924,11.7814761209,11.5794159847,11.5420673287,-13.7551943689,-11.8244005884,12.5632914429,-12.4962662758,-10.1502584133,-13.2633695113,-11.4141667496,1,1,0,0,0,0,0,0,0,0,0,1,1,0.1024662784,0.0000053271,-0.3607423894,0.143046545,-0.0000064727,-0.4497457201,-0.0214611952,0.4496448728,0.7098733339,0.7155227965,0.1526662687,13.4392701956,-13.4894526699,-11.5413363333
outputCount=11
weightIndex=0,165,529
weights=0.0090791896,-0.0012157414,0.0111678382,0.0066027586,-0.0234178148,-0.0062288896,-0.0099246656,-0.0108204752,-0.0057353306,-0.0020455566,-0.0125981384,-0.0209116512,0.0181462814,-0.0076679124,0.0738850045,0.0000000002,-0.0000017487,0.0000008752,0.0000012448,0.0000019277,-0.0000012737,0.0000000486,-0.0000010793,0.0000037582,0.0000011026,0.0000004633,0.0000008244,-0.0000001839,-0.0000002604,-0.000006178,0.0047195721,0.0044257554,0.0034643991,0.0084546664,-0.0006641028,0.0059689574,-0.0051138695,0.0105885759,0.0165203004,-0.0011111172,0.0048415,0.0072507915,0.0107730789,0.003781248,0.2534018463,-0.0117158382,0.002027199,0.0094281819,-0.0087729859,-0.0163390835,0.0010368011,0.0118239032,-0.0089852253,-0.0075377184,0.003464799,-0.0187920117,0.0173925122,-0.0160304307,0.0009717437,0.0631242233,-0.0000004501,0.0000023203,-0.0000007172,-0.0000009425,0.0000004633,-0.0000010542,0.0000008772,0.0000012757,-0.0000001059,-0.0000018659,-0.0000021198,-0.0000001867,-0.0000009823,-0.0000021963,0.0000030615,-0.0032626576,-0.0098670708,0.0095547918,-0.0000753566,0.002370807,0.013914569,-0.0261927508,0.0025596763,0.0063494821,0.0033038811,0.0180908474,-0.0000354058,0.0048865211,0.0017722049,0.0649148905,-0.0190562251,-0.0224407826,0.0047664752,-0.0097046834,-0.0003760394,-0.0086609743,-0.0040117913,-0.0051076727,-0.0132418238,0.0143999268,0.0258186473,0.0194849637,-0.0220589799,0.0177323097,0.2694314926,-0.0025524925,0.0049179729,-0.0011414888,0.0019769742,0.0050447215,0.0022424214,-0.0141736157,-0.0195695701,0.0119189787,0.0163945414,-0.0079766337,-0.0199855556,0.0216607287,0.0117916344,0.378238991,0.0166587521,0.0205079699,-0.0310222799,-0.0118943527,0.0051147878,-0.003795564,0.0283648452,0.014985226,0.0062901147,-0.0044782083,-0.0088125757,-0.0005126755,-0.0097016137,-0.0125068238,0.144464623,0.0166655928,0.0139554435,-0.0010416835,-0.001972774,0.0187639212,-0.0012432576,0.0258612788,-0.0019478157,0.0162732915,-0.0310319505,-0.0204852112,-0.0131093766,0.0052089018,-0.0085537978,0.3226616382,0.0052796041,-0.0088578073,-0.0004513446,0.0088077347,0.0064024065,-0.0116142579,0.0145693306,0.0286778556,-0.0118819582,-0.008507962,0.0115814039,-0.0024882232,-0.0039904252,0.012132456,0.3148920876,-304424.7733808216,-0.3197011444,153978.747609213,-168556.4969278834,0.6209326764,-327971.4326864551,-98267.3182000021,29013.9720839634,216323.3284439188,161293.5349688148,315943.984687234,-4631.7735402026,-50819.4763856044,3111.2113935422,-95078.4784336484,-2305.478537614,-748.3628407316,-120282.0954807814,-25359.2817849725,39765.6767295501,200967.0273788026,18972.1512043351,-131693.681108003,-46361.55012866,22634.868484801,-3096.0905650586,-133662.4258236855,0.0173831847,-241928.0992262544,-585263.3196850045,0.0915362737,-335111.3212052789,501772.5116041712,-43135.8141080948,98430.5606983676,44387.5015657944,121864.2083295058,6990.0285097208,8772.9821265938,11691.9194026716,33765.3601469607,20089.3975902951,37000.4857327669,139003.7181323187,-82973.9214239627,-52289.8690767649,112155.8935007184,65939.2017261504,18979.7489558536,-30259.1079777056,-68444.7973447184,-22504.8925230397,19366.8050998938,-0.1037323486,65863.4881083544,217563.2192621447,0.744873052,153288.8014689886,-170566.9225735483,172515.2350525795,-160600.4039717813,25649.4406298146,-33037.0442842468,-14923.281063356,27846.6776162947,25878.064080838,-52249.2504415637,-157221.719788845,-32743.5334842067,504.6173688434,-63491.0827974203,79179.2485137542,27734.3122128641,3931.2073107492,11576.4938044348,-4416.6209662984,20381.2432400868,-42474.4897565717,-214064.6650477723,0.5138214392,242861.8854775986,301779.4291526598,0.4875765498,-262135.0214864958,-28654.9286243387,-64229.1687474966,47860.0101499547,24126.6247915806,83871.0652984205,1912.53050609,-22009.5607619642,41269.3579383438,-50598.9254354847,54073.3419096444,-19628.848125107,6075.6948226867,-71421.963546852,27483.8387647025,-91161.0024330934,98234.9907659559,-68970.3779860633,-7772.0489206665,4672.9318231862,7545.393938157,134692.6505175668,-0.3573572463,-71049.2264132324,-340294.7427434339,0.7194877644,157736.614620081,192160.4173517478,222010.2606561758,-528.3869404841,-321686.6997108509,-141462.9584963334,2912.4898443906,77884.6857519602,-51127.4155562184,95512.2644600351,68755.6845593365,94168.724841104,95027.3153037597,-109552.5655792744,-211459.2289724195,2777.0738687809,-47432.2640182328,91146.4665434855,-5111.5911311974,5381.9436386659,-11987.6086793645,285918.4748868521,0.1819956234,-111858.3894473001,287786.991533929,0.1189672056,266206.6501276791,-330397.2808843859,-140742.177827444,464812.2464752744,-55193.5302607149,-239598.963732266,759.2077241104,-7649.8786501656,-4388.9606687808,52840.219544948,-82358.0991623561,-4462.1201183497,67061.4699900262,-962.4305849211,90808.841361716,-31080.0331956073,2192.1291854878,-83651.734453008,-23743.457389841,-21802.3444166093,67.6705296535,239867.3030860832,0.430204499,63552.2691666084,78449.8159627858,-0.1738256714,269161.2637451587,-126720.9970317741,20229.6318866637,94053.1894460682,-71296.8348280202,-150830.8278684755,-6184.5205071929,-72213.8778178183,10757.3752309179,25874.1920662378,-38440.602635068,-43967.8775311749,39192.8892591301,-9014.6793625041,96097.2302146652,-104739.3013536143,-22567.874591453,-5680.445861258,-52660.2014952844,-38322.3503956711,-18337.4690762666,-156372.5321282948,0.0051537642,181095.6545616247,354787.8920699396,-0.613078027,-566840.3758748014,228630.4340494527,-170522.9582033395,390783.4951474066,-73054.6256869862,-265402.171507703,-11860.4147171249,-81191.7641934333,18464.9914042888,-34614.7914035159,107147.5796083967,4933.5888510126,-147258.6093968847,-38217.4375071728,36510.1260293754,183934.2419836969,57653.9612097334,-207889.716782023,19961.4867313623,6521.6751537111,434.0470391417,105159.55664162,0.5165756922,-169267.4929300947,-234244.7289013717,-0.4141615478,183337.5125672989,-15311.720084633,208098.2160125539,-4091.7121594993,-68231.3826916122,-114649.2015045948,9472.6706641365,101426.6709803558,14485.9918617156,-60103.5207885758,-106339.0947483154,86600.8975628529,-113952.3676778784,-91540.0558410305,13131.2687277779,53816.4265352764,30827.974689002,-60218.3855893154,57689.5385198832,18822.2688674538,36502.3840158265,-140402.4049660042,0.573213895,-466716.484050537,-308705.1919649977,-0.4761968985,403627.3537117511,-116043.9078669034,504679.2910800353,79260.1914518132,-7868.7089257938,153844.3102682947,-19420.0906337361,79862.4237570205,22202.9677293371,47918.6601400334,-32537.6848292466,-46576.5430307674,132259.7315647711,45237.122311004,-57793.6983306706,51178.2509139531,7864.7159326868,-68631.4872834069,-31350.1828002655,-9068.7840445026,-8460.836275046,-50763.9540979582,0.9004175907,97546.7812310613,-284934.7758934208,0.2346704032,-173350.2886584608,205540.7969768867,-292504.1853827008,220612.5562598711,123898.50806702,72385.672894632,26475.0358054396,1366.011067351,-3137.6677994843,-6296.6462405236,163129.2305749421,20349.2550565221,-72179.5211524445,-33389.717008237,76328.4980878793,27251.4121129091,-56714.8136255143,17842.1600318412,-18323.7984941424,-23657.9712546344,-17575.7715383039,-102771.160500365,0.4627510544,-15417.6564002484,-400669.8844456536,-0.4683437631,-271180.4328175552,175739.8839062992,-449217.6749771284,383316.3987673656,344223.5896165846,-9719.4317732425,592.782124484,47924.3236382977,-30673.2311422088,-84657.5872713131,23850.5330542682,45628.9686035039,89521.0156195022,92300.3128073196,20755.4552620744,87449.8220394034,55450.4604071038,-58676.6875282732,-3675.7558170767,12870.3396393358,-11988.6446728255,-162389.321393311,-0.4798982451,-450858.1095292752,-35512.532268747,-0.3124221434,238201.6322991986,-393900.5278681962,235895.3143019685,543689.0210501517,56965.6389158357,162720.2408738217,-2281.797281926,-21955.6257926552,70862.5463653808,-11098.7622640761,15124.0934012944,-41375.8143410085,24819.9788318279,57686.2482914264,-111035.4015075281,111559.9269239489,4639.9217586831,-54083.2975096232,-4514.8964429127,-15245.9892414466,-30586.7922658237,-60378.1134500054,0.5266413367,303571.0007512207,232242.1618689243,-0.3593571097,5398.1207266613,-351216.8511482201,-57508.8233651972,133487.4995311795,-8869.4122510569,-68937.2706734694,21575.590942967,-92357.1443133504,9750.4234806403,-79209.5897562528,79669.8340349293,-105943.81715286,-122809.9696178905,49280.723556876,-14170.1641331011,8621.6317489461,42644.873739519,-87301.09401717,-14798.2097216734,-23502.7748695579,30821.0378898526
biasActivation=0,1,1
[BASIC:ACTIVATION]
"org.encog.engine.network.activation.ActivationLinear"
"org.encog.engine.network.activation.ActivationLOG"
"org.encog.engine.network.activation.ActivationLOG"
