encog,BasicNetwork,java,3.3.0,1,1425320582680
[BASIC]
[BASIC:PARAMS]
[BASIC:NETWORK]
beginTraining=0
connectionLimit=0
contextTargetOffset=0,38,0
contextTargetSize=0,14,0
endTraining=2
hasContext=t
inputCount=11
layerCounts=11,15,26
layerFeedCounts=11,14,11
layerContextCount=0,0,14
layerIndex=0,11,26
output=-0.330501815,0.0000188573,0.1061987455,0.2643636044,-0.0000078727,-0.0811625417,0.4126815389,0.4849066541,0.5204729559,0.6789964214,-0.1785827471,-13.4978406441,-10.5253183831,-11.4873380624,-9.9627171571,12.55975065,-9.0880500298,10.4252183447,11.6386866869,-9.3220671159,10.1048478739,-9.9449876437,11.215616034,11.63838983,-11.8659692295,1,1,0,0,0,0,0,0,0,0,0,1,1,-0.330501815,0.0000188573,0.1061987455,0.2643636044,-0.0000078727,-0.0811625417,0.4126815389,0.4849066541,0.5204729559,0.6789964214,-0.1785827471,-13.4978406441,-10.5253183831,-11.4873380624
outputCount=11
weightIndex=0,165,529
weights=-0.0039061749,-0.0306862119,0.0203392248,0.0142661105,0.0007474267,0.0051210079,-0.0078186259,-0.0088624088,-0.0008262068,-0.0033457984,0.0209328144,-0.0001127533,-0.0085684928,0.0075651619,0.3164134936,-0.0000007871,0.000000987,-0.0000007078,-0.0000019,0.0000004852,0.0000001908,-0.000000833,0.0000005672,0.0000014774,0.0000006649,-0.0000000498,-0.0000016839,0.0000002905,-0.0000004758,0.0000057041,0.0077752301,0.0156139666,-0.0112550413,-0.0120797967,0.0047126063,0.0027826334,-0.0132022636,-0.0195384397,-0.0063507953,-0.0032873531,-0.0211200689,-0.0174367793,0.0138819938,-0.0066254135,0.1763493314,0.0046559773,-0.0113137361,0.0001645729,-0.0132058551,0.0014075323,0.018523149,0.0014547218,0.0173398841,0.0112625587,-0.0078373216,0.002251763,0.0176372484,-0.0075158869,0.0018676224,0.1305350461,0.0000012128,0.0000007688,-0.0000027247,0.0000008941,0.0000000163,-0.0000013548,-0.0000016954,-0.0000017256,0.0000007865,0.0000006864,-0.0000017409,-0.0000007771,0.0000000696,-0.0000011708,-0.0000034643,0.0098027834,0.0117189806,0.0053639273,-0.0022189628,-0.0091801695,0.0051974816,-0.0022019093,-0.0017044218,-0.009421419,-0.0017604853,-0.0089932766,0.0051286991,-0.003150585,-0.0226982036,-0.0303272117,0.016191487,0.0081317369,-0.0030227124,0.0166144877,0.0274343402,0.016963856,0.0027641056,0.0224539189,0.0072886809,-0.0167013472,-0.0182171005,0.0117155773,0.0121676148,0.0050883876,0.2099837565,-0.0047458179,0.0137263238,-0.0027211084,0.0029578978,0.0111107738,-0.0365051822,-0.0041583354,0.0075835754,-0.0167599959,-0.0179234164,0.0153264487,-0.0096738351,0.0056271184,0.0110281523,0.3984759926,-0.0092353792,-0.0110309042,0.0045451202,-0.0056132792,-0.0276341823,-0.0053369391,0.0202476509,0.013071518,0.0051916011,0.0165629935,-0.0054635796,0.0062122052,-0.011997281,0.007095609,0.1922002033,-0.0263068029,0.0066502242,0.0149255014,-0.0119186085,-0.0209545055,-0.0062464778,0.0055408032,-0.0037753984,-0.0014128133,0.0244841912,-0.0004821344,0.0136354646,-0.0007871086,0.010790008,0.3581015825,0.0036557183,-0.0007023659,-0.0180491648,0.0176383289,0.0084942995,0.0077131361,0.0054631392,-0.0134962656,0.0001806746,-0.0028836586,0.0225061006,-0.0223438448,0.0023613325,-0.0061420083,0.3001763043,7353.9224097575,-0.616928505,45080.2764211834,115134.3040678701,0.0334332773,-154655.908445699,24990.1313385629,5861.8911436189,-91204.8469647416,-4547.9318935491,-4428.3260907227,-5601.2280955145,-24821.6324370659,30264.6983483873,-6856.7401599481,6872.49052976,-37993.0338897724,25941.7470213418,-4276.6491658801,-4118.0763304836,-17518.5956541976,30684.7772393101,-3440.8832639925,-32123.785389939,-16644.1557176584,-8541.3820996512,-5337.8726500479,0.6119971929,3088.6323741842,20376.4460120591,0.0734100798,-27090.8247365184,21.7022541395,54315.8132485552,-14207.6248273351,-34815.9941505753,-42174.2080425323,-2193.5587687383,12692.0261258304,8223.5615772023,20862.3612666345,-26129.6272682511,-13946.9463473959,23462.363795365,16679.7108707211,-7866.1005286649,15804.9120313591,-9870.2795993133,3805.0266754633,11040.5971590698,-8907.4852800104,-5961.831194528,53176.4319155045,0.4292249007,-6591.3779587205,22221.1454589778,0.4927912398,117213.5196197781,-81619.4720077044,43698.8121294288,-94787.3000938658,42752.5800491836,-51376.0773156417,-3520.2579204568,15517.3594975836,55318.1201848494,23433.4194186618,-33795.1778780846,20581.4966510688,19510.2131404822,14003.8039645245,4456.2842950996,7001.1763475904,-9459.5454544459,-2116.2201432863,12245.6923043006,-1653.6777005082,-24752.9505858078,-17305.4404425312,-0.8466827727,10113.6337441746,177562.380363859,0.7177311272,4110.9016434575,-7440.5862472109,-7910.0853693749,-31199.1147565663,-26717.5195006241,41562.1254565564,-4542.8773218933,-24408.0754632122,20916.9019446954,-7143.8222824356,13359.9631803054,518.4440390281,-5030.6087434087,18291.0975029126,36498.5544777309,-32414.0256090038,11119.1943281986,-16365.6463012027,-116.542117236,-828.3026176966,-177.4287354928,-105538.7273411036,-0.4432111706,-32785.3684997892,-39060.984026464,-0.328245104,-129462.1556421872,66862.100369778,18610.1828861515,1947.2020443288,28125.661887581,62796.3114223238,979.1182781812,15290.6273821705,-8143.9828642464,-12901.6191721791,21013.1585891402,-14529.5564311349,-25700.8991913677,1454.6804959394,19397.0376609102,-11151.8923027581,10971.4402978319,16183.3911918527,19137.3602925923,14754.5845055093,-11050.4148753054,8409.5153184303,0.9974011376,56517.3483548227,83547.0013473414,-0.611776532,-188395.7112690453,15780.2458901362,-72863.1019858513,39975.0294265197,15024.8752707138,-25527.4885364692,454.1357721498,-12581.4848566031,21260.6523138556,16684.5977693625,-26261.279716845,-45337.387068647,24245.3096246147,-3401.7680228111,21615.6317498964,10685.2705417576,18080.0425704591,-18420.9982536722,2869.7820491819,-153.4736580659,-620.0949850385,43304.8784270469,0.1532265123,-43136.6284710692,-107437.4797412081,0.6365902161,-6486.5874851468,53267.5103670634,16427.5686434524,102152.0172003296,-11364.9263744558,-45977.7696248764,-2378.7550598402,10336.05023944,-7568.6365088044,-5432.9548866027,-5334.213936134,-7525.4702362364,8067.509460046,4721.0734998339,-15603.1907122844,15591.2045663829,4824.4398058359,17371.1350147294,5423.7905835178,709.4099635544,-5901.6496381695,23201.0390133416,0.2741620223,-7219.4894840196,-3253.1867822437,-0.4495826196,-24476.4129818451,37309.599531932,-55969.8803388078,-105017.830572389,10659.3482615517,31569.4244840407,4720.3105914132,-21489.3282965969,-15675.5597109326,-3170.3649389713,-16175.6215036964,2488.8766214551,-21586.2506598884,-4306.7996525191,5183.4264272831,7674.8188940865,9282.910462874,7240.5621014223,6812.7011958959,-1523.3933602697,-756.5716165642,38158.296724429,-0.9600685208,-8759.8867733461,75534.707380302,0.3974040643,8463.764713518,60819.3072206135,-30273.730909803,-223100.2537561812,-16836.9014897886,-27232.2074258904,-11027.2244541424,14937.911438504,18317.4117997545,10867.3922863248,-60532.550295217,-29685.6565511185,14130.8702966676,16901.3432576602,-719.6912675304,-81412.5561443431,-23631.8109383704,-3437.5674154397,9835.385803507,-17882.4248692281,1549.107256056,36544.8020521763,-0.4288738779,10348.5667254225,-30544.9951995875,0.9599490571,-55581.4955804006,55156.3238319984,-38019.5275442706,-47354.8703771312,-32720.2564600714,-7357.9636611214,-6065.593231153,-24665.9944113191,43859.8236142756,31243.9647515964,-32957.5260890844,-54424.6401157554,71754.6404414092,10154.0286768559,20635.796558824,-41225.290406811,-26805.6269280624,3361.0483372584,2515.665402579,661.1049030254,-2646.2939392589,15924.5374048738,0.8894075007,43530.412472742,113979.6858897381,-0.0548322661,-99841.1835734655,2093.7577586058,3002.9466182591,-7287.3973441392,-15097.8787582743,-40403.0437263574,-2227.5065682487,-13750.0925619637,10650.6276277614,42136.4282188965,-29663.8345059893,-35795.8830242782,43795.7577609396,-14227.3207790208,3141.5620108436,-18700.7562783788,-17653.3158488042,-2107.9103168962,44.6966233963,405.3905291952,895.9694553954,67008.1179109864,-0.726091343,12146.6764401886,-107830.6262851232,0.078047429,30865.4499529608,62027.5359896412,-18092.3504499703,-98345.9782352283,-34382.2734194545,-27686.0795941634,-1841.4684788409,15472.8368797096,8659.2687578358,19960.0124912845,-62589.3870901767,-32964.4438836639,15435.8869222179,-12156.0203872999,-10534.3997037384,-27182.2002200441,-11811.6640491092,23413.9130515568,-3693.5326926763,1287.3674171797,3397.8377080131,-21997.3535082735,-0.7068207916,1196.5680238917,-85342.8883967864,-0.1621437861,89276.4919886899,-38851.4826217803,15942.4572292946,-43398.2730070341,27511.4061370567,51090.1151057044,1586.4492124818,28658.8330933647,-13928.3751075095,-7126.8683494377,-4841.5776433314,45.0855820843,-26546.2994301245,9596.3693238417,-21123.243333379,9810.2712338307,-14943.3054147065,23463.3404050576,2443.6157383068,776.6354127294,-161.1988136317,21563.3453533073,-0.7770382522,-21175.1659030908,-43984.2052738691,0.3553681352,59586.9941874875,2263.9151325372,55017.2461550645,-121757.8777684448,-26005.0630024983,-24009.973448684,961.3532869904,-19286.0218461803,27192.3875580602,17934.0446535742,11252.053554192,-12940.3555904351,-10056.4924517675,344.3231357186,-8831.4083187502,-16898.4091923762,9964.0007060867,11297.7421984988,-10074.8495890535,-667.9595095228,839.8070112691
biasActivation=0,1,1
[BASIC:ACTIVATION]
"org.encog.engine.network.activation.ActivationLinear"
"org.encog.engine.network.activation.ActivationLOG"
"org.encog.engine.network.activation.ActivationLOG"
