encog,BasicNetwork,java,3.3.0,1,1425322736850
[BASIC]
[BASIC:PARAMS]
[BASIC:NETWORK]
beginTraining=0
connectionLimit=0
contextTargetOffset=0,131,0
contextTargetSize=0,29,0
endTraining=2
hasContext=t
inputCount=50
layerCounts=50,30,80
layerFeedCounts=50,29,50
layerContextCount=0,0,29
layerIndex=0,50,80
output=0.074189375,-0.354915121,0.2769930201,0.2222994763,0.4646563534,-0.4928404186,0.3581002691,0.355633743,-0.0096258447,-0.1982208418,-0.0000512402,0.2810123652,0.1769297074,0.4730785789,0.0839933257,-0.0000325672,0.0223900316,-0.1703908868,0.0700402641,0.3091538856,-0.3514433264,-0.1968401171,-0.0388342476,-0.239065962,-0.0188225655,0.1264029647,0.0271146745,-0.3405136105,0.2007074069,0.3259958275,-0.1366165873,0.0115911477,0.3803888676,0.0590091942,-0.0000215341,0.1043294734,0.5639089872,0.2667189198,0.0942524136,-0.1118783618,0.1810677211,0.0887934214,-0.1120602469,0.4645289333,-0.3350908891,0.3457307822,0.7457033347,0.4784451614,0.171897487,0.017093652,9.7399890065,-10.3596741838,8.7474765569,-6.8122963719,8.9045070362,-9.9976152568,-10.197334935,8.0427016657,-10.2591323463,11.0922342627,8.4589989916,-8.4059474937,-9.6075573026,7.9848811647,8.9429604188,-10.3446000442,9.8388579136,-10.4923147653,-10.5338469052,-9.3107523823,9.8097330934,-7.3984202423,11.0994980062,9.389827666,9.5541101809,-9.1614237952,9.9334645437,8.9067941149,10.3332439568,1,0,0,1,0,0,0,0,0,0,0,0,0,0,0,0,0,0,0,0,0,0,0,0,0,1,0,0,1,0,0,0,0,0,1,0,0,0,0,0,0,0,0,0,0,0,0,0,0,0,1,1,0.074189375,-0.354915121,0.2769930201,0.2222994763,0.4646563534,-0.4928404186,0.3581002691,0.355633743,-0.0096258447,-0.1982208418,-0.0000512402,0.2810123652,0.1769297074,0.4730785789,0.0839933257,-0.0000325672,0.0223900316,-0.1703908868,0.0700402641,0.3091538856,-0.3514433264,-0.1968401171,-0.0388342476,-0.239065962,-0.0188225655,0.1264029647,0.0271146745,-0.3405136105,0.2007074069
outputCount=50
weightIndex=0,1500,3820
weights=##0
##double#3820
   -0.0045875365,-0.0033535794,-0.0006363411,-0.0002384885,-0.0009643005,0.0010312771,0.0027022802,0.0052894602,-0.005064691,-0.0044352451,-0.0039689376,-0.0018629655,0.0001094271,-0.0029425987,0.001662787,0.002715607,0.0062898822,0.0022843963,-0.0060330114,-0.0036991997,0.0054299404,0.000968259,0.0027458938,-0.0032780867,0.0011816544,-0.0013732282,0.0041303864,-0.0085269028,-0.0050106829,0.0260177437,-0.0111960934,-0.0014649206,-0.0065872358,-0.0037876325,0.0064695817,-0.0006817954,0.0045781192,-0.0004492065,0.0083837525,-0.0009344306,-0.0038643451,0.0095022478,0.0102763304,-0.0044212028,-0.0008748412,-0.0025465554,-0.0011464069,0.0041924737,0.0043872565,0.0064237936,0.0011316254,-0.004178077,0.0043160374,0.0038857525,-0.0000654217,-0.0035679972,0.0028389511,-0.0050860918,0.0015082947,0.0854434346,-0.0048771116,-0.0050581028,-0.0029512575,-0.0003756935,0.0011478692,0.0018423256,-0.0045889813,0.0056192858,-0.0033101053,0.0029848403,0.0059863329,-0.0043074306,0.0098989359,-0.0072487366,0.0018990303,-0.0014604515,0.0072951847,0.0054057009,-0.0104615587,0.0007744988,0.0024914498,0.0048575943,-0.0044629101,-0.0020765947,0.0014666114,0.0080543958,0.0099288872,0.003033407,-0.0112359976,0.1912622936,0.002802183,-0.0041427131,0.0024561555,0.0007406678,-0.0055982563,-0.0064366901,0.0094344958,-0.0007745128,-0.0012117061,-0.000994459,0.000144531,-0.0000693284,-0.0079134245,-0.0033257308,0.002792497,0.0040359256,-0.0068347051,0.0021503912,-0.0036857701,0.0002309281,0.0003319715,-0.0049795105,0.0022104754,0.0045766637,0.0059249181,0.0054108509,-0.0062482288,0.0057811166,0.0017504018,0.1186602456,-0.0054882625,0.0070611977,-0.010110229,-0.0109695579,0.0024935049,0.0039573024,0.006808008,0.0010033561,-0.0016897319,-0.0002914656,-0.00010146,-0.0007438152,-0.0074531218,-0.0008422978,-0.0018226339,-0.0072475967,0.0012123699,0.0002191709,-0.0044264109,0.0060154838,0.0079961462,-0.0049505457,-0.0028524395,0.0122188065,-0.0044146224,-0.0143128426,0.0049706045,0.0050155461,0.0057340994,0.1000048624,0.007525952,0.0115281796,-0.0016242882,-0.0110789622,-0.0058461894,-0.0012544967,0.0000670267,-0.0058999303,0.0109030497,-0.0054524477,0.0030706797,-0.0036855244,-0.0002473132,-0.0063433993,0.003659999,0.0047063333,-0.0022237792,-0.0076526187,0.0059429738,-0.0006246257,-0.000591455,-0.0002162072,-0.0021538615,-0.0055398729,-0.0037561803,0.0103879042,-0.0005558615,-0.0110963704,-0.0097684476,0.1741297214,0.0047134948,-0.0013168304,-0.0009989603,-0.0029336172,0.0015965495,-0.0044748029,-0.0000903326,-0.0008660279,-0.0065514634,0.0144119026,-0.0003461421,0.0030821149,-0.0014853521,-0.0032205731,0.0126002148,-0.0009354338,-0.0044108415,0.0097615909,-0.0049756677,0.0033678561,0.0035363413,0.0019992694,-0.0043623222,-0.0013524868,0.0006804506,0.0094793499,0.0010700708,0.0052837664,-0.0030699968,0.1456009201,-0.0130354019,0.0065548452,0.0019087405,-0.0020883925,-0.0042962768,0.0051069114,-0.0113940208,0.0035553304,0.0042801618,0.0048869584,0.0041755006,-0.0096780238,-0.0097590961,-0.0024208308,0.0034758424,0.0054389214,-0.0042982036,0.0027450002,0.0009446487,-0.0026465307,-0.0038138098,0.00699741,0.0044838477,0.0018794695,0.001186348,-0.0113584065,-0.0013229751,0.0011627938,0.0124057846,0.1252547604,-0.0004157784,0.0033602151,0.001174802,0.0020334448,-0.0041413196,0.0015156819,0.0053368853,-0.0022196045,0.0074383352,-0.004720037,-0.0010350047,-0.00799677,0.0056894242,0.0045075522,0.0037575517,-0.001244338,-0.002512226,0.0091490215,0.0017417634,-0.0061293009,0.0040073746,0.0070557734,-0.0022252015,0.0007523452,0.0079446592,-0.0034291925,-0.0000530282,0.0091701623,0.0096083746,0.0242676971,-0.0001119116,0.0131485685,-0.0016887895,0.0005285908,-0.0045633842,-0.003113679,0.0026338338,-0.0032207637,-0.0051944069,-0.0002721773,0.0071866338,0.0038742344,0.0004362839,0.0111521531,-0.013606894,0.0023510516,-0.0026347816,0.0030400892,0.0045661128,-0.0071741056,0.0106311141,-0.0093533283,-0.0020602188,-0.0029985743,-0.0044971984,0.0062755674,-0.0101763714,-0.0012281242,-0.0021962433,0.1542160378,0.0000002041,-0.0000000722,0.0000004978,-0.000000131,-0.0000008887,0.0000000745,0.0000017432,0.0000006192,-0.0000006777,-0.0000011009,-0.000000979,0.0000009218,-0.0000004555,-0.0000019229,0.0000002036,-0.0000002085,-0.0000007905,-0.0000000307,0.0000022435,-0.0000016852,-0.0000000092,0.0000009191,0.000001151,-0.0000001485,-0.0000006982,0.0000003734,0.0000005801,-0.0000017657,0.0000014735,0.0000062595,0.0010904694,-0.0020440106,0.0011365685,0.0002690338,0.0070294547,0.0027785354,0.0010506979,0.0020631492,-0.0040555141,0.0088932112,0.0019750455,0.0069558735,0.0000608733,0.0068098642,0.0086250204,0.0068139119,0.0066572441,0.0056684957,-0.0042487649,-0.0041099527,-0.0063024104,0.0031609892,-0.0050116409,0.003128447,-0.0090362312,0.0030532065,0.0063856938,0.0041028037,-0.0004879172,0.0832750316,0.0050534103,-0.00174419,-0.0006792921,-0.0092691954,0.0041414845,0.0081303391,0.0029979875,0.0011648935,-0.0064646527,0.0042722826,-0.0112046336,0.0002747485,0.0051193053,0.010220376,0.0092658467,0.0052725791,0.0041404028,0.0044752011,0.0100083289,-0.0018737259,-0.0047814179,0.001979743,-0.003217958,-0.0056357746,0.006894656,0.0030757283,0.0016480534,0.0119101191,0.0028793256,0.0951673607,0.0015793598,-0.0062918285,0.0020285335,-0.0047711089,0.0031898255,-0.0044056701,0.0040124049,-0.0002649364,0.0002561031,-0.0047030192,0.0110223916,0.0049247595,-0.000263359,0.0039328674,-0.0027687334,0.0051468705,-0.0051231013,-0.006276408,-0.0020065353,-0.0081948631,0.0019935156,-0.0053701675,0.0030385208,0.0019740805,0.0051469078,-0.0023031825,-0.0059936441,-0.0011916328,0.0027360206,0.1070570895,-0.0094491349,-0.0080639478,0.0074344296,-0.0020304303,-0.0027946411,-0.0020106247,0.000519055,-0.0061404896,0.0059965385,-0.0067455416,-0.0059267191,-0.0076580065,0.0186977572,0.0082687784,-0.0049363819,-0.0006650341,0.00590263,-0.0076532552,0.0080304627,0.0078381447,0.0100377346,0.0026792764,0.0050439888,0.0145705281,0.0016847116,0.0164058182,0.0014482061,0.0060836616,-0.005077318,0.2119186063,0.0000005662,-0.0000005642,-0.0000006732,-0.0000000541,0.000000672,-0.0000005455,0.0000005332,-0.0000006762,0.0000016173,-0.0000005488,0.0000007118,0.0000015618,-0.0000010472,-0.0000000682,-0.0000000418,-0.0000003177,0.0000008044,0.000000655,-0.0000004217,0.000000902,-0.0000005886,0.0000017441,0.000000446,-0.0000001185,0.0000008335,-0.0000010705,-0.0000007983,-0.0000018617,0.0000010037,-0.0000074892,-0.0026312391,-0.0009955317,-0.0036820112,0.0041824174,0.0073847582,0.0015630276,-0.0000215493,-0.0049587952,-0.0038125784,0.0063425471,-0.0053948461,-0.00969737,-0.0023771997,-0.0030647839,0.002708434,-0.0031501711,0.0034861622,-0.0010028047,0.0154331663,-0.0058185786,-0.0152618168,-0.0034193258,0.0060970768,-0.0132101883,0.001959884,0.0006107121,-0.0052858882,-0.0010112994,0.0014483155,0.1651893426,-0.0027326711,0.0066383237,0.0024590494,-0.0121727538,0.0013479247,0.0041345465,0.0051191277,0.0007007645,0.005089579,-0.0037657305,-0.00043969,0.0088579867,0.0014125674,-0.0121269942,0.0011554318,-0.0102862523,0.0004242714,0.0006091317,-0.001674318,0.0066051698,0.0014734947,-0.0001184389,0.003056857,0.0008644985,-0.0014365516,0.0030971655,-0.0007405476,-0.000489692,0.0029577378,0.0742428339,0.0017200185,0.0042114201,0.0009777549,0.0016698006,-0.0056188355,0.0015373469,0.005185121,0.0004225682,0.0053229431,-0.0063133597,0.0002449965,-0.0094704855,0.0073410363,0.0024564403,0.0052660904,0.00004873,0.0002509974,0.0089180392,0.0032366846,-0.0046752013,0.0036211225,0.0066187504,-0.0011257876,0.004395969,0.0061972983,-0.0033755746,-0.0006853542,0.0098946609,0.0090156904,0.0636119794,0.0070338282,-0.0106392898,0.0002171225,-0.0059302044,0.0018718063,0.002614446,0.0037141623,0.00005134,-0.0071797899,0.0051935849,-0.0029614115,0.0024694904,0.0028856063,0.0054343618,0.0035708478,0.0017070937,-0.0032473796,-0.0069768878,-0.0012979951,-0.0038786389,-0.0029999417,0.0001024893,-0.0000112976,-0.0031984145,0.0023033346,-0.0067289934,-0.0060887776,-0.009199079,0.0019152908,0.0279359672,-0.0041532204,0.0013102973,-0.0049821891,-0.006590419,0.0001153933,0.0030857402,-0.003361071,-0.0049906448,0.0024113458,0.0004722305,0.0023488199,-0.0064577945,-0.0102690003,-0.0032479917,-0.0028741505,0.0050333581,-0.0021495326,0.0013416157,0.0085694809,-0.0005648579,-0.0105689728,0.002016662,-0.0034563483,-0.0006948587,-0.0004101316,0.0028045055,-0.0043200132,-0.0043079822,-0.0014193033,0.0966336749,-0.0009621098,-0.0016861927,-0.0023398355,0.0010086035,-0.0048165966,-0.0049332566,-0.0051937031,-0.0005169311,-0.0032038393,-0.0041777182,-0.0045933607,0.0033864622,0.0021220315,-0.0010471612,-0.0031136165,0.0028066985,0.0004499351,-0.004244906,-0.0020139254,0.0013608495,-0.0066376158,0.0008551086,-0.0041024095,-0.0046493645,-0.0013922062,-0.0048277637,-0.0042353468,-0.0002968271,0.0005389236,0.0449268185,0.0038590747,0.0046453319,-0.0055315891,0.0007271269,-0.0051235719,-0.0030612285,-0.0058594094,0.0042184678,0.0023900329,0.0025651575,-0.005944404,0.0010424219,0.0045582356,0.001472785,-0.0048405824,-0.0006102537,0.0011583198,-0.0071555094,0.0026159871,-0.0094095114,0.0002951495,0.0049351348,0.0002255606,-0.0003835751,0.0048646802,0.0084570296,-0.0008629834,-0.0064102819,0.0018391652,0.0363564378,0.0070398798,-0.0012281143,-0.0027496165,-0.003214451,0.0005817695,-0.0056173934,0.0059841508,-0.0091082223,0.0010678168,-0.0106109247,-0.0079509452,-0.0009369872,0.0014819473,0.005840931,-0.0036156614,0.0131702639,0.0066332774,-0.0016755395,-0.0033715239,0.0004748524,-0.0095268052,0.0107955572,-0.0120649624,0.0074255773,-0.0047282987,-0.0036592687,0.0010983622,0.013110213,0.0014036841,0.0719855518,-0.0047114596,-0.0007342807,-0.0026230525,0.005818443,-0.0045783253,-0.0013329375,-0.0093455105,0.0042349257,0.0032074034,0.0036781569,0.0076381266,-0.0051138196,0.0156574731,-0.0042508525,0.0030565584,-0.0027730809,-0.0029055173,0.0071715969,-0.0117422245,-0.0005262612,-0.0083277163,0.0080087233,-0.010212487,-0.0024083508,-0.0035604197,0.0001652511,-0.00005922,0.0089008818,-0.001944396,0.2220718776,0.0052941389,0.0020948944,-0.000425342,0.0075823319,0.0055244899,-0.0012037871,-0.002848265,-0.0007414626,-0.0014244266,0.0005657937,0.0030144023,0.0055122007,0.0018505916,0.002837862,-0.0014760533,-0.0016351648,0.0016653091,0.0010348587,0.0055149616,-0.0037198659,0.0027950032,0.0010447739,0.0084104135,-0.0077244441,-0.0087905646,-0.0050933437,-0.0036395965,0.0065886172,-0.0049508143,0.1023327298,0.0009771923,-0.003921995,-0.0036410501,0.0040160613,0.0064087066,-0.0020652007,0.0032365204,0.0014576498,0.0045252412,0.0021764521,-0.0019676419,-0.0018389412,-0.0010261685,-0.0011752397,0.0013202627,-0.002323068,0.0019677455,0.0022558944,0.0045785876,-0.0009517168,0.0003093025,0.0027505455,0.0064238016,-0.003474745,-0.0050166057,-0.0015948975,-0.0042251528,0.0054201075,-0.0032339776,0.0496480089,-0.003117428,-0.0071933861,-0.0066566886,0.0113894814,-0.0056013362,-0.0059296654,-0.0053425816,-0.0051904053,-0.0019349942,-0.0038848041,-0.0067528585,0.0034870614,0.0112535468,-0.0110471475,0.0022892386,0.0114736084,-0.0007602573,0.0009243277,-0.0067750978,0.0100207864,-0.0037091054,-0.0003946906,0.0045946568,-0.0016397065,-0.0040451613,-0.0005630996,-0.0033872939,0.0045854165,0.0019513795,0.1763332704,0.00918131,0.0049717634,-0.0001103612,0.0073684736,-0.0042451116,-0.0004575179,-0.0081842118,0.0055597383,0.0071635686,0.000523706,0.0012855743,0.0074669157,-0.0095184171,-0.0025961734,-0.0014710051,-0.0042750854,-0.001889966,-0.0035279794,0.0072254581,-0.0010799854,-0.0029541401,-0.0011911023,-0.0079045381,0.0024571535,0.01135184,-0.005508219,0.0064589743,-0.0057758831,-0.0062139876,0.1618317638,0.0146828624,0.003945966,0.0041395716,-0.0041486092,0.003891479,0.0095083346,-0.0009585424,-0.0007574079,-0.004846822,0.005099879,0.0035052336,0.0170307236,0.0045970909,0.0003465171,0.0002441381,-0.0038432907,-0.0062104053,-0.0041019591,0.0091621479,0.0012064934,0.0021092495,-0.007746521,-0.0041552573,0.0027609307,0.0054464234,-0.0191778321,-0.002826176,-0.0082740525,-0.0094470732,0.2624517459,-0.0212759484,0.0057212336,-0.0073418915,0.0079885285,0.0019440132,-0.0022507614,0.0009060389,0.0063797226,-0.0051834637,0.0027850791,-0.0032670074,-0.0006002362,-0.0033471316,-0.0032132769,-0.0084231571,0.0022702547,0.0145504069,0.0030808641,0.0080197432,-0.0024245981,0.0009953245,-0.0058586926,0.0016444108,-0.0097631279,0.0049927526,0.0055556495,0.0038217363,-0.017058705,0.0064350118,0.2195327477,0.0127745407,-0.0035556854,-0.0049022798,-0.0002616387,-0.001635686,-0.0020564034,0.0005425671,-0.0080807819,0.0024361882,0.007226771,-0.0009555748,-0.0002692681,-0.0084582495,-0.0059498285,-0.0001204764,-0.0090533454,-0.0093719357,0.0118079782,-0.0030579983,0.0033450557,0.0038494023,-0.0012604048,-0.010385822,0.0068089433,-0.0008634329,0.0038939155,0.0003369609,0.0009766842,-0.0107163701,0.142185624,-0.0073715157,0.0028758415,-0.0007160734,0.0079147226,0.0053314186,-0.0008631398,0.0045457295,-0.0073861429,-0.0115020392,-0.0038678745,0.0027167466,-0.0080347188,-0.0033769475,0.0064900263,0.0019257205,-0.011685871,0.0019630215,-0.0065251934,0.0014349295,0.001459241,0.0039666252,-0.0106730352,-0.0045189105,0.0016713681,-0.0031191669,0.0065150941,0.0039358731,-0.0026324641,0.0017615851,0.1169735226,0.000951757,-0.0029344624,-0.0000448449,0.0048412849,-0.0009030635,0.0060271118,-0.0170828795,-0.0022433426,-0.001836106,-0.000348761,0.0061057748,-0.0030357044,-0.0035761141,-0.0102977672,-0.0073579122,0.0021773669,0.0003765639,0.0039813149,0.0073211324,0.0001774342,-0.008538558,-0.000125467,-0.0012478774,0.0026844613,0.0018166256,-0.000869222,-0.0020267572,0.0025720198,0.0020320089,0.148135899,-0.0000002406,-0.0000011287,0.0000010284,-0.0000008743,-0.0000013392,-0.0000017965,-0.0000001928,0.0000005812,-0.0000003953,0.0000009621,0.0000003361,-0.0000003115,0.0000009879,-0.0000015888,-0.0000005806,0.0000012613,-0.0000016996,-0.0000016311,0.0000006962,-0.0000004437,-0.0000004116,-0.0000006604,-0.0000010248,-0.0000010848,-0.0000008568,0.0000014106,-0.0000003541,-0.0000001284,0.0000006214,0.0000045881,0.005452194,0.0019087148,0.000997547,-0.0028157577,0.0029670054,-0.0058889349,-0.0024570334,0.0029326577,0.0003607865,0.0055171469,0.0024412523,-0.0020619498,-0.0004335826,0.0026831601,-0.0035518937,-0.0053772466,-0.0038810678,0.0083903419,-0.0017913789,0.0051945289,0.0047341665,0.0022387403,-0.0022107225,-0.0008709415,0.0007298265,0.0016576853,-0.0002054802,-0.0031897242,0.0001501559,-0.0401103627,-0.0078138677,-0.0055764465,0.0039342103,-0.0054195892,-0.0002711794,-0.0078432562,-0.0013443269,0.0009454162,0.0081065479,-0.0009190612,-0.0027053258,0.0041494578,-0.0085109005,-0.0031301743,0.0028719285,0.0121778544,-0.0084943546,0.0005974806,-0.0055776,0.003572094,0.0032310842,-0.013340803,0.0096225295,0.0009964472,0.0034630719,-0.0016408564,0.0022270047,0.0060475414,0.0062637917,0.2372016383,0.0063935862,0.0024995081,0.0028694367,0.0015208155,0.0018600373,-0.0019361579,0.00353875,0.0006516055,0.0002704104,0.0019136116,0.0105084718,0.001999585,0.0030342348,-0.0005627565,0.0029564102,0.0097865018,-0.0013858733,-0.0102970703,-0.0003390029,-0.0003690367,0.0041051637,-0.000585088,-0.0028101444,0.0039858257,0.0034669137,-0.0093814871,-0.002919675,-0.0081798385,-0.0048879398,0.1094834871,0.0092944903,0.0102895729,0.0078012164,0.0051681132,-0.0032928974,-0.0004474877,-0.004441484,0.0012779643,-0.0000376636,-0.0029525417,0.0049058237,0.0182064505,-0.0051142976,0.0058626552,-0.0007533893,-0.0036384303,0.0089273547,-0.0001252579,-0.0043448793,0.0025264095,-0.0012819646,0.0127761201,0.0056151631,-0.0055307383,-0.0026986827,0.0066703452,0.0029639972,-0.000890916,0.0054370461,0.0581384824,-0.0029643663,0.0021289403,-0.0064415477,0.0001526199,-0.0006256138,0.0000575116,0.0070664691,0.0000191656,-0.0043810133,0.0017940876,0.0000528724,-0.0016613561,-0.0048726308,0.0027229562,-0.0024693551,-0.0034954205,0.0041280449,0.004297462,0.000271425,0.0026938463,0.0059664633,-0.0010911019,-0.0054312556,0.0000313788,-0.0038061463,-0.0010380597,-0.0036444479,-0.0034024575,0.0028528399,0.0022829289,0.0011762405,-0.0043649041,0.000254881,-0.0000130618,-0.0006937404,-0.0029465809,-0.0038794464,-0.0031310701,-0.0021865539,-0.0030230439,-0.001030034,-0.0067299221,0.0048316767,0.0056674199,-0.0008690022,-0.0026255399,-0.0027443074,-0.0085361617,0.0038822597,-0.0008373998,0.0054796873,0.0012880351,0.000336743,0.0081799354,-0.0026501711,0.0097881506,-0.002810251,-0.0057969053,-0.0003203527,0.0730500133,-0.0027781296,-0.0041162666,0.0050899609,0.0035390222,-0.0002945735,0.0020865789,0.0061495561,0.0037066154,-0.0063772361,-0.0000319961,-0.0047496079,-0.0005168186,-0.0018790565,0.001257375,0.0012700056,0.0067468591,0.0088986005,0.0049834542,-0.0097751418,-0.0048455212,0.0017682681,0.0042514124,0.0009354131,0.0010333395,-0.0055945439,0.0008792013,0.0073821099,-0.0078419193,-0.0038836351,0.0191060858,-0.002687993,0.0031327876,-0.0048263875,-0.0054776285,0.0028239559,0.0023540513,0.0081709222,0.0015371895,0.0006179007,-0.0001299172,-0.001802083,0.0047972942,0.0034180814,-0.007020716,-0.0014954378,-0.0057933024,-0.0028487061,0.0006160608,0.0014238059,0.002137249,0.0007170905,0.0000797031,-0.0008572292,0.0076404455,0.0001954629,-0.0043847017,0.0021532086,0.0007034858,0.0022795965,0.0339886038,-0.0019714527,-0.0011996745,0.0176364429,0.0091796829,-0.0016389908,0.0010843618,0.001727912,0.0037141707,0.0014657354,-0.0026322433,0.0009753221,0.0027105371,-0.0022261344,0.0011771445,-0.0013836727,-0.0114178951,0.0093422494,-0.0149570705,-0.0076991559,0.006057201,-0.008419898,0.0012799873,-0.0005231637,0.003524224,-0.0010950912,0.0203715782,0.0065565083,-0.0005087888,0.0061761246,0.1788936203,0.0115542218,-0.0000718014,-0.010791354,0.0012099697,0.0074148039,0.0014773185,0.0088752276,-0.0009241621,0.0095028207,-0.0000399164,-0.0038211929,-0.004844515,-0.0041114726,0.0038075918,0.0073616002,0.0018670696,-0.0048013492,-0.0038166229,0.0127741947,0.0010844044,-0.0066511041,0.0000000549,-0.0023978183,-0.0070705531,0.0001824533,-0.0061682985,-0.0043734258,-0.0034446806,-0.0142526207,0.1473083775,-0.0028958404,-0.0079585083,0.0031697984,-0.0016470134,-0.0019040523,0.0010148517,-0.0000730732,0.0031810692,-0.0008050387,-0.0105033448,0.0015200615,0.0035372855,-0.0066332218,-0.0015588507,-0.0054023318,-0.0066010639,-0.0010188808,0.006614501,-0.0023490045,-0.0108635381,0.0030908442,-0.0120329034,0.0006095004,0.0014984238,0.0048193212,0.0000350651,0.0050677881,-0.0043026485,-0.0109467811,0.1759096059,-0.0025824423,-0.0035802538,0.0050090581,-0.0024712392,0.0037077716,0.0039832342,-0.0095988499,0.0030331264,-0.0011713628,-0.0044296516,-0.0033814737,-0.0057990763,-0.0084122184,0.0063012382,0.0012095659,-0.0004367715,-0.0048721249,-0.0107253496,-0.0056875169,0.0066287392,0.0056466904,-0.0023910965,0.0039696174,0.0071215412,0.000592575,-0.0025731377,0.0022694256,0.0023462403,0.0049356743,0.0576666835,-0.0026693576,0.0005610915,0.0030495913,-0.0056174817,0.0001685549,0.0029599236,-0.0073713062,0.0020807018,0.001969123,0.0027709428,-0.0030630575,-0.0028706671,-0.008906644,0.0018672084,-0.002417928,0.0033945716,-0.0032954631,-0.0036722378,-0.0055787488,0.0025485065,0.0022667331,-0.0027072606,0.003597442,-0.0005411091,-0.0013472024,-0.007521898,0.005574995,0.004562457,0.0045351453,0.0118291708,-0.0077601778,-0.0092505676,0.0018636372,0.009505292,-0.0030233448,-0.0039460967,0.0035449537,-0.0047734306,0.0053041466,0.0028048988,0.0039978142,-0.0038481422,0.0115661749,0.0004374481,0.0018924736,-0.0020063794,-0.0000373746,-0.0078596904,-0.0120759042,-0.0093424214,-0.0048251846,0.0117525531,0.0018498348,0.0010850632,-0.0075886243,-0.0117021681,-0.0116337498,0.0064207273,-0.0083732559,0.2066646339,0.0082687042,0.0099412205,0.004549703,0.0101931737,-0.003036909,0.0049894819,-0.0072440711,-0.0049143336,-0.0056449552,-0.0078136955,0.0110270345,0.0014238553,0.0055994119,-0.0063466992,-0.0033313131,-0.0043734675,0.0001921522,-0.0014036415,-0.0012296517,0.0029388224,-0.0043584647,-0.0061341817,0.0129235466,-0.0161175609,-0.0047465238,0.0054976939,0.0051259498,0.0034202179,0.0060457725,0.1031602762,-40598.9592243187,0.4996926877,-17614.0138482697,2100.5037872193,-3916.1989795862,-14517.2384404263,21098.9266323566,-0.3453223162,-4745.3564710865,1248.6267819789,-0.1546657515,0.2381402753,-2888.7078793703,6633.8764946867,-0.573130585,-0.4592029902,25139.379508484,-5022.1550722041,-4746.1189799857,33685.9350378461,1031.2529240177,-1.3088040061,-17072.534769058,-1.7001370915,258.8118147723,26348.0862971706,5708.9024641312,2954.8059164054,-0.6628406302,7522.3271778878,62.7540152392,1195.6054793831,41963.0384412632,1.1284751038,-0.8392945992,4346.5568774239,-0.678134337,-2156.8984088496,36.5372265235,-1354.3713973278,15155.9638881237,-2887.5763305945,38.1320475967,2840.6848052887,-1549.1101625992,-10375.7318458161,1710.1562554129,-551.0057293918,11.0949091423,12920.8463822081,0.7158376283,-975.3458548168,-3577.0001710369,5392.404658616,5890.2887235307,647.487794965,-6926.0282384363,5183.9459062805,3434.2708467313,-25.6347986148,-938.3996995392,180.8610085808,-3001.9866185095,73.8422462879,8784.4956898929,0.8740389494,-6437.6397909925,6067.8420989463,1391.5373697152,7992.951187554,583.1015484389,5587.1994675061,-4165.1607397978,-5344.2871774607,5397.6713196709,7610.9479962876,1152.5262788609,-992.8271780968,-3184.3270854249,150.7364590339,-3790.4499683177,-2381.4346997437,-1021.0330279174,710.2463174362,0.5557583303,2.0332912261,7252.5471618087,-8526.489063118,1259.3785226996,-5148.3698704795,0.0277078154,28375.9341137832,-536.9615763054,-0.5002250633,0.211424804,0.8983911653,1.5622123832,-112.1944185771,1259.6652718,-10495.6602862135,-10.8530343282,-6981.7321227235,-1517.0599177534,809.7996995877,-1467.3229580488,-0.1716004309,17666.4858202586,-2949.3778372351,7246.6025860395,-891.1521320848,-0.0997585194,2.7055676889,15050.7980826359,-29989.0163717242,-0.9957987893,-634.9500240731,-2.89544098,4031.3583171167,-1360.5888840305,-3583.5587346963,-3285.0603135871,0.0444525473,7056.6511935339,6437.1708184481,4025.6801654373,-1.4126026642,1.009598717,15.372294776,-0.6418791049,-1.0111336561,-0.3879675566,-65.8950178619,-1182.1253535812,2841.7463823213,-5562.1066582382,-115.3559330277,-9.4837441305,-2605.1430592788,-1384.5788251425,764.4193675367,-2458.019542236,16166.3023363004,-2895.4943553461,11990.197503214,13030.1222178513,3315.2599219574,2481.2215948465,3366.0305670721,-4478.9950792491,-4705.3792618202,-1885.5238541629,-7901.2114942788,-3342.5190402941,-2200.0118060291,343.677862662,1.3874317879,7838.0839958251,21.0279695037,1901.9486776562,55.7674796391,-9263.2068717325,3.3421103552,-0.4183369758,-11097.9685245927,124.0068687005,6.7311258769,-2722.3974499521,0.4459221303,-0.8162166935,-0.1246052681,-0.8021536218,3.9554334731,1.105795687,-13980.4734744099,3259.5790852239,-0.9910689507,21969.6977435856,-1218.580543197,0.6810044486,-9910.4935681977,0.6152298299,1910.887938634,3861.6155976008,-0.592301917,55.2092841577,0.4822999585,16302.7278638328,0.5178951126,2429.7058481947,0.0048870739,-0.922739913,-0.3537686379,6953.2556783636,16669.5844162947,-0.5645569285,-7987.2248471751,-0.8091365364,-25735.5410863116,-1574.2368744768,346.7994095007,-140.8141009034,-9.7801388677,3887.3267872216,0.9092482053,1.1170109019,3640.2997181504,0.009190645,-3.0369417146,382.0624919648,-1.2888031546,-105.5922947649,5.7627382045,-3367.9168344466,-3442.9291161865,-4719.8721154938,35.920729663,76.4124234424,-2205.4531216881,171.7680160633,-745.8548661837,10408.3032466421,-4255.5849422642,-1.1994962588,0.0294057883,-11878.3456933988,-5293.4811366427,9595.2876403794,3153.9191020142,948.352006862,0.2104845654,2030.7015233383,87.9205714155,2567.8737583023,4907.0366165743,-78.6914777224,-3101.9385972543,1614.3816725229,-2885.7394399161,-2599.6302054199,-4706.5126755559,5703.7974771777,0.2503154172,73.4564884821,3581.8336880744,-1.4131376415,1198.5090496756,-2493.8816546135,2316.8922448833,26338.2492494084,-2520.2734703084,-0.4638956353,-5320.8612785687,26320.7010268133,2219.5481515741,-1362.1432457338,0.1967287033,4595.1286896244,0.5318743351,26339.9593292601,-11203.6656085692,2263.5658671768,-14253.5191149288,3636.807286146,-64.3348866018,-0.112123253,-2224.7696515969,-17.3482883801,-11882.2736615491,711.6093474,-1714.9874140039,8.3046930684,-1038.1791192944,0.2770419226,15721.1212147615,0.1852876457,-1080.5505791981,761.4081361905,-7.7616986673,-3874.043109554,-0.2894725895,-0.9217139679,-14441.0982969022,-1769.3552207368,-2.4635561413,-0.1606211427,12305.3341847914,-8.1544054231,-2020.7702704765,-14210.1153511262,5451.7058877913,0.6806763976,-416.3174489339,-140.8813946566,-4227.6868808078,-208.4841791667,-1328.9543603941,0.1834560801,-5973.5421612601,1472.1389711327,5021.6142094391,294.1906403153,-142.831156367,11430.6143165599,-22.9544208365,2704.5013624758,1972.0478794848,-6064.0417707136,-5407.7885033631,192.3618429776,-1156.2533000378,13453.2120506358,-3746.9778717799,-7713.0316685373,-0.7255793433,-4105.0089450977,3720.1046337235,-16364.9186225486,-3055.0928177238,-8142.4599575926,2790.243061213,28.3945046522,-0.5975789296,-2513.081894872,7104.0443021722,-0.4957857461,-4355.1397858947,-6162.275014911,37.1108671755,37904.0736577518,1271.2475507936,0.4586994199,-2.7418056519,-0.9292954926,-8811.9554136771,0.2132909602,-0.0661380735,-1.3397274349,-16140.352386966,37903.7259386986,-5339.4181226357,0.4104544125,-0.8218510186,-6126.8322603673,16345.0428464011,-6.8364820921,-0.7041325638,-6887.7205547535,11.763948116,-1.0664045188,8141.1798332512,-8.0828136358,0.1986620152,0.7755174717,-3069.5825223709,0.9768763341,-22163.6178749372,938.9233900059,-1355.3244001679,-3420.4717423576,-6248.4136523928,-0.3502743702,1942.8414645386,2090.6985192101,-3288.8962410122,-0.1770998739,0.9630434602,-0.1397995579,-182.9908029707,1238.3005771911,2375.6611516966,-34.9390396507,-8024.6764300164,1831.7799169826,4202.657962689,12421.4853422578,-1732.1555246509,-5608.5829403123,-14208.3209814972,6531.4481831482,15531.1912564411,8922.1374657925,-4118.6235355213,2024.1367861286,12173.4606337474,21469.2008203542,-54.0214717316,19658.6647572231,1867.9485288255,-1878.6422222666,-7437.892947868,2851.6021059721,-4323.80320022,-3949.0173389937,-18949.243932958,8376.2651756625,-2776.3515019337,-10053.9461395033,7914.5953574958,5935.572789393,4326.0677774681,-14418.6237966274,-949.3770500235,-6326.2325876782,1231.8735800776,-11963.3801966893,-2618.3585900419,-20894.5840839584,76.8189109506,86.0974250126,8357.9671760024,-0.6307425258,6448.542452316,2337.2307871757,19543.610931073,7516.4985836984,-0.1517094891,0.2206250598,-41243.5468523267,85.6087485863,-1.3037426198,12890.1085706487,-12657.7516466768,7.8931662335,2011.2213588056,-8.0579071702,23073.8436895591,1283.7544325547,-4778.2508616154,-0.1240558992,1643.945668445,-0.1775219418,-1.0228419872,-0.6748123942,0.8008518785,0.4704593917,-41709.5510919289,1395.6425951999,-6.2134301991,-0.248070247,-2494.9624097155,1.9478667185,-2.3816385575,-7629.7917981248,0.7979137104,0.8262901303,0.7236408246,0.8449821971,2380.8597503831,-7.9147541809,1.7282962947,-0.6900076556,15535.8420414303,12342.1609455838,-78.2377297166,8201.5400134972,17779.0299412193,-6301.1996709921,-6883.494941529,2931.4981794101,-7486.3578935478,866.2166269191,-16.3801522952,4861.4000413139,-12405.6381921762,19143.1423309425,-1111.0226652252,-14931.4356850082,3388.6114656576,12112.9516524462,-9469.8665366525,14325.5412583219,-8291.3387189011,29196.3472872568,-502.2259588871,11415.2981653061,-2423.790990759,-2570.3798548029,-7040.8087665036,-16263.7489620234,-15.2327071299,-0.259058079,-0.201336771,-5422.6442610228,-15795.1475800917,14519.66953849,-494.8949684966,474.6786917836,-3398.9380539059,8594.4916056965,-5105.0778954271,0.9126583125,1660.9833616907,11.0534842446,-5140.0514670451,-34.1849791824,-0.8608770572,-475.2427631622,-213.2758659538,8594.8158471491,1336.2474609874,-41352.901686257,45.8757643511,1761.7545251304,6998.6510598353,0.6802804632,8313.4067266255,4.7638353883,-556.0750365785,5108.56082907,3657.9298300634,-1976.3743284097,-3495.0152192489,-0.7079681568,-19783.6085332043,-0.4605326372,5849.3361944043,-7087.6575863857,33.1612006019,0.7435418855,0.4038759525,-0.4316488702,8345.0274330595,27750.2812902252,-0.9991011706,-0.4379025604,-30.6982893921,8.2210703208,-7.3484786973,-2345.7782575081,-586.769220507,15.3138968981,-39.6560846168,-940.6201021497,-3628.2260459698,7469.799061007,3528.5158130773,5109.7241509336,-1022.5317878449,-5058.3639167811,2582.4596255772,4306.3387404186,-351.1944226183,2127.9520948264,152.8757701758,6096.5228422646,-604.8007751135,0.7849771333,2166.6809651235
   -5212.2905998452,-3909.4168306216,8633.3870641805,-7106.8366198267,-9812.7019675493,-261.1388174777,2622.4954648885,34.9792445041,-957.0451125627,-9253.8338049525,11470.2211896123,-4757.6449311651,627.9670978592,2.5183404279,1148.679858082,5.0075690671,-1.4375172015,0.1723412145,1821.9955045237,-0.0435208097,-7783.851630274,0.4818742081,0.140946834,9011.6662632907,17961.086399489,-3304.4631981991,5299.049931285,0.1300015871,477.8189226518,-0.7999597864,-7783.2174323781,-7386.6315825456,-0.9228948423,5664.4799782194,33.3821455896,-1.2705097881,5034.5278847778,-2996.6414140518,3456.5157069371,5964.6487908807,-0.779989807,-0.155566014,0.704944126,-3.0693564664,-7314.7456670501,-0.9487069389,0.8769661498,-31471.1512470214,7445.4272979008,-7370.5468654407,-0.1468751905,-934.8514481223,-8.0609124101,-6.526473888,-752.6953884318,-0.4975088538,0.2665357871,157.707671996,0.1416628816,9612.1529795785,2.5362714156,-4.0165458805,-0.4613406142,-14721.8748864168,22873.3726938604,-1234.437219151,-3546.9410004449,-858.5465384596,3.1380657477,10298.7428322302,11819.420688481,-4190.6327516403,5433.5080245551,13975.3482322726,-65.0555006934,-3524.9058011149,-2452.1328571125,1682.7004831844,-9662.3985507266,-9081.8771685794,2911.5777834766,11272.5284192149,-23932.6804195385,-18079.4706321436,-14976.593003878,5023.4899721341,-33528.9067965262,-536.6105371147,3638.4634853843,-7592.2524831967,10469.7470632408,4.4425266313,11954.2004039644,-1996.9019968311,112.1713518417,12.425685827,-0.6405599567,-9960.1053604911,9636.1479596559,-0.3072438512,-7.2506236357,0.5242796947,-0.1356676165,0.6560727376,-8.7067369026,8484.6423287827,0.0307112853,-0.1944979514,3152.4115667548,1448.8165266621,-6.5544562265,8710.6708181128,-0.1482270105,-4063.6887128293,17389.6752787664,-464.2437933069,-2742.1638349278,-0.9205246789,26748.8485006662,-8314.1342217643,-846.761514166,-14.1321267358,0.8224278609,-0.3209636901,2879.542201567,-1303.0718228366,0.2643731653,-3438.6330879134,-24205.3746592683,0.6287144478,4900.4973091784,3907.9815257202,12587.165666595,2532.0352983923,2062.2811033013,2374.5800801392,-2398.235916117,-0.8105372038,2439.1888625787,-12021.1237382364,16084.2946868561,-16500.3459988814,71.5881653476,8554.4793915574,-279.9763465705,1695.6750310638,4338.5536162901,343.3428699179,-1290.6778172865,7595.1790169019,3072.3403508578,-1.1863289827,1.2802365771,-4810.2879624021,957.0788693061,2860.9209995362,5785.5080887072,-20.0353660372,-1.1440665797,-7075.2189313447,-7837.9038227273,407.3804850078,6038.4159267798,-3541.6483957055,7871.9785317161,8172.7237917151,-8940.3710887892,454.0998871203,-23997.1352474536,0.770397733,-142.9361203107,9161.5227459498,-8.7664682736,18819.0196707059,-6.5572662365,1847.3778519694,-34564.3649661888,-0.4340109978,17384.9742512674,0.1553214493,-1673.3143554625,0.2276466682,0.2557432693,-2926.2449905863,-1431.4947646442,-13772.3160772553,288.6922626152,-0.011316071,5089.8216717836,-30660.0722781391,-1673.3051693935,0.7922380092,7236.3636446546,10738.2795806137,-1865.9023875654,-13.892893899,84.3162348099,3804.2911555103,-7523.0959961155,41748.8128665448,-0.7869586184,0.9170089563,0.7367702206,8.01179318,-0.7697445466,-1062.4662182498,0.9363958851,19740.8376040555,1.3156611213,-0.5367746572,-2.7430168023,-38154.3595750157,-0.5731589911,-22.268877178,-3917.8586764275,-806.9861187804,2.4018035506,-6759.4391108862,-0.9174296562,-22047.9434069769,-1089.5383903566,3260.0040881938,28.2072887468,9303.660860898,483.6564423554,-2203.7975261451,-1197.525671184,-15431.9812022172,464.1292312237,5209.3690250423,2930.8136410009,1148.5112417119,-2534.218904715,-7363.6144085786,-13460.364843884,497.4945171673,9751.0285570868,4919.8129352657,20195.4661802232,-9448.8323348098,262.5496395899,5681.264284761,-3066.7926301588,-9338.3431672551,-13036.9142894306,10010.1860123862,14056.7585710581,8103.1657048526,-12006.5444443047,-10460.3306649895,20511.1698615699,-1116.7386528045,-18009.7913673141,8799.9982808817,-12392.7044696916,14054.4433772282,-1286.9448264149,0.6301954418,-14184.4026791386,-0.0981089814,0.6266145016,-12360.0315615789,-0.4124134608,-423.0449441456,-0.8886276673,230.7367639192,211.9724499334,-0.0681660414,1683.5350325305,-0.4189236017,1.0559949581,-1200.5713049433,0.6676902694,12444.5228528212,18781.1534693797,1599.8675041333,3628.7663796603,-15760.756138914,2232.9629785657,20685.02973321,1050.0276698398,-2138.490598535,920.7026396282,-60.9775333016,0.3891795123,0.5630233789,0.2963257958,-29985.478902563,390.4158463456,-0.3071924097,-23702.989821503,-8050.3613263633,7.2746529417,-2230.0975956395,9848.5860178354,2.5849486737,-0.6951036376,-4845.9205637582,-1.9925323194,1844.9838757107,5660.7083055181,-8109.2601058214,0.5550520519,2352.6663745876,13419.436556688,-5293.0454268578,9766.2327104406,3059.5543311292,-189.6246855817,-1009.2299399231,-11264.8691638605,-318.6298223624,4202.5164051162,3798.4382481062,-5831.9678077484,-8965.1443937295,6666.3141653061,116.8628143742,1139.3777583232,8064.1764401502,-775.6172705349,-354.2839460004,-13273.9197121309,-6225.8723215664,10002.075798681,793.9144789793,9576.0619966632,-2359.7627685689,2429.1531360208,1199.9446439804,10778.123500976,1350.098925576,-104.3032473713,0.7519673756,377.2080578378,7667.4799142048,0.2373201991,-8291.8766955546,4489.8733761602,2.2578728255,-12911.7837940521,-202.3758543646,0.5675714562,41718.1616411449,-1742.848316491,-4892.3583355157,-8246.1087566993,-0.375054068,27643.1131529766,-53.5099344798,-12911.190205551,0.2460564236,-14290.4452058692,806.5767351682,-22803.1486488741,0.4066193743,3.1909500443,-0.7598600427,-15650.1738825485,412.1048319422,-10336.7223457458,0.5184600362,228.6096552792,-17528.4546973108,1249.0425476677,-17.4603373236,0.8598657279,-18062.9332541613,-1126.5414206723,-0.4021246835,-0.0532765903,-33218.9308131348,7441.4865556729,30259.7150053808,16548.2380393423,7.9591256524,0.2240880331,-1.4693791073,158.3785440571,1322.523887485,1.116040174,15.556099932,0.3401293916,-3235.598459682,16999.9920297063,6477.9331857248,-8859.0494675149,-978.7224772541,8463.1974285156,-8809.6398227035,-4402.8001788721,-4892.6396602077,-13735.0427265089,-2884.3945593262,2567.36491776,5586.8527058889,-19545.7004954077,-1468.5425547719,1501.2980170643,2246.2310647612,9011.9615609231,-6942.3414319627,8509.4319033906,-1935.2869968551,7164.0548382343,12511.4349232536,-4258.2720309366,-3373.1772600944,11590.2331176409,-11550.4516133947,-1005.8445344275,-8438.7089873153,26140.024098627,-13103.5562788554,-0.2381410904,2327.6818573968,0.5237231133,5317.9901843009,-2276.491126174,743.3576658056,-657.8551587271,40880.8582692011,-0.5316420633,3968.6619121804,-0.3898800351,8255.0349242449,-2099.895786078,0.7948663836,-502.1826507946,1183.6874555774,-657.6540271754,-3043.027938137,-27227.9725122622,8644.5208763418,38333.4717113343,-868.7568354067,-1.8920152738,-0.182362361,5399.4902244455,5944.8167213949,0.511691819,-18168.0048075493,5624.0640733057,83.4342675676,-2280.1463006238,35.7585771038,0.1859532308,18237.197277303,8536.246574537,-25186.4202149093,-0.5167667017,26526.165697446,8498.1790685448,23400.3724834764,-52085.1680186486,-6193.0194885972,-4151.9717674767,22918.0546903805,-1375.6675312659,4813.2756797872,-21.2513129353,-0.2489774678,0.0941887923,68.8060965897,3002.2056478729,-1602.2929374568,3441.6824662475,1428.1996059744,3309.7976017048,483.3449434884,-19197.9844708768,-6387.0222261526,8268.0320043547,-2970.3904037563,3795.375891081,0.9508162147,-202.5994832129,2517.934349078,-5.8456544546,5393.5210146095,8860.8240341658,6472.4115114934,1666.7324284772,-12473.9358094916,11016.0104503254,161.1817508587,1126.2002135265,-3089.4813743047,-5462.6028478582,1103.3653006346,-8832.3072418494,-3189.229557118,-9574.2128624213,-0.4921388221,-6878.0481980391,-15126.3207018058,1929.1166968638,0.2709567697,3315.4466571817,-18.2689765028,0.39676452,350.860313018,0.462594249,0.3041681443,0.8673775457,-11107.5236296095,2.0444138079,-0.9677080289,-3230.4024035516,0.2894778351,1.4768734681,-0.5595453281,-37183.2530096767,-2090.449605107,-452.2912956733,-1.1953773377,735.3028440127,0.5486857323,-5980.1066337412,-11.5145580775,33910.5432824296,29434.7756160651,0.0428951095,11813.6717896391,0.7651747341,1.9769902642,0.9793123513,-14870.7751724305,-3224.5699516899,-8228.467802994,0.6486975832,23023.2672387553,0.9453828457,-2.0222585802,1909.3173909779,1.1203873783,2158.6675368172,-2.6754542789,-105.1381698077,-1119.2018579542,-7.3899518542,-0.9018787555,-0.572208293,5214.4405121164,11521.7405490502,18867.5860930962,7621.9145248894,406.6733658681,4078.052090855,-13150.9033520374,-4329.9862788794,-2506.5967510734,-25.8446370945,12375.8763819724,1116.1650905571,8876.971038688,-8948.455625255,1796.2105503883,6362.2617206074,929.4096757746,6175.0903558547,-4806.491433253,-9020.8658370423,-14856.4515506425,618.255944225,3706.1232076635,-6871.888746172,610.3250830941,5162.1461651418,4055.6560193778,6258.3380207529,3598.2581193029,-6.5854931198,13002.1487686632,-3.4843878376,9987.1871952852,5.2588563593,-22623.9740145731,-10572.1534746716,-0.2932520824,3083.2164917301,-0.0248354939,0.5212033913,-12859.6341448601,-15272.5113131388,-21674.295091336,6918.1054718617,-0.4072629211,-0.0822915059,0.5553237632,3082.8161898432,3661.7438303493,-26824.7267847875,141.1571509798,0.0476038882,-4427.5809246632,-25.5084550213,3518.4100302058,13160.5003159726,16989.584133433,-0.1678413359,1.1101757721,-5.3867055894,1.6571036713,-0.6221244432,0.1924685967,-0.5033919298,6704.8981048103,1040.826922955,-967.0448159968,6667.4191888186,4850.0056741964,916.5139604187,-724.9269174028,-7521.5411886358,-0.0374197439,-0.1117818934,-1421.4047355366,0.0390689897,-0.4715585238,-0.4074881254,-1.4415895599,1.5786012784,3499.6871590538,-1648.3645497757,1807.0966291392,-11128.4239208009,-21136.9912285871,-1255.9021276019,-15549.7535403391,2883.5070333052,4319.0820039845,-8700.4220613522,-3175.4462041314,10656.1596819342,-1059.3028712669,-21651.6613246693,-212.0002233141,5645.9361786611,-16250.9558642358,-55.4543967424,-6119.2466710899,-11556.3698001381,-713.7110440972,18742.7830583238,6592.8602466969,-25208.0073936783,-8588.8596365737,1429.1249590986,48.0732007222,1250.0299988632,26806.4189743951,21994.880113644,11175.9862631702,3826.7979331536,-4226.320400386,1924.6864899972,-2574.0742843925,-5927.9601291764,-2743.1883371307,-26174.3639587695,-0.6078324081,0.8323778178,-31907.4030374322,-1925.8072636368,1296.8542733972,-1834.9888956091,-0.0951974324,-0.7310835346,1158.8238559364,-26173.9509939005,24491.1789495705,2081.2518930234,4221.8598827035,-5872.4372892564,-0.4728580353,-0.4430012381,565.2588809112,-7260.107435627,1650.9521727589,-9204.7685756475,7.9195090746,0.4527097726,-73.9976176816,-0.0671674815,-16556.3242385985,-0.0792929304,6288.7303638228,-936.3743066245,-0.2389783018,-0.2766056323,215.6083619315,-0.8224654173,-10346.9602398874,11.4438983426,0.273193264,0.5474809291,-1.1660651921,5398.4988538016,-85.2016933149,-1.3141029369,0.4566150408,-1.3404819885,1237.1736091855,9292.7020705274,-3014.7284054346,4470.6241761763,9428.3173857251,5628.1730302398,-3249.704762353,-3677.5375931393,3.7214744001,1918.0374613666,2623.7531948707,148.9503114916,-0.3060325428,10323.2139640567,0.0155541641,4705.5439172404,1716.7181948131,9.8994907018,-11934.7852594808,10616.0410846002,-9600.7574744951,6903.7429984437,-4807.1808427528,-1722.4276983463,1259.1095341149,-25112.2050704234,-1548.3146671325,-12565.1379302327,-3080.489579856,130.8545361592,-619.8836131868,-0.4951823306,-11361.1779732388,3854.0515671148,3189.0572890439,11045.8572728196,-0.125391355,10006.5838134267,0.1332223129,0.8822487462,1493.2927497699,45118.1148397721,-1331.7337255027,-0.2806855748,0.4976066709,215.0946848213,-6379.4513035867,10005.7250308015,-0.8053888526,0.8606713216,-1378.5922976407,-1997.4852874091,23.3338033654,1.0039849981,-0.668382373,4.531347738,-1449.9498163125,-0.5671549763,0.358135548,-0.476689186,2095.2944935651,0.5530987122,-1873.5215154629,0.669182649,-14239.1136861646,339.3366348745,-12466.8916428966,0.5786890169,-0.2105328525,-448.8166147968,0.2531679538,-6500.5532035358,-14.9721776891,16896.0315715844,3.6882799563,-0.9164337436,36450.5959428123,-12424.3802880453,848.7877804476,0.5781420953,-72.1112757454,218.4046954774,-52.3191544198,-3227.7831258825,6743.5561805014,-344.6379446763,-1084.8787402071,-0.6673521292,137.3546960161,-7915.349748684,-4373.6379888051,-4201.3170662269,-7484.354441048,-12708.1554427625,155.0069980426,7927.7328576486,-1763.4163811797,-27460.4830556235,13243.6660645842,328.915790905,5556.8865781786,9532.8442640112,37.2586624097,4125.7732337342,9138.4996046798,3308.4275783187,87.3255310833,-2936.7408986999,-4199.1127816656,573.5195299868,11737.5688712835,-0.0218816106,22398.5356680506,5312.9833460258,-1.0474311753,10103.2745066482,24397.9040234458,0.5456683475,1618.4204131599,0.1360916327,-131.0271320115,0.8806350966,2391.5282256254,-3441.210136226,-0.5337460375,-1.6057459712,0.2027167752,-0.0740670421,-1046.5809515414,15532.3212104671,-34373.943341189,-0.7032462254,-910.0646837263,-13477.6808649857,0.0453993534,3580.6542893153,0.5262408451,0.5627639242,-0.9911648908,5694.6985370194,-14587.8919615859,-1549.2176428886,-5137.2368439115,0.0164396458,-3611.7139800266,35510.933443117,1.7457561391,-0.3617136035,759.4874865859,-28209.1047446734,0.1323362515,-621.2904607259,-1666.5175582416,0.7273869289,-3389.1788546965,725.8419647737,26915.2768511442,-9215.1946322609,0.6895395904,0.2310212094,1081.2959451171,950.0529530444,4239.477603453,-280.8423996292,2618.0654048846,-196.1131478003,452.739465585,614.7107899066,-2441.0419682051,-74.0630216517,-2049.9280969491,127.1167228897,-26.2060524594,98.513781826,0.3976438487,-6685.2019440923,10078.414746604,1.0201309175,-15776.3034978856,5392.8413451538,14727.1478636567,11587.6750825148,126.2711213272,7528.5295997098,-5078.0046471713,1808.9141165522,-4784.8289467648,-23851.7696792433,-1299.8624445421,3977.1463918492,11.6590914831,52.5436873063,-34776.4716288343,-1.1885329188,-167.147528759,1514.119301525,-0.0803407502,8783.9568572776,406.5539039772,0.2824866312,7.2824400574,-0.7368617809,4.4144591539,1172.9103267174,-0.7154669947,-17042.0480751259,-36388.3228321214,8783.3170665443,-19.153085709,27602.7705816697,-34834.3387934492,-9637.2913353358,4778.0958110864,-4039.205852577,10002.1153506025,-22074.6080083457,-21987.9518124814,0.6603504739,1889.4022522723,339.1167641074,5547.6439702859,14774.614520576,-1661.5707369531,-0.7053982577,473.3932696272,-18185.577040296,33.740386286,0.3036725432,2963.8000601829,10.9110453716,9.0684001689,11576.6246720858,-1.70477482,0.4169955525,-6.5848358848,2317.8350849782,-17.691169894,-7647.082771602,3.47550833,0.5245662584,1305.5818637638,5709.8733919521,-1890.7670335262,-8171.0071372871,-9730.0564750885,49.9563665611,-5384.9093971724,6977.870649397,-16.8884178146,-3875.2818436404,-1.4618097951,4439.7803888224,-12478.2662008475,-21780.0902459334,-4.7498914886,16251.8957757662,41.0620193445,165.916638379,-1299.2029536161,581.9753681331,-3745.8853471229,-6438.5694040105,10004.6844575779,-15698.1499503211,-778.4930466301,59.3572031988,-3154.3524978055,1579.3478143349,-6506.3507684438,14349.5337480859,-3295.361590313,4211.52623889,31343.5682594952,1.1214216364,-0.1462377273,-16893.1322223752,-6055.4996653921,-468.1951616321,2389.8994130379,0.6245909425,11501.3190679608,-0.8443853103,0.897634955,4440.3303750456,0.9261487855,4915.5167857347,-3.9944646504,-467.7784174398,1605.6859669956,-7263.4006800949,-3622.4157280622,-19600.8781675515,0.3745470072,-8525.3606150991,-0.2028247293,5140.0080529455,-872.6343489398,-786.59077622,0.7219478455,-13.7487543251,58.9539361784,-0.8878655255,12119.2628979832,0.1760716182,-5835.079171343,677.1351026181,11.932701143,-1033.4281956319,0.3241668598,1919.2709898279,39531.5261250469,-19862.1124124661,1827.1549914298,-0.7438092985,42359.590884421,0.7156537654,-2290.3445296852,1.5898476317,0.1075804966,0.5458514179,-4144.5876793643,-4711.1221950245,-980.745392195,24813.9617109674,-1496.1489459648,7169.4177843761,-14241.4963509695,-13132.2883137918,-3944.1685631506,5712.6016929402,2639.6257581872,7771.3697076541,1173.4291622503,5627.4855760339,7488.5406121834,9975.4876983866,-9902.2164522499,-5.7559330572,550.9309635187,-3729.3338211582,-2523.1041246465,1392.8837760334,4951.6171661538,-4772.1117549628,62.1301586711,3649.7162009951,9164.08991533,-530.6667723991,-90.0392437345,-1.5895568986,0.7506268103,-0.5538962287,-0.1240998501,7403.5664944723,-1.2472266722,11881.6502662147,2798.6103782534,-5075.6971848995,18.7244277269,-0.6347058409,20104.2936795626,-47341.552722636,2945.4806222465,0.2615258826,0.413496577,-3832.8448034766,-13723.2187310566,-5074.5625018381,-40617.8677265098,-14077.5955379916,-0.5889589908,-9.7942592333,-0.4318002893,3319.4645392823,-107.9714728295,-1772.5748549723,-30.1142541777,8562.6981624792,2054.7365593121,0.7118336267,1400.7419792895,5267.9328075949,3740.243490114,-0.5658673393,27301.4738017359,1129.8502492494,543.0042399062,-19030.051588099,1910.1266728733,0.3965021839,1454.4617636117,8087.7831036335,-0.4812009333,1.4260232577,928.7433014018,-0.6406225319,17314.9491967912,-7.1071670862,-5.9255865194,1.2091461954,-679.8665374948,-11504.1389617934,2417.2146860424,-3094.9296957367,0.6869102505,-6658.6277253257,6575.739120496,2841.7078657954,-7.3153956211,-11503.910165299,-6605.1583867186,2190.6727882357,-23285.3630666129,-1011.044385903,-1343.0575913871,-8511.0141515377,3775.8968119192,-993.0110318176,4932.3946252393,2776.2087198911,12343.1398291061,19317.0491951029,1344.9483588406,-18397.1247339639,699.4751981665,-3243.6137052629,85.670204494,3153.3023704539,10178.3826953541,-3754.6126780166,-5466.3910161243,-0.8016169294,-591.100911725,-5.5524510974,0.0053965454,796.2728395811,-0.8230408043,0.8824297312,-1050.7358069061,-0.2625385697,0.150243526,9524.3982177484,-1101.4861636279,37.899734196,0.815956852,-1.4672531392,-1238.4888340985,0.6676549678,51930.9534478789,-3946.0118123395,-5330.8504153556,22817.0128881657,-2.3189871608,0.6791771848,-3.9319493872,363.5027109629,9286.9529524407,-0.930178694,-1968.986641121,0.9463271112,4588.3669765659,-1159.1096159292,-501.8593679915,-0.915280654,-7495.3170059539,1260.1860854049,-4.3674674566,2424.9275702477,46698.3370953406,0.4093728477,-0.9234638284,-47120.7204455787,1493.7623905408,1.0338108861,-45.4790136801,-0.5194590397,6.7311982216,3553.4384483051,-2908.2378996429,657.4109493155,-12117.9521824258,-117.5703287324,-1279.6959344248,-1855.6758933678,2873.1241884167,3593.9923981825,971.297383436,-878.3430400391,475.1628957109,6987.1545141861,-15654.9334101087,2503.4993941119,-5235.0982702532,6214.1710751051,-4979.3088017267,-4264.1786884453,472.3521730924,-89.2342002513,-2835.1029947243,17354.215096344,5736.7247139534,-4927.4030027007,11946.6160015198,-6325.1049760668,-18.7150339417,1491.5117189947,9740.0971672471,3413.1405028454,-6250.3739645401,29255.3816527228,4494.58729216,36992.9834553013,-272.3431768091,0.09005846,-11353.8007061055,-19648.3582420076,26.6282613397,6161.2418908088,3001.2654613793,-0.7078968086,-15.9414269388,-0.0177800468,-4393.7346406705,-7712.5418278115,-0.1805322808,129.2930318873,-0.4574742937,6162.0497983919,-10948.2183075752,-1144.7508847682,20835.368721422,10078.3635690399,0.4000140648,27636.316242113,3521.178911916,-0.2188048085,-20584.9013638595,-4486.4552969585,-2664.8943351506,1.7344329886,1781.9601089138,4.391840423,-9724.7111549519,-0.2164429217,1782.2842205876,-4766.0769961135,-12909.2293186242,0.7231654809,-3498.2393471912,3.9991620415,1899.9107890304,14085.0314084875,1634.3188423763,-0.1865641214,10081.1684371067,2634.2731994872,25.767677491,7223.9845134718,2048.0254747859,14.2104669959,1109.9310671168,-2.3159496679,6156.9063113117,-4825.1299634868,6879.2859157103,-2388.80079363,4202.2972770267,-1188.433515289,-389.7272665095,-14179.5271425159,-6650.621694246,-5378.371629417,4118.6749038301,11672.0797973066,-51.2797035604,17317.2754501067,3095.5949427754,-7325.4313273718,-1300.6790142186,2899.3473595784,-164.764480223,248.7242577279,-2706.8004451745,15369.918117611,11460.6787080244,-6547.2023037677,1031.2520494699,1166.6963576384,-7937.1976866651,-3688.3667213941,-1147.6707940346,-181.9934521015,-1.4733847276,0.4049215753,150.8948262842,3847.3534385569,-4081.2154055452,-40028.6959567642,0.3616356702,0.5178182826,12721.8099130183,-0.8320471637,0.8467293018,1024.2653855425,0.588745545,37.5440825235,-0.3455326896,-40029.4770773194,12.2325897989,-705.8112513648,1.4385053445,2.4001950288,0.4037109937,-3451.1038408525,-38697.2038583101,-15194.0651807534,1862.3958700848,2401.5738502139,-0.9604922945,0.1426860864,-0.7586624564,0.3375299183,46468.5896278801,-0.3616074275,11433.0038952739,-114.0474488456,1427.3834343585,-5195.1126834099,1307.2260894822,8778.0843849156,9034.0351779572,-6127.7273422181,-0.734201678,-0.0191063268,1620.8672163011,0.459908682,-2276.8786882334,-5641.0397372858,-41407.1235831179,-1.0544002043,-1224.678879068,1875.5940839079,-1821.9616403022,-6624.3608911699,-2497.277042901,-3627.0356678066,-7913.3382015772,-9217.9217614964,-2953.7640856058,-7220.4402169512,-7518.2842850884,9445.6826252421,13737.574522894,5807.0602877096,-5963.0780478316,12174.0693010408,9250.814688616,17305.5782437325,1836.2084703295,-7983.3448994074,3775.9235613335,7644.8232037907,11.2562700038,9727.2276636231,11035.7071910454,3276.9014054365,-3481.0345675744,-13132.4555300825,-2321.3271457021,-4369.3404053834,4015.5639730151,4800.0148403966,-5204.2445332455,24373.2675204514,-24.2401164191,12606.642540645,0.8239138132,-17708.4012953256,76.1474198142,0.9055579295,27217.220024636,4067.1555328179,-18373.222284988,-10.7203138726,-0.1684838052,-2041.8392843151,3088.1791191852,-17708.4638515682,-49095.5520694943,3220.7019119421,18156.1827302089,-0.4734735742,-29.032982042,1434.1640456976,9162.7956465236,1.6121050635,-10027.4512795281,-0.8014541693,-0.0150272661,0.467631307,-9334.9446702591,-0.4948073157,18.2862680245,0.5671852272,-5083.0172770151,0.6767803313,-1158.1593508935,1.0579205373,337.0707470155,-963.4360501798,-3782.1685820442,34145.6546081155,-1907.0869157687,-1307.7745628066,0.5218839455,2497.6688386451,820.4775785254,-15753.8143375438,-0.1522621302,0.2182190468,-1506.5170544838,5629.0860504444,2608.4946266154,7698.9013360691,-1610.5279521016,-12648.6640006868,27.6315164502,2733.8174336525,6708.2000028802,3386.5397092821,905.1028367301,8693.8211125546,4251.6345457078,14232.6886598028,6481.7498320543,-3953.4889182965,-447.1924254838,-6827.1711671142,-3765.4981012022,-2200.8415581897,-2788.065558475,-9314.9690653134,577.6442283071,32932.4583391971,-4206.6700819153,-5936.9242862682,-2.1080304066,9401.2387485481,-6883.8797707496,-0.5859484026,17265.1390881829,1.9474924398,-14778.0195935863,0.023377513,1863.9139679926,35320.57208226,-4591.5520401873,-1.0239419737,6.9651512697,0.7460187893,-9941.2821864991,112.171237552,-2.3208303295,2195.2119535226,-0.8799229125,2965.4264908507,1.1812550823,0.1013626273,31.0251223689,-444.7031547813,-47546.9267066333,1811.3153305219,-2263.6675602607,-11711.4058796686,1808.1070967049,32599.7655225063,-7836.3832751048,-0.6466069293,0.4108462918,17.4061072467,14022.6691170031,3.8222733956,7343.4151423642,-0.6415371577,42706.5721595489,9356.0428585251,0.79554373,-38449.7944701188,-0.1971260231,896.6941156824,-2788.738625738,-4418.6456673472,-34380.9537811432,-0.6827869187,81.0593826734,-6435.0570635427,775.4843411872,-12961.2045365912,3139.9703489048,1.3282216152,-8971.6010755014,12663.0959277706,13106.1646427286,4002.9150557787,-0.5473273357,-1652.2027201845,7229.3753244662,1.4400271189,8069.1891762255,1308.4602854604,-4832.434121594,-3417.0757743665,-2037.0937270713,4638.9895274259,-0.6342147573,-2953.1510925107,1179.8956343682,10077.9353240301,-2954.9304851728,16170.1755940887,-13594.7927654607,14112.7891614572,-4736.6411665457,-4584.8415502148,-10331.69466168,1834.3427329038,-7071.8267465505,1578.1284311725,-442.1209988214,15348.5819587719,-5.6740917878,28301.2191512523,-2012.5608284886,798.6965793495,-6655.9267235939,-2831.8365885823,714.2166321886,-0.6359419545,0.0647748774,0.6597999265,1021.4726310098,33988.0790039608,0.5563839349,9785.8437028989,-0.3296860293,0.3050987641,-25575.9476894215,-0.5562347209,0.4846381579,-6212.98056244,-32636.2543382443,-16944.8924446882,-3676.4053926563,-10683.258756106,-0.7228219729,2545.4158473936,-4241.1586237523,-0.2543411918,0.7353381385,-28.9757035292,-7427.4396293692,0.9097133754,5364.2739252407,0.2895149324,-28686.4710014087,9367.6252635319,144.7700264148,-2834.2104848023,118.5376966136,-203.7119116765,1568.9587315107,-33981.5475248203,-2572.8925313638,-75.537632812,9.8946155366,26552.1915213757,42658.3623505767,0.3773002049,-2208.0274572801,0.2263039478,3601.0096437364,-210.0300703101,12241.7321106952,-2538.3692081818,18.625882565,433.1135462168,714.0071220712,1412.0696715459,-7963.899364641,13452.3469306783,-1932.9985204726,10955.2328756586,-4364.2243044977,-7080.5977041078,-752.6958731295,5451.568659171,-5345.353114651,-209.0422575553,-2119.796416499,4904.3268419448,5574.4910889193,-15116.6863890561,10310.902274558,-2181.0686513671,-50.7884027531,2216.9289160387,-0.6213661765,8403.1474555364,-3745.202114762,-4774.522016736,8888.1160987486,-71.0666082718,6582.9106775925,-0.637448794,-0.7084910039,-8562.0202881997,0.4623075358,2823.5862146862,256.0978068726,0.7903805211,-18106.1678632038,-1.0697407271,1.3500834618,-0.1039700441,-0.9955438311,-0.8194190218,3931.0462617426,2823.0554171064,5112.3023549543,-7718.1475501811,-15771.1205963598,4062.5479768108,-0.3233304937,-9.6695331063,-1.684934969,-0.8533782151,62.8535689823,-0.0085224782,-0.2329102087,2832.6371980755,-7677.2663867624,-0.3543289894,-2685.4626184058,0.4604727794,-8750.5253151836,79.5944943109,1.0390327883,10.229076585,42446.7963893565,-2216.8034554667,-1022.9733827569,-3590.6505852895,3.5553777473,0.8748923068,-1696.5373566067,-33047.5558526869,-24892.1192225205,-0.4545622368,2590.4196959561,-1.1372054596,-7891.5834976043,5041.2988331685,1702.6880789555,-2775.471926187,-3356.1616828604,173.9627604958,2939.2701280123,13826.6569394484,7263.9332259217,99.6392642044,-448.5429123406,-9074.3385116579,-3702.823975334,-1575.9996333702,2683.1872088145,7816.1288630424,-7251.2297893907,-1825.8404017148,-1043.2419078205,-14238.6298747336,-2135.0082933127,-12223.4928097436,-1174.8546199785,-11187.5181969096,55.0534011095,-7014.3725681062,-0.7149024685,14387.3871128748,-3942.016622938,152.8493807636,-0.6416326297,20925.3403621187,1297.3541432036,-1.9256079622,0.8608488702,-1306.0855170862,-24775.4530222232,8255.7156195638,0.2267466464,-0.2088090629,0.4238417856,36943.4765616401,-3222.7885380296,1.3712793134,0.5618640384,-0.036911909,-0.1081393979,8254.8014800733,-3077.2254581716,-0.0650412624,-13405.0714240655,11271.2227940531,6315.2794446938,-3375.7904669204,0.9097150848,21416.1399408869,-3317.3606947557,6087.1583825173,-2548.6493532052,2227.2786913556,1958.4684562151,-0.151984173,-0.9136667896,0.0038446147,-21582.68244548,-94.1130195897,675.1328141254,0.2003553071,34591.3021785148,-53464.7042927329,189.2499348873,-0.7442422723,-0.2248821919,8108.6083218344,5396.5108790803,-47304.9587708296,-5713.7421083932,1489.0590900373,-0.7523173686,-0.7531983229,7401.8547915483,-7686.4421461695,1573.7718676825,-2541.5027934126,2035.6685694492,-5603.9018572525,-293.6120811135,7854.315995832,-12378.6364407026,1215.9905306939,-2749.1772698157,5309.6268790896,5821.9982227155,1049.8006674597,5785.1265406852,-9666.0414911898,-585.1326830854,3159.6011153788,9137.9685508982,376.1712071327,13197.7529923691,8149.7832947484,-77.80675582,10230.12951553,1647.6088987134,-2465.6192140403,11733.4933139005,1089.7343260826,22483.8554230491
##end
biasActivation=0,1,1
[BASIC:ACTIVATION]
"org.encog.engine.network.activation.ActivationLinear"
"org.encog.engine.network.activation.ActivationLOG"
"org.encog.engine.network.activation.ActivationLOG"
