encog,BasicNetwork,java,3.3.0,1,1425322147946
[BASIC]
[BASIC:PARAMS]
[BASIC:NETWORK]
beginTraining=0
connectionLimit=0
contextTargetOffset=0,132,0
contextTargetSize=0,30,0
endTraining=2
hasContext=t
inputCount=50
layerCounts=50,31,81
layerFeedCounts=50,30,50
layerContextCount=0,0,30
layerIndex=0,50,81
output=-0.2082060359,0.034113556,0.2322056526,-0.1782733558,0.5785628718,-0.4640843996,0.3106041827,0.1658945421,-0.1529524875,0.5449325148,0.0000422425,0.2076857435,0.0356513694,0.3417143913,0.6319852824,-0.0003684498,-0.367174782,-0.0635984802,-0.2607499614,0.1922984863,-0.5280074238,0.1207185261,0.2575367328,-0.2648257314,0.539443693,0.3381805433,-0.0145658186,0.1370744718,0.1430679292,0.2710873825,0.0781570186,-0.5867288926,0.4191316089,-0.2611805433,-0.0015604216,-0.08683558,0.4015191242,0.0621457701,0.3811823436,0.129631691,0.29258848,-0.1727266632,0.1208910726,0.464895876,-0.3109712751,-0.2362515623,0.5537795744,0.3533121983,0.395005185,0.1117312285,7.9935602969,-9.1024432199,10.419617209,10.4444138536,-9.8685020412,-9.3188584871,-9.0271885258,9.8789288215,-9.1966669041,-10.1613202915,7.5050999124,-9.3369418579,-9.234126963,-8.2799565158,-6.2650303173,-9.5612097707,9.8318546808,8.359726351,-9.0701147702,-8.0235584137,-8.6480434266,-9.2505895936,10.9080919834,5.3014115427,9.025376025,-9.3996568961,8.7112441559,8.7152867733,9.3231542806,-7.7164417998,1,0,0,1,0,0,0,0,0,0,0,0,0,0,0,0,0,0,0,0,0,0,0,0,0,1,0,0,1,0,0,0,0,0,1,0,0,0,0,0,0,0,0,0,0,0,0,0,0,0,1,1,-0.2082060359,0.034113556,0.2322056526,-0.1782733558,0.5785628718,-0.4640843996,0.3106041827,0.1658945421,-0.1529524875,0.5449325148,0.0000422425,0.2076857435,0.0356513694,0.3417143913,0.6319852824,-0.0003684498,-0.367174782,-0.0635984802,-0.2607499614,0.1922984863,-0.5280074238,0.1207185261,0.2575367328,-0.2648257314,0.539443693,0.3381805433,-0.0145658186,0.1370744718,0.1430679292,0.2710873825
outputCount=50
weightIndex=0,1550,3980
weights=##0
##double#3980
   -0.0040494876,-0.004662096,-0.0020561441,-0.0011492786,0.0093631083,-0.0017170079,-0.0010503721,-0.0035591514,0.0065330773,0.0007584781,-0.0026538834,-0.0003817796,-0.0043833226,0.0017620929,-0.0001519038,-0.0042951339,-0.0062068622,0.0022858072,-0.0034875593,0.0014442121,0.0022274895,0.0008525581,-0.0044090002,-0.0042198871,0.0031779075,0.0025146582,-0.0007613144,0.0010131045,0.0021450934,0.003882064,0.0556722414,0.0064482082,0.0080697235,-0.0025524539,-0.0032690401,0.0006618128,-0.0044490767,-0.0098601145,-0.0028101478,-0.0011405254,0.0037970958,-0.0126972069,0.0064750182,-0.0040737678,-0.002307332,0.0009351623,0.0072444882,-0.012851353,-0.0045336659,-0.0010126862,-0.0065357438,0.0010445106,0.0005225986,0.004728379,0.0039381507,-0.0015184023,-0.0123833714,-0.0044847428,0.0034282797,0.0063238751,-0.0003784182,0.1114882396,-0.0040476627,-0.0044570988,-0.0048981641,0.0002458621,0.0015590577,-0.0082769117,0.0048965209,-0.0101857983,-0.0020983648,0.0045586259,-0.0014667864,-0.0097264301,-0.0169941416,-0.0048446447,0.008313788,-0.0033162033,-0.0058595082,-0.0082155504,-0.0077827177,0.0029490759,-0.0048309847,0.005335622,-0.0119148696,-0.0001795101,0.0058078554,-0.0041544696,-0.0097268915,0.0006775664,0.003546168,-0.0005237022,0.2942146142,0.0036019186,-0.0076263398,-0.0047675973,0.0058190097,-0.0035707445,-0.0009286444,-0.0008946039,-0.0030305158,-0.0002451451,-0.0012492852,-0.0029412169,0.0014062376,-0.0005713428,0.0088746369,-0.0032099893,0.0051930441,0.0036261499,-0.0018877725,0.0047441939,0.0074440545,0.0075859797,0.0009975725,-0.0002579015,-0.0034468606,-0.004844922,-0.0008276591,0.0025182736,-0.0044169078,-0.0002935587,0.000976534,0.0499725256,-0.0009492356,0.004591759,0.0021946742,0.0025227904,0.0064378056,0.0028940912,-0.0092206211,-0.0044134534,-0.0008212349,-0.0048484692,0.001499777,-0.0001920678,0.0060222082,-0.0044957446,-0.0010682618,-0.0117489933,-0.0000503648,0.0002430037,0.0039755269,-0.0069929055,-0.0008663925,-0.0037753824,0.0006569284,-0.0041738,0.0043779532,-0.0157033573,0.0028127008,-0.000464891,0.0093532438,-0.007730968,0.055616087,-0.0119608881,0.0074995966,0.000808751,-0.0021461256,-0.0033265885,0.0129746879,0.0060548437,0.0000605262,0.0155651671,0.01355274,0.0013912045,-0.0053298693,0.0048879599,0.0063985584,-0.0058802648,0.0063564474,-0.0013307156,0.0058620646,0.0052191199,0.0052157413,-0.0058794946,0.0077057511,0.0025762354,-0.0004224732,0.0043304312,-0.0021129393,-0.0020403232,-0.0037219215,0.0011387134,-0.0020616308,0.2112076102,0.0019306858,-0.0050297732,0.0000122178,0.0098647624,-0.004048312,-0.0084237245,0.007459757,-0.0115597688,-0.0053200887,-0.0062884788,-0.0017465408,0.0026272512,-0.0007587502,-0.0021307162,-0.0048100367,0.0005045402,0.004491964,-0.0050663313,-0.0025347884,-0.0075955504,-0.0001091726,0.0073344942,0.0010133728,0.0005917121,-0.0003425123,-0.0077138465,0.0028534677,-0.0021094808,-0.0062165253,0.0021894395,0.0501015238,0.003277819,-0.0039915817,0.0074590387,-0.0040236352,0.0064388822,0.0006467404,-0.0049447085,-0.0036686499,0.0059606927,-0.0053566406,0.0113087324,0.0042000852,-0.0031728667,-0.005087241,0.00387074,-0.0057956637,0.0077430983,0.008514852,0.0081590706,0.0067915009,0.0130104932,0.0013099937,0.0073571172,0.0032469787,0.0018114544,-0.0013471242,-0.0007118583,-0.0033054448,-0.014047659,-0.0118185572,0.0351068577,0.0047464899,0.0083135991,-0.0001069311,-0.0048363852,0.0039377196,0.0047150069,0.0008110525,-0.0024217485,-0.0070288161,-0.0019618826,-0.0077634031,0.0002847213,0.0028698329,0.0021432725,0.0032404974,-0.0042095467,0.008528398,0.0009754141,0.0001936017,0.0024070925,0.0098219267,0.0026131216,0.0042050982,0.0050591265,0.0011418054,0.0064854862,0.0005019407,0.0059419724,-0.0089114886,-0.0005981096,0.0895519308,-0.0032418504,0.0046923005,0.0030178596,0.0015286469,-0.0054535209,-0.0047935411,-0.0002834202,0.0109257693,0.0085533062,-0.0023930386,-0.0100029809,0.0003080781,-0.0007592191,0.0155528999,-0.0063378153,-0.008849966,0.0065114554,0.001977209,-0.0020340945,0.0068595026,-0.0105055891,-0.0159152858,-0.0048953748,-0.0053766884,0.0039920488,-0.0006179754,0.0005720152,-0.0010098255,0.0050797404,-0.0057797084,0.1567899338,0.0000010857,0.0000011617,0.0000003054,0.0000009686,-0.0000019645,-0.0000021239,0.0000018995,-0.0000015055,-0.0000002967,-0.0000008458,-0.0000009037,0.0000000357,-0.000000163,-0.0000002356,0.0000012334,0.0000009356,0.0000004113,0.0000006358,-0.0000009561,0.0000005756,-0.0000007098,-0.0000008962,0.0000005466,0.000000083,0.0000013021,-0.0000009804,0.0000008163,0.0000007867,-0.0000008381,-0.0000006454,-0.000033655,-0.0009521686,-0.0039224426,-0.0054932234,0.0061823831,0.0026904796,0.0006259876,0.0034907611,-0.0004215327,0.001332866,-0.0090011726,-0.0077739059,-0.0105985188,0.0025426687,-0.0051343204,0.000836144,0.0040628422,0.0003482685,-0.0025800568,-0.002155982,-0.0071450953,-0.003155607,0.0012941658,-0.0006843677,0.005423567,-0.0044338932,-0.0055222695,0.0012861526,-0.0005056651,-0.0040599594,-0.0015016504,0.0577837293,-0.0011145617,-0.0025467953,-0.001482992,-0.0017358841,0.0023207498,0.0008436654,0.0008484355,-0.0052928522,-0.0153526376,-0.0069883877,-0.0078089407,-0.009661889,0.0090144799,0.0043708998,-0.0028314056,-0.00517466,0.00047069,-0.0024718868,0.0027461079,-0.0114854591,0.0013761352,0.0016277334,-0.008576547,-0.004349262,-0.0006919615,0.0026740873,-0.0045926961,0.0010292357,-0.010637913,-0.0001959252,0.2065240041,0.0031176862,-0.0024496669,0.0021438449,0.0039620797,-0.0065100556,0.0028399237,-0.0058152246,0.0095034765,-0.0017101465,-0.0042163016,0.0004850348,-0.0090277476,-0.000681233,-0.0036370881,-0.0007675938,-0.0025684756,-0.0009281548,-0.0035017299,0.0018398934,0.010796204,0.0055684511,-0.0077292266,-0.003622094,0.0018460094,-0.0065183186,-0.0023012229,0.0036211732,-0.00186832,-0.0018498367,0.0068805788,0.0747100307,-0.0036762264,0.0010930727,0.0044992174,-0.009355707,-0.0049446519,-0.0009616588,-0.0048803643,0.0104019362,-0.0065528882,0.0074395967,-0.0154011212,-0.0050526673,-0.0050348092,0.0002120943,-0.0013337577,0.0053697526,0.0050487218,-0.0002359494,0.0025256847,-0.007663761,0.0014254361,0.0075021053,0.004477402,0.0092282106,0.0157985169,0.0003943266,-0.0035693704,0.0113952468,0.0092040892,0.0006995023,0.2097750128,-0.00000604,0.0000002333,-0.0000001911,0.000000844,0.0000076707,0.0000091233,-0.0000005121,-0.00000376,0.0000005884,-0.0000020365,0.0000028432,-0.0000059481,-0.0000079216,0.0000092941,-0.0000054279,-0.0000002352,-0.0000064474,-0.0000158302,0.0000080398,-0.0000084145,0.000002855,0.0000065918,-0.0000013126,-0.0000019684,-0.0000051626,0.0000059257,-0.0000063674,-0.0000030549,-0.0000014804,-0.0000032168,0.0002286839,0.0046964852,-0.0053207782,-0.0052755956,-0.0095310208,0.0022416439,-0.0053476643,-0.0073861737,-0.0007219972,-0.0009949781,0.0058415031,0.0040268653,0.010850962,-0.0011137494,0.0005945299,0.0090387017,0.0035926509,-0.0012373628,-0.012956059,0.0073247701,-0.0054274787,-0.0033841961,-0.0037641428,0.0018432302,-0.005533479,-0.0044799089,0.0061326509,-0.0026031791,-0.0044781726,-0.0127133934,-0.0005856171,0.1833251257,-0.0009701648,-0.0069610359,0.0002543272,0.0053294164,0.0012497099,0.0011382446,0.0024011781,-0.0081638606,0.0030448254,0.0060897319,-0.002226345,0.002966951,0.0048704996,-0.0001122068,-0.0016089911,-0.00230359,-0.0100401275,0.0007848287,0.0056426266,-0.003146395,-0.0004099534,0.0027491592,0.0014039401,0.0080161292,-0.0005321968,-0.0014511875,0.0032216702,0.0018997905,0.0058621744,-0.0040167022,0.0370340171,0.0042195305,0.0064522566,-0.0006096076,-0.0075882093,0.0046196819,0.0070309854,0.0012115794,-0.000195857,-0.0068491835,0.0002977336,-0.0073985188,0.0039767631,0.0034427124,0.0002950612,0.0009948222,-0.0037563908,0.0089609085,0.0020080107,0.0000426958,0.0011260517,0.0099428889,0.0017026845,-0.0009615052,0.0064769165,0.0009703406,0.0038183196,0.0034378317,0.0015327335,-0.0090328311,0.0021510157,0.0781463297,-0.0002107232,-0.0053188675,0.0040123419,0.0015653212,-0.0078831915,-0.0016021579,-0.0054979461,0.006829491,-0.0124788043,-0.0016019043,0.0026748233,-0.0017206332,0.0092284177,-0.0074310233,0.000493335,-0.0030166046,-0.0041239203,0.0030947169,-0.0000960628,0.0057576618,0.0004664864,-0.0051129157,0.002441609,-0.0037658662,-0.0028659301,0.0044382621,-0.004773152,-0.0055102518,-0.007178719,0.0063314881,-0.0086163932,-0.0128150081,0.0029374429,0.0012282858,-0.0063732982,-0.0003483292,-0.0006599529,0.0035458077,-0.0018982995,0.0095897491,-0.0008289762,0.0050199461,0.004852889,0.0083186315,-0.0013706988,0.0028927044,0.0045340581,0.0031281542,0.0084024253,0.0084859481,0.0029525375,0.0091715643,-0.000904306,0.0009844371,-0.0030921938,-0.0030157841,-0.0010012136,-0.0077194982,0.0009090758,-0.0023354948,-0.0039581471,0.0550842743,-0.0005788092,0.0015938739,0.000872124,0.0011367324,0.0038174518,-0.0033924032,0.0037071691,-0.0009170172,-0.0045154619,0.0027823372,0.0064904921,0.0018809167,-0.0079422917,0.0049703361,-0.0008422742,0.0006261651,0.0017158435,0.0028668131,0.0054268539,0.0041451308,-0.0031718334,-0.0038932573,0.003540985,-0.0007546115,-0.0035020557,-0.0005133576,0.0027401308,0.0017943703,0.000986572,0.0034613748,0.0399570286,-0.0019170052,-0.0020216121,0.0011157764,-0.0055383802,-0.0024200534,0.00554077,0.0020356994,0.0059215185,0.0034051729,0.0008904023,-0.001256788,-0.0002574124,-0.0048435172,0.0049609233,-0.0065671783,-0.0082477693,0.0082734404,0.0029494618,-0.0056758158,-0.0002391537,-0.0061156171,0.0071267348,0.0020113298,-0.0007324731,-0.0017023928,0.0018014857,-0.0020502101,0.0038436016,0.0042356081,0.0077090316,0.0842884216,-0.0039496434,0.0090102344,0.0002581049,-0.0049489512,0.0102663535,0.0006667499,0.0132590233,0.0034349803,-0.0040497008,0.0005112865,-0.0056672421,-0.0059799872,0.0058275504,-0.0051371721,0.0031082411,0.0046080943,0.0079155766,0.0070355083,0.0143081434,0.0013160958,0.0020753982,-0.003140007,-0.0001730594,0.0051749876,-0.0027022489,-0.0032787491,-0.0008184752,0.0032326444,0.0021202557,0.0110707587,0.1257406897,-0.0008024675,-0.000627125,0.0049719682,0.0011015463,-0.0022398812,-0.0011765165,0.0100363788,-0.0139076179,-0.010256667,-0.000851914,0.0040718046,-0.0039050617,-0.0173963937,-0.0006414852,0.0047789563,0.0041516009,0.0105960901,-0.0019127107,-0.0079999199,0.0043345187,-0.001272758,-0.0031964842,0.0004744741,0.0088101688,-0.0024917325,-0.0013988192,-0.0000778517,0.000488549,-0.0064253641,-0.0024090432,0.2340883588,0.0008479383,0.0052327159,0.0067240005,-0.0054281501,0.0025555333,-0.0057867902,-0.0008093611,-0.0010070117,-0.0016671423,-0.0012896486,-0.0004031709,-0.0060016923,0.0009766377,0.0072260165,-0.0046252059,-0.0007784401,-0.0012604089,-0.0060081897,-0.0078174849,-0.0034771181,-0.0087403342,-0.0083830451,-0.0022186097,-0.0054337729,-0.0003875169,0.0045234541,-0.0024389651,-0.0029904986,0.005562812,-0.0036891846,0.1672643389,-0.0019511643,-0.0027146153,0.0046532962,-0.0047678035,0.0026816493,0.0000183676,-0.0027516042,-0.0026263053,0.000810085,0.0010240365,0.0005008041,-0.0032453911,0.0009322894,0.003108565,0.0029330226,0.0034152619,-0.0010113954,-0.0070460052,-0.0029304823,-0.0056148118,-0.0035687133,-0.0014263922,0.0026244954,-0.0036770272,0.0038271877,0.003281423,0.0001500316,-0.0020246765,0.0005164485,0.0030847552,0.0501990597,0.0063541104,-0.0013335334,-0.0030416582,-0.0004823113,-0.0023954052,0.0048984839,0.0029790649,-0.0098396188,-0.0099368778,-0.0032782642,0.0095241309,0.0087568129,-0.0126277908,0.0080185679,-0.0026096,0.0137265419,-0.0046256529,-0.000542444,0.0049736559,0.0038117499,0.0014468081,-0.0058804563,0.0069036295,-0.0020893933,0.0015642264,-0.0033683389,0.0003179922,0.0033040868,0.0048009698,0.0032079944,0.129489232,0.0088088773,0.0016548894,-0.0021737209,0.0028944681,-0.0039460814,0.0048573689,0.0017553767,0.0109648326,0.001414505,-0.0012602917,0.0118675277,0.0012312883,0.001786249,0.0040613025,0.0094671194,-0.0009681144,-0.0036667899,0.0127039718,-0.01261532,0.0011392954,0.0019173791,0.0129774414,0.0052733403,-0.0042974428,-0.0048340708,0.003819662,0.0050638789,-0.0035633895,-0.001029993,0.0035197453,0.0464915227,0.0014954661,0.0036310934,0.0103948857,0.0052302742,0.000561671,-0.0032152665,-0.0017912054,0.0126553309,-0.0113405303,0.0032320288,0.0085707872,0.001140842,0.0142687201,0.0075061457,0.0017820331,-0.0063581971,-0.0208362049,0.0057611116,-0.0028085761,-0.0031237155,0.0055770132,-0.0015222372,-0.0000847953,-0.0052974795,-0.0052099344,-0.0004277873,-0.0037793935,-0.0083252486,-0.0009781206,-0.0021584748,0.2930546033,-0.0019898911,0.0037187531,-0.0103986239,-0.0113001,0.0057272787,0.0004174668,0.0006664835,0.0049304918,0.0147296948,-0.0088544117,0.0011521112,0.0138837354,-0.0093630893,-0.0062807587,-0.003864212,-0.0023922254,-0.0038233904,0.0006558623,-0.0060688965,-0.0113111199,0.0108265625,-0.0107751761,0.0033755865,-0.0091672337,0.0005174672,0.0016824265,-0.0016631967,0.0055983145,-0.0002742751,-0.0031894533,0.1997587701,-0.0068647635,0.0070886952,-0.0003860883,0.0023131886,-0.0036919318,-0.0057031738,0.0020574574,-0.0036710345,-0.000710218,-0.0034908997,0.0044436017,0.0152926381,0.0154546382,-0.0003477812,-0.0018878259,0.007606645,0.00832052,-0.0002739868,-0.0015540172,0.0015595581,0.0086101342,0.0121519169,-0.0057030293,0.0021685503,-0.0015745073,0.001841142,-0.0053939347,-0.0078739104,0.0039869692,0.0097732153,0.0878150272,-0.0040934566,-0.0034447852,-0.0029725781,0.0063935503,-0.0018182267,-0.0009239449,-0.0007533188,0.0114981656,-0.0015390356,-0.0032973667,-0.0078712013,0.0063529679,0.0017191958,0.001249014,0.0100784292,-0.0036356173,0.0045523511,-0.0109361007,-0.0008826724,-0.006186257,-0.0081293663,-0.0045079025,0.0008678506,-0.0092762651,0.0029519947,0.0025114019,0.0031613112,0.004340152,0.0038675035,-0.0147566175,0.0614824243,0.0009865203,-0.0012851397,-0.000902392,-0.0069527117,-0.0037330253,0.0068648171,0.0037202273,0.0037010073,0.0022875933,-0.0068318149,0.0199377896,0.0094177203,-0.0005024181,0.0014187735,0.0123296736,0.004794608,-0.0059128628,0.0010261683,0.0070221536,0.0027070074,0.0127409024,-0.0031401458,-0.0101091143,0.0065659836,-0.0004921854,0.0028988049,0.000293579,0.0019646587,0.0007421107,-0.0020621089,0.1262653202,-0.000013907,0.0000213839,0.0000037715,0.0000348876,0.0000521199,0.0000538856,0.0000051476,-0.0000275504,0.0000052679,0.0000515618,0.0000799196,-0.0000554308,-0.0000779849,0.0001010251,-0.0000496492,-0.0000234227,0.0000122824,-0.0000662871,0.000034422,-0.0000358101,0.0000375052,0.0000178065,-0.0000499431,-0.0000488092,-0.0000596011,0.0000312129,-0.0001027864,-0.0000223308,0.0000303619,-0.0000519637,0.0017013927,0.0010057111,0.0076948972,0.0005465448,-0.0025318977,-0.0019729238,-0.0079349453,-0.001390034,-0.0013346811,0.0014931896,-0.0010308235,-0.0038318171,0.0046763437,-0.006297071,-0.0038626436,0.0014901276,-0.0015515933,-0.0026545569,-0.0091247444,0.0019788904,-0.0040955829,-0.0068629312,0.0075132265,-0.0031691924,0.0069138555,-0.0019697757,-0.0063747025,-0.0024894918,-0.0069001975,-0.0052928181,0.0029334535,0.0903865248,0.0123772609,-0.0068377826,0.0022377129,0.0036526412,-0.0039310286,-0.0003798953,-0.0071861093,-0.0064326268,0.004152821,-0.0105711852,-0.002588877,-0.0011885967,-0.0010195387,0.0015317464,-0.0032742022,0.0075864281,0.0024798056,-0.0016334443,0.0047825164,0.005556602,0.0102123349,-0.0033891931,0.0046393795,-0.0041162276,0.0062129735,-0.0084071607,0.0001804245,-0.0014853749,0.0008623322,-0.0058217545,0.0583429674,0.0016079455,0.0105920423,-0.0041054069,-0.0001580579,-0.006749554,0.0037382195,-0.0054750342,0.00930977,-0.0038464386,0.0047107179,0.0041364589,-0.0092000473,-0.0009480777,-0.0033403464,0.0068937553,0.0000333836,-0.0102411782,-0.0059805823,-0.0030179699,0.0104413357,-0.0007520368,0.006178873,0.0077258869,-0.002814116,-0.0074737883,-0.0087827013,-0.0004604391,-0.0035792608,-0.0067983859,-0.0012017832,0.1822122581,0.006352002,-0.0004025638,-0.0046017857,0.005052521,0.000247687,-0.0016015692,0.0130528099,0.0034074477,0.0070223618,-0.0037483789,0.0020644198,-0.0053189214,-0.0018813053,-0.0054060095,-0.0093174863,-0.007861044,-0.0032104945,0.0066068841,0.0006741471,-0.0020341392,-0.0086035013,-0.0002179762,0.0044843636,0.0089073148,-0.0049181684,0.008863797,-0.0033310674,-0.0032541827,0.0043069139,-0.0010414506,0.0897408432,-0.0016024436,0.007990567,-0.0033245386,0.0030228881,-0.0006720559,0.0034704605,-0.000767415,0.00039319,0.0010227468,-0.003840147,0.0013784625,0.001487706,-0.0035815288,0.0009708921,-0.0000650047,-0.0059996251,0.0022468072,-0.0027688185,0.0024475244,-0.0041775495,-0.0013843344,-0.0070348427,0.0006106925,-0.0048891341,0.0025112036,-0.0010147206,-0.0002871858,-0.0020463352,0.0021494737,-0.0017751795,0.0106071358,-0.007302301,-0.0090312207,0.0064442047,0.0002871934,-0.0024474234,0.0006790041,-0.0023088165,0.0107402898,0.0005102182,0.0026383322,-0.0086223018,0.0008281248,-0.0022635398,0.005534698,0.0010796849,0.001346952,0.0015873672,-0.0010139781,0.0018263867,0.0019976441,-0.0090595339,0.0106986334,0.0009757566,0.0006648853,0.0035991522,0.0025757893,0.0034318435,0.0057848351,0.0021926456,-0.0039678309,0.0946233832,-0.0056619723,-0.0088838742,-0.0065829837,0.0021075969,0.0107382805,-0.0044168681,-0.0013180706,0.000186411,0.0116731882,-0.0026412368,-0.0064574417,-0.0058194185,0.000514977,-0.0012279962,0.0069102445,-0.0050247594,-0.0034878339,0.005816775,-0.0022871011,-0.0000789612,-0.0003228348,0.0008606245,-0.0021009592,0.004958097,0.0037496985,0.0016100556,-0.0060512078,-0.0024509204,0.004303983,0.0069741734,-0.0110563177,0.002628595,-0.0029467745,0.0037204078,0.004750795,0.004026506,-0.0005503293,0.0004745206,-0.0045487191,-0.0008704182,0.0037314754,-0.0032069868,0.0022192139,0.0014506515,0.0028090694,0.0028050298,-0.0028924821,-0.004712552,0.0014176755,0.0020718076,-0.0058121286,0.0008092413,-0.0000601352,0.0018833468,0.0021508325,-0.002228069,-0.0072381358,0.0007984818,0.003297778,0.0052637054,-0.0011836654,0.0090762614,0.002258639,-0.0125392679,-0.007763266,0.003989411,-0.0062267476,0.0011963481,0.0100414059,0.009038121,0.0027901694,0.0119058306,-0.0056150899,-0.0028825546,-0.0050001286,-0.0146900603,0.0004426741,0.0018866252,0.0072131197,-0.0036792366,-0.0027519524,-0.0067784352,-0.007550164,0.007984987,0.0023323507,0.0109355664,-0.0067808656,0.0101982438,0.0048346037,-0.0025313506,0.012320992,-0.0055393655,0.1228976741,-0.0030902411,0.0044177649,0.0066650737,-0.001721975,-0.0055794679,0.0032082855,-0.0034891341,-0.0067044011,-0.0000459664,0.0063735534,0.0038452439,-0.0041672341,0.0123291197,0.0075872359,0.0041529901,0.0089208626,-0.0038412908,0.0075368516,-0.0047482735,-0.0067485713,-0.0069568809,0.0004962627,0.0038468762,-0.0172671459,0.0020116041,0.0069802138,-0.0059565425,-0.0083006208,-0.0056115215,0.0037960865,0.1214570304,0.0000776186,-0.0041428071,-0.0002174795,0.0034973021,0.005646041,-0.0042950326,-0.0046024753,0.0046836085,0.0103141298,-0.0015874165,0.0005724907,0.0002426149,-0.0016238227,0.0067823366,0.0035422834,-0.0022781073,-0.0053248919,0.004074896,-0.0028772238,0.0080938394,0.0109239395,-0.0015111914,-0.0150800564,-0.0039353035,0.0013077889,0.0084046154,0.0014118441,-0.0013854001,0.0069666124,0.0077798056,0.1223376498,0.0038044288,-0.004921427,0.0081545546,0.0016024618,0.0010842907,0.0042395642,-0.0078080577,0.001009468,-0.002058632,-0.00664341,0.0030896095,-0.0071372533,-0.0000446103,-0.0084843092,0.0041830745,-0.003368551,0.0015658341,-0.0006798105,0.0063372168,0.0006083473,0.0003838079,0.0096474851,-0.0016338485,-0.0032004916,0.0051986486,-0.0023988144,0.0056785224,0.0015586932,0.0021406112,-0.0097449558,0.0460190733,0.0047849533,-0.0008743274,0.0057572272,-0.0002824781,0.0036025824,0.0037287569,-0.0040969676,-0.0041657695,0.0022682148,-0.0042037627,0.0077554973,-0.0044968047,-0.0001129757,-0.0067545625,-0.0024765313,-0.0061134811,0.0032744732,0.000147994,0.0039620263,0.0005922766,0.001519416,0.0006406917,-0.0028916897,-0.0020283505,0.0040361066,-0.0072870815,0.0037134173,-0.0029203958,0.0004297546,-0.0029515517,0.0015672577,-0.0049761686,-0.0010504733,0.0088360424,-0.0050711084,0.0028974046,0.0004415232,-0.001997173,0.0011916262,-0.0103262771,0.0088951842,0.0047127659,-0.0076716595,-0.0118324546,-0.0029359663,0.0023126876,0.0044857357,0.0038326418,-0.0075939027,-0.0057196663,0.0085459059,0.0038657784,-0.0074415322,0.014530634,0.0058516091,-0.0043821834,0.0072096184,0.0051955642,-0.0046187919,0.0003900747,0.0105116974,0.1986001345,0.0044243814,-0.0026493443,-0.0054957082,-0.0066307339,-0.0059829316,-0.0003612584,0.0085364036,-0.002499318,0.0017742516,-0.0041887556,0.003031946,0.0056000962,0.0061656246,-0.0001580755,-0.0018067474,0.0014028173,-0.0097184465,-0.0055707047,-0.0009031927,0.007096925,-0.0116322828,-0.012131,-0.0067558154,0.0066804252,0.0000407724,0.0063799049,0.0045424088,0.0037154218,0.0021668634,-0.0138942242,0.1556793169,4190.6204294014,635.4874482636,5420.4646487239,0.2840622812,-0.3495200269,-15585.2464154984,-1920.2675636415,-1587.1591374423,0.7288859148,-0.0971946382,0.1988495243,4369.3705125569,18498.8316839202,-760.3358655794,-17.2914951833,-0.3322677162,17685.1999580096,8543.965054226,0.7436505842,-10997.0828977333,-106.7708180804,-921.528566492,4027.6837017003,-1203.8305869319,0.920338878,4682.3800532548,3699.391229683,-2158.6970065788,-10378.6709966399,-2486.9184400221,3382.4440818273,-6749.3557770089,0.6370774654,-859.5239079492,-0.2964706212,-4903.0176805698,-16.7221506246,-6871.32511172,1.222558595,4653.3423568086,-4012.0622931792,-0.3487331969,5881.0497323673,6903.0166337198,-11605.2630470173,0.1668378891,-3278.2940041404,4222.8685683097,1470.0334789095,6008.8024831103,-0.3620563854,-5973.5492930207,2623.8116330998,7587.2445451786,6085.1709514575,5871.1035879677,-9189.8927634295,-100.1637712093,1051.2083440043,273.260309079,3604.6660505095,-35.3851068049,5989.0898651846,19620.5731406606,-2890.7025456493,-2038.7216976071,-4740.5042025958,-1497.5128967361,-4.4320935854,3687.7102259198,-16026.0517840365,91.5562604201,11279.089930465,-4368.1327263885,-1940.0295757358,29.5431594987,-7738.4194235802,10676.0252684866,-11622.1275485327,-8533.774655162,-1.0464601448,1292.4648533022,-3278.2818759714,-4.8860773795,-1.9410236405,-0.8763982189,-0.1027398978,4454.0093327841,-0.0396927782,0.3398699062,-3027.0547340517,0.9417808232,68.3091652694,-9814.9787396594,0.8769943935,-2198.1782568712,0.674624662,-1997.9761891336,-335.7103380757,0.1720669971,2582.0202992762,-715.7206114785,-0.1136285357,-7.0219709324,0.527614798,-0.7193398296,-997.5789231688,-0.5709415168,0.5393390041,2627.5578580213,1.0239449582,592.2894029532,8.2290203121,2281.976680856,-5591.5220009331,0.5632559129,-3475.5413474517,0.9796254183,12538.3892714095,3.0359325279,1543.9006750398,0.3251887975,915.5435593973,-7840.5765325763,2869.5830758171,2308.4314648002,-85.8981126776,0.7769834473,-2350.943960598,17.6614738452,0.803192924,-0.6337564375,-1926.8804939998,-3526.2576112556,-4571.0382278335,-254.0872411477,-2957.5272420641,784.9344618886,-7028.8584031596,4126.3659627135,-8767.8199839397,2830.8649920311,10524.3128213268,259.2592774044,256.2348462593,-2143.8127538861,3456.2550403763,2264.5588315225,1908.9908827428,-4719.2049069446,10.7666563676,908.4272917347,3562.6639397373,6149.1693550239,873.266295529,-10042.8350343646,-139.5139202118,-20883.9980112754,6564.2349550856,455.4506820861,5132.8251505902,66.2449847441,0.7163100309,-14.6791092218,0.1718083743,-0.0200381083,0.1353890242,0.06620781,-0.8363787933,0.1731601868,-8061.1467111516,-1.0102004152,0.9557768738,1.5492420036,-29849.6142021092,0.8384338854,-1.1784300733,0.1604672256,-3781.6854407896,-0.1368337742,-8060.9399509045,-5717.3955555441,-1.0144240511,18838.3907674953,91.2937203272,-2464.101278172,11134.6925603449,0.9954277021,-20666.2617726117,5684.8707176023,4.8323058449,31.7624035546,-1.6443343375,-0.3601159166,1543.7059257447,2847.6522764223,-0.6785999854,-4972.4016496814,-2181.4739735808,1155.2031435736,118.3066187007,0.2492968789,473.4719715372,-1694.38479182,2498.6160293668,2036.8488179971,-15755.3241054049,-0.5667905341,0.9085557661,-19760.143982717,10387.7517813736,4685.79716587,-0.3467824728,0.161978614,2607.5230006886,-1643.4623976318,1442.2424108576,-10618.857184919,-5973.6444931042,144.5513885804,-1629.5876047832,6466.6397305436,487.1327705527,-159.9596748043,2994.442065131,1058.4527754682,1539.7194982571,-12128.5869480242,29.7339920004,-837.7013270659,8321.8587679798,238.9732259417,1848.8819013266,4915.3437594894,9934.2951902367,12217.0051999695,10103.4904675011,14081.2941423284,-7413.3411440831,-3528.3498416815,58.7512591044,6568.5333743845,-7441.5791239045,-2615.1428682882,24657.1792383047,-1681.2860252632,0.1382162083,0.2765283762,-0.8990417783,1008.8812278742,0.5323238351,-12584.9509297521,0.0900378016,-0.3641866827,8081.5517605395,0.7054964766,-9331.475218763,-0.8682143425,-0.3058849301,593.543842474,0.9223595871,-12585.3976599539,-2023.0348652717,-126.5822072973,-0.9491945403,-5089.406753991,-2395.9227938774,-556.8370182152,1.1007426622,0.8094444373,12171.1065460154,2818.2958998264,10092.590922294,-4905.9248118784,-1000.6016189492,-28.7298223863,22009.4487544089,-0.9704274914,-274.6992518712,3937.8972064152,55.8412551459,-0.7136899877,-8348.8361327932,-207.4664368058,6.2003097745,5535.9868808434,0.8595928128,0.4988611645,-9.9245770139,0.0419552309,-3.774933326,-187.678745509,-325.4335642069,-0.1013281984,12726.774178022,-11509.4306379986,73.3592534743,-1410.1946934811,-2675.8843659552,-3057.1934418135,-3058.0349048804,-4198.8824178028,-5389.0973517255,-52.5276614186,-3502.6218901305,-1865.8615857282,-10017.5265979597,2889.0576412695,-34.7338442968,7410.5116473456,6870.808572231,495.1184534295,8923.1979836315,7445.3275763944,-496.8312058954,-5586.7751594749,10707.8515719224,-834.2429187573,206.380988771,-12347.8367384512,15.686556091,6330.0455840918,4786.0523529109,87.3070768949,2.0682079627,-997.8900846868,0.0266286991,-115.3328520616,3.4008126272,37.123542184,-10049.178891726,1807.8103321441,-0.2844315799,-1.4126331582,0.2113084252,0.467019261,-0.7287749169,-2876.0213908467,-2.6138202791,-0.5662886555,-1.6725783064,0.363315779,0.36655918,337.4363113229,2.1917783733,-7946.6347371333,1168.4239288371,-2.2289674777,-0.0429182422,-217.6683434457,-741.2072604152,-1870.4731246758,-0.6430513888,-184.0562754748,1423.6415447012,-2624.279849445,-216.0010330559,-8439.6825379828,0.1445952477,-17912.2286051847,1788.7173080726,-68.6373551566,3889.5267870293,2695.7978316689,-16512.3732639183,-24.5222670156,-8097.5815992244,3792.0992432189,1483.5025799459,-4764.1021708885,-60.2720216276,8171.2340238975,952.1066374873,3950.8412483017,0.0583257447,-8980.3621031669,-1387.7502392485,-147.1321974308,48.7565502117,-4057.53473889,-2187.5333631405,4166.0580230189,15037.3245765233,-0.2572262481,706.2981920126,-9287.1563482723,2421.6797017012,5608.3275538566,-399.1921658843,174.3618141311,2688.3489920566,0.3967653497,2495.0932779588,-3437.1997976082,9451.480718133,5.1974181337,-19410.1245048922,-3244.404225086,-6813.415054478,-2190.3895640676,-5513.9815901439,-1579.9702442274,-11368.6741618672,-1288.7365889919,-4416.1224203715,2810.1827449349,-21.1483566136,5233.6586682788,-4205.6264386143,0.9871036647,-0.9419533912,-86.3589062218,-2096.6075546171,0.2909727913,-0.4483399763,0.8665791412,0.1578741585,-10.1478072119,15077.7583892948,2.6417414524,-0.1103003402,-39.3626004077,2539.8152816369,0.9339527308,1958.6327621433,26.2245339386,-23.0594538586,0.3951039436,-0.0620642759,-0.3543557131,521.1422150179,14447.1207730996,-10158.0767440629,0.6528270711,-962.0060911686,0.4624716452,-5784.8962678524,0.1148189019,2034.7255855901,0.9331181748,-214.40530991,-4142.9234605005,-7.2402908993,1817.1900875469,1498.8657507221,4609.8277254179,-2088.4818967219,-2151.2087197517,0.1678539402,-0.733994743,33.5889267072,5009.652081462,-2468.8571646458,3834.4100608578,-12883.2835968614,0.110231448,17905.7588179526,-6364.0429105766,2618.1011263319,4301.5963078047,955.3259392388,-10290.452030442,-732.4254790281,1195.9121658728,39.1257173784,11086.584600895,2624.7854713458,10341.20327443,2473.8874453142,323.5891020375,-9924.336094282,1202.654710772,-11735.9752000782,-4515.1465457445,-10860.0739702882,8878.8151801296,-3771.2060795539,-1340.920743149,-24.1562247607,946.2887850805,427.5859243518,5294.9287181887,-12014.3453404735,4806.9920135703,10475.7093369234,5050.0076748809,-14902.7956108648,-4777.5459337703,-4404.6642887866,5680.3786499836,-1411.4524269236,0.2343875015,8661.7131266454,-4985.6849148767,-1757.826625493,-0.7150369486,-0.102113558,-2159.0640939203
   22999.32528578,11523.0603901844,-0.5937763302,0.4000434629,7217.8551861612,-0.9212353339,-1757.5519376584,11709.3853658751,0.735237205,-0.5184548408,-251.9635104538,0.5517047295,-7794.5328435995,0.7930858826,29763.0636095517,1.6647045201,-5.7450270669,-5609.2124694976,1.0992558024,-0.5125789356,-0.6455840963,-1572.5160049013,-0.6824294483,-6182.065245128,5061.3021318112,-41.8681996567,0.0361281483,0.1090743585,-0.9262755606,-13130.762088681,-5349.8542578368,0.0239329783,1019.5517384253,-0.9584481759,-2477.0031252866,-4330.6021613132,0.1385303929,-0.3980891596,0.7518578482,1043.2475734465,9336.5421554145,-112.7765689856,4088.7339185402,7269.2182907544,-767.4791624792,7498.6091216617,-2491.7527749045,-2407.1125944902,5834.7938735509,108.5236709246,5976.487952731,2817.4041704699,7.0580025885,-1581.4719361331,2002.1201950786,3612.1153825096,988.1194586951,-13980.5150380938,-9202.155496789,1833.1829187132,-7917.6317814968,673.0790033676,-18322.7368809803,651.4183672445,531.0078315611,-1291.9919365192,2174.4130486463,-8140.9388084791,-5725.7300207843,1.5087531321,-5697.3830829256,1631.7704046174,-28115.3759413769,338.5658805073,209.9106878072,16080.2031470092,0.2554182182,-2.1405299424,-0.5628587233,0.1005383015,6419.8570546784,5107.9322516424,-2007.8903447503,134.4578812805,-0.4041627882,0.9761196735,964.6390789923,-3.4900579534,-27.5658488364,1539.1341307086,13691.5213696182,-11409.9961397776,0.7922235279,1836.605101376,-0.2841675637,-909.7664288878,0.5798316798,0.9911975645,-0.7435869304,0.2833463884,-0.2666795437,7.1961747625,20596.2302347419,0.3789144424,-222.3075923604,-13858.6158166608,1.012929787,-7460.3190879192,261.931653037,2898.5330872863,-0.4201990409,12.3315636014,-46.6851028245,-0.304383322,0.8794555999,2456.4030898633,146.0481266075,-1867.0812642636,-1271.0736555024,-0.841186811,-1933.5221115033,956.9350392073,-2592.607000171,-11114.1017955257,-4.3818052829,-5816.125029556,10138.581313375,6573.1533759349,-2097.9284109566,1.0985623915,-2016.461792265,-444.631274426,3929.6570280436,-3098.2087448273,-4566.1482898126,535.1631332004,-1.6584204812,1513.4833223042,-6706.5492653347,-12407.0995796531,7249.0759935783,2284.2143453755,-22.2238662919,-2787.3501135015,-1545.5603032721,-7536.6592583375,1370.9887900992,-2083.3101462417,-5815.8687548016,10072.7628192307,0.96956739,0.5641779431,4013.5577620386,14.9327082386,3184.0151638223,0.4281799839,12078.9658411276,263.0406036862,-1436.5757966026,-25866.0190701319,0.2404165221,9557.680541815,12340.1609777121,558.7443415004,-0.2751766362,-0.0263066571,379.7365494692,39.3398440563,-1435.6547532826,1927.9378806915,16.2735934731,-2408.2715372399,-6312.6669618977,0.8125186955,0.6605209424,-6942.5181251166,2187.9518539704,-12623.8550111449,0.8559132144,-0.0201965327,-0.7550917693,0.8257968393,-0.9535995252,0.6311052737,-0.1643524241,-2623.5421573144,401.805600595,0.2748216474,-27163.205329664,-33551.8512492199,-0.1071027759,0.7806778454,15730.3672108073,-2.8484575199,10433.3752510544,-125.6176148758,2993.2733052036,5600.7567410685,-142.9378769445,-1390.9261138022,0.4689801221,-3737.8451382234,-177.1152376511,513.4017484966,-5919.3072214934,1138.9955814629,-1692.5699231084,590.4338051911,-587.6872773702,13526.4491541955,3467.137356062,-767.0218747157,3246.8186681122,1.0821325556,2849.0851266283,-237.7745709954,296.8439242019,-1.1294216761,684.0428248801,-5940.5129372283,-618.8869185644,-85.6144411894,-631.6404690353,5162.8179941942,17087.0510962205,908.9792979156,-558.7971531094,393.973236871,3393.5730022849,-6469.522263281,-0.4509629193,-0.7526079462,-23453.5346241069,-10903.9776954631,-17536.9591380322,-372.9324499668,0.3647738237,4583.6794646361,0.8103082145,2116.6476126208,0.7709117688,0.7174860438,0.7122321153,-0.4503341452,26.2506604596,168.9310209705,-0.8726562672,-5381.5385311057,1005.3627077004,2116.6229050667,3780.082832529,-622.6122930142,0.9506747107,158.1795343314,-0.9558871637,64.6490505663,1204.1607625502,18276.8331707321,-16.9397906125,-0.5454096325,0.3913433525,-862.9969853757,5855.084617129,0.787862983,-0.8743470947,0.233440474,11049.6441186255,-5975.6978416451,-516.9161883375,0.0160119076,0.1857298337,29640.3251107019,0.0488079098,-8165.1553165936,0.8320767011,-379.9862232953,0.0502618408,7489.0927573747,2391.639549283,6923.8607139547,-0.1469559754,-0.82951157,-578.5194950244,-4361.1708238657,-13635.8113519281,-4214.716481109,-1303.9064896856,-6440.212717153,-0.7183578202,2523.1076112534,-228.6032121655,11951.9428914363,-2214.3621087237,5695.0374646742,-1428.9107523015,-2327.4363570059,-1813.5844584323,8720.2702640347,-7418.8518706754,-1583.6198999953,-3224.533942728,-2070.4873558378,-8728.3124809621,2111.6589540352,4881.8191463498,5882.5691615231,-815.1097006957,-317.3801170177,-13522.9016584589,2487.0185577388,-7428.6148026846,-4115.8954265867,-6595.5909936257,-3511.139421422,9.1133887089,5707.5790759118,-23331.806263825,0.0954556492,21.1147567953,16.2867587983,-1.1793720365,0.4731551874,-0.1597041293,1166.1308408729,0.4641681792,5767.3276548054,-5.5203623288,0.2155640573,2806.0816177374,-3153.351223021,0.6205201756,1.4377527793,33995.6814772068,3.0191897834,479.5979577811,2601.3382909158,1.3075024082,1151.2754237413,-0.8749396042,-0.24674011,-16128.4455695835,-12858.2344981459,0.7020885525,-4190.5845802929,-2856.5720130468,-0.4096958345,0.9350772759,1403.8758097581,-0.7814581974,-0.2332364033,-0.9274135057,-30126.580049794,-0.2209058788,0.0969003629,-2822.6743056302,577.4997860679,-0.2244861954,-557.1349005392,6756.5431751163,-9149.0405799812,673.4066226371,873.9918038739,-0.0946726334,-2621.4846583005,-497.621370205,15.3835290181,-1834.5160152939,-3506.4727259546,0.5029854237,908.9641064257,639.2540063025,0.7523562331,368.8687792587,-558.1134950445,-1506.2056137511,-3079.2920205708,1523.1224576872,720.039140198,-112.6970088535,-186.0050425128,7296.8654819835,4306.8621145471,3132.6540534388,-1816.563377857,1174.8176100497,-3582.1571691077,-4049.9957797123,1490.1177494197,-3361.3238349788,-509.9884968867,-188.7045742625,-10864.2759239195,-1914.2437591645,-0.0294953414,0.4968083937,-9.2582584318,21540.8804449048,0.6748960063,939.8227442767,1803.9128025074,0.152983353,-0.2430906411,-644.4939279751,0.4365271955,16271.6123398135,-0.476001583,-0.5570954959,-331.4401494925,-0.3434682138,-0.4862005122,-1.3246069306,0.2041326012,-15951.2597517571,19703.3019299598,-23079.788469262,3.2015243268,18223.603196141,-3996.2244012973,-73.2161690134,0.5092266969,-4650.8220376783,3183.2815635719,-0.2005198552,0.4792534836,4552.1531208576,0.5464078107,-2102.3213922073,-0.7363973957,3198.9759197094,-0.5865441634,19114.9488765917,5195.3630948731,3.3889729925,-19828.1639131585,31959.1385446383,5334.1044152055,4139.5414478258,15.2857198284,-5006.9823980275,-1.5127250711,677.2485603261,-1515.958276681,-1752.6110008452,111.5209909455,7506.9494834928,-13839.6593074176,1433.7519620051,13243.1231756625,-1120.9441191189,-5664.2112557543,4093.3848198934,-271.2421438677,-1048.6607234731,-16.2536983606,3707.0442504488,1.4114779594,-547.170586245,11384.1077726032,-8356.8843226328,7053.6392216188,-1547.1987328267,-627.869284536,3003.630364577,-387.7033738638,-4090.2276520983,10696.0226468117,-4910.7522889741,244.3440994932,11.7604434431,832.3118884669,2645.0412662756,3590.0191813558,14695.433899243,2369.7552877397,-9368.0186656715,-0.6800138998,-3329.565437428,-20172.1581138739,0.8677002098,-8091.7366094456,-0.8647763334,-0.0638235902,-0.5964884107,-163.7933761953,-0.7326456626,0.2933519978,-1756.9789340987,4702.8822145163,-4536.0157871932,-0.8685625788,365.6710278052,-9951.3411070772,-0.1487694521,6754.3307347262,1833.1287521462,590.2046492661,-23696.3823652258,9379.52990417,1.7704737377,18330.0722496473,5924.3416652865,-1679.8719796279,273.4420571607,3270.0701490324,5637.2998749811,1821.8030729412,12712.0437597278,-0.1773111411,-0.2400837174,2270.8603328484,-18097.2946548984,9809.3488682742,3428.6076570322,1752.0036172925,-1925.1036016802,1.347212017,-0.6501148621,-0.648476001,2336.8246735387,-16672.8007894916,-4.6687898444,-17285.4678976424,11378.840424998,-0.1869733864,-0.5599304499,8121.5903232684,-2074.7673669528,-1549.080693955,636.8113154844,-24.6355475996,-12565.5985839226,-47.7599517112,-3197.7300836395,11445.28406484,112.3697929215,-5585.0439317377,-0.7800663293,-6146.8820727868,11511.9318562296,7451.4452447812,0.8155735208,-0.3274074651,7280.4507300062,2073.7651925024,5865.6828917432,68.8737875411,2625.4725262643,3201.4744240104,2654.0285814288,3462.5943074185,5285.2489363601,4100.7763301954,-2370.0877198375,-6928.5193365269,-802.2767255532,96.9749575602,510.1771399692,18.1234401136,115.074727788,-0.2917767405,-0.1114936532,7263.1760970217,6507.7286833651,0.3080692649,11.9760180539,0.0437056196,-1275.6792202503,-30902.2636237066,3763.1655577408,-5.9941897538,0.8786874143,-2624.0219709965,0.1693326213,0.2617987965,-19475.6426690767,1184.7765582674,-11561.3576112618,-1570.2161433239,-4890.9853726673,-0.6796802265,80.3745758733,-7338.7069824066,-1378.9804416282,-1.0562124738,41.8024869646,-0.4819202536,-4034.0025925429,3513.4264232976,-1280.86790628,-0.6935822006,13266.4724398804,-1.5466964314,1203.6229047963,1.1603868541,-2544.0947894939,-509.8926490245,-0.6368994856,7465.4967454674,-0.7578125714,-2266.0720769225,-0.7677981252,1.2944813208,-15474.4975509912,-2197.6012739971,5410.3559324747,0.5531835589,4969.9334505867,5576.2007112321,-3966.0319842116,-2686.27099699,4051.780527894,-7787.1034618284,7186.9233848819,2432.9207622646,-9930.6422961955,1867.2548868247,-4840.3247112657,1085.1721421498,-3027.700444315,-14115.0381721143,3322.4460797348,-602.626192139,-257.9306487286,2440.7184562737,-1723.1042919012,9037.6102364882,2211.414109644,174.0695405646,180.2862635151,9260.4979304856,-217.020870013,-10894.9237613822,2746.8406576421,-6619.0521591847,-3225.8189546842,-3943.3912316674,2.2514865718,-1961.3539090597,-1.9825735,0.7758518958,-36.3300308773,1991.7740106634,-12606.2302167654,12220.2722412071,-0.2743284344,-0.5181679718,0.1986300385,-4.8694708284,-0.4481703411,7778.1416678165,0.9262929343,0.9022522227,-0.0110324335,-810.9418507465,0.9853756395,10958.8732722469,32762.8237144374,0.6494127551,1284.2667820167,0.4955164361,-0.5191912213,-30.6934612516,-9699.3909003374,-4.9184020039,-0.0151913349,-635.9800261505,0.0763899682,3077.7933548403,-15.2141516552,12507.8552515502,-0.3524742319,-5219.8339975272,1753.836020896,-2.3535957,-0.4238493804,-5.0427288292,1.0145376736,-12055.3759361916,-1405.8054284013,-0.4791131399,0.2512863264,8335.9920762822,0.2304437612,14176.8490100174,4.6867140323,-3464.7163457279,-0.6276176519,3634.2391454825,-6583.6322746508,-9486.4034499528,12684.0513206726,4637.3811896368,18394.600947316,3681.5511764317,-23388.6536802834,336.4198035266,15.238356103,-1791.6049323724,-114.9706057284,5214.7379385142,13095.5448111875,3473.6215646297,15182.2846734986,2096.034076799,-25.0193349923,13544.1896104842,4915.282116696,1069.8105270235,-2.542692075,-598.9820277624,3871.1752591231,3.2495090005,-4108.2780537253,-6551.2793802428,1836.7315211197,8952.7507767713,3633.4575011139,25217.5171590911,0.2094538933,1580.4152863392,1086.7185740603,-353.7710696048,0.2653121706,-3090.9793961834,-0.5985326757,4145.6579744717,18.4997981252,0.4595668486,-7836.656406722,-1784.4605562471,19626.8329362842,1.138043341,-0.136667101,0.0156160145,-0.7012806296,4145.6665993488,9256.3677754033,3548.2004416683,-10868.5380161008,33.5078690782,-0.8136802589,-12940.1833286079,1.2386898615,57.5526697517,-3973.7669194672,-12782.7005585698,0.3378796211,1.0833300179,2740.4657267575,-2.1604532734,0.3748206965,-0.8270338445,2455.8280960268,-126.783625425,8136.7658642045,-0.1039352186,0.8125083833,4568.8651054629,7586.5653058486,-2849.8367543037,0.3381523187,-2601.4020974017,8482.142480891,0.3151054313,-17246.4004051062,6309.0865396976,5.3858784458,0.6145475143,-10207.5247631196,13634.869302022,7904.0141166521,-580.9054545236,-14230.688796641,-6110.6277637723,8360.7720643093,5757.2768265376,9479.7678233296,1517.0457735242,-3110.2618849715,-2.2786527417,-12767.9021358082,3379.9257015084,-2639.3683322597,65.2110607972,-4964.0606812636,15621.8736082736,2200.0594708676,5506.7384114655,6477.6881792451,-11651.8022770219,-4988.9429776732,-3395.2168767236,-5573.8525786456,-16082.2492145058,-2000.8564130709,-1936.9012465121,-381.1276685133,3153.0550854869,922.5091491103,0.3783900002,1184.5461238378,1.4353778518,-0.6344728718,3613.9419337824,-1.6986973741,-4668.4821904519,1265.5873115679,-0.3931915114,0.5532367595,-19431.4181004444,3167.1113450047,0.2520860239,-0.002350872,-0.3823965462,-596.8303621203,106.0182585916,1265.0270041192,68.2392782523,0.2282589431,-6007.4645553608,16616.5174818217,-5479.9571501385,0.5828258498,0.0262032911,-1.7319846329,-0.481147423,14547.6413601568,-0.1968595881,-1.0656099783,-0.7396200794,-0.0799678371,1.0576781066,-0.3746784374,-1082.4299953961,-16.7814309286,489.1318996992,-36.9962344112,11803.4074459116,-1.0576259957,-29827.0109652951,-0.9429827613,-984.4889714672,0.2582709761,0.6779178071,-18388.5649641712,-15875.2482157433,2548.119924048,0.0322025547,-0.010682083,-4597.1928674516,71.9258261119,17714.9928684638,1036.4465483691,3113.1601567163,5891.7309156021,899.6324022745,-86.6158271895,-752.6349067168,-3144.2905564727,7924.6234874794,317.9953486177,1084.5471327847,-1771.3051233866,3207.0986331985,217.3764182837,2.0125888272,9872.4847029403,11781.2366160984,831.642878442,1051.3273495425,-8346.5692499108,-2222.2627947047,-809.6340592043,145.7902464857,-11132.2855819794,-7791.2532294517,510.4461993691,-399.1980380808,-1.2426273298,-5.4705134794,0.1974488708,3189.8072860294,-7718.2696994258,0.7478601737,-1735.7059656143,7765.2888280758,0.696469236,-11382.5746794415,0.3503330659,0.4738430877,15932.8112079172,-0.4969271621,667.7593393384,0.2175574466,0.8485220315,0.5732243982,0.8821345108,-11380.9974869242,14330.9055797209,18.4044901751,-0.1761337697,-85.4629940293,-0.5588639547,69.4261382562,5.5995603606,-1552.0560361921,-256.0004593728,-2150.7857288437,-0.6695351599,1865.1256861527,-3315.3225603654,1209.0774748827,-0.3655209312,-0.5655052217,-9045.9439794771,0.1745684068,-7206.192183622,17032.9876418519,10.0965576842,-0.3024215305,1833.1328285846,-0.0165736309,4671.541713609,257.816872643,-2616.9455296345,13023.0859435825,-752.2269516565,1.3002933212,-0.4820335691,-0.2738020363,-6.5592148483,-2412.2004244681,3803.2119518555,3089.3300709471,610.8059025868,12857.6280617308,1235.9860285568,-882.719304997,-17.2277772533,7640.5617208602,-3979.2072989519,5433.2170153779,813.031157592,1187.9202802288,-4976.9331892323,-5462.0456951668,3157.5181588032,-1766.132254069,0.2695395059,987.9728033872,2159.1503353862,-12148.0127895038,26.0694423512,-1.2478285349,-4040.7729755337,10750.0110819672,-14082.3546574791,-378.1255651132,2791.4228485961,10158.9035355148,7000.1915969613,541.5587612703,1285.4903793988,-1038.2957743852,6.9950773214,-283.0255389484,-3643.1133654332,-11565.3278069046,-3.519484364,0.0269495195,-0.8999116465,-10523.2248543721,0.1553474046,6548.5442311242,-2361.9794391819,0.3769455962,-0.6407808728,3604.3698487004,-4.2764614166,16896.622748754,10101.6028526484,-6315.9239908672,-11462.4908562066,444.1464195221,-2770.4070133195,2297.3874968392,0.076558486,-10228.1858791114,-148.4699444171,6561.4959261129,42.4916153622,13338.3600042886,0.6834920153,-190.5474497884,0.646916119,3189.2630676966,-8247.8850462788,2347.6587348835,-0.2719835199,2370.8288342514,-13549.3729030812,0.5567490741,4817.7610735059,-0.1889349813,10.7832692953,24.177928688,-3892.8323415902,-596.3801802868,5369.178562437,3033.643332921,0.1070111424,-7165.9820448752,5044.0677686594,-2337.7610857601,-742.938516296,-280.3902576952,11045.9926461035,-10237.6484987103,10082.3098470495,35.5937620698,585.1757906417,3338.8845291078,3192.1696634422,-6240.0650255598,32.4781173373,1724.5130968266,-72.7058188993,-6251.1043779904,-8005.2100820763,-1485.1791132629,-1089.2622331911,-8444.5178301908,232.1485981888,-4083.6488959449,11521.7949803348,1948.767956108,1609.8385950666,15063.4563771876,1666.6397304584,1893.1273413037,-99.2616622266,-0.2989287588,1.913150241,-1155.0762843902,6089.1622282892,1.1749141415,-0.0623855446,-26.854987267,-0.0163038783,-6104.9704556509,-0.2756213614,0.5320910011,-8386.2691767155,-14171.6939671801,1340.3244013127,-1.32440655,-0.8544580248,0.1292640915,17349.7492994186,-6104.1367861877,13.1089446178,-48.9498273562,26921.3821343809,8933.5313012666,-0.6815324292,436.4940791915,-30.6438060578,-7234.2700703293,497.904750857,0.023404131,0.0141064189,-17.8918897936,-4595.1382976135,0.4169162029,-481.7297125931,-0.2029649894,9720.8052994711,0.5095572763,1325.9905957698,76.1786916609,0.2541791077,429.0285795015,-3023.9828560494,19115.0097778803,1457.6428627798,-14.0106336337,-1441.492145359,1.2105968515,-0.5743688314,-0.8722822418,0.4156471814,0.0463744735,-564.8727800912,11.8451912409,-287.7192249164,433.1761933568,-0.6303228733,-8363.3155950131,361.7593940398,6865.2790726375,-4585.1076124094,-5765.5399758105,2041.2288498856,-449.3142251194,6097.7043508493,5446.614234615,0.0899239596,-2559.815665496,1547.6985697847,-1439.7906242252,918.8790356841,-2503.1194322957,-6600.3173698801,1758.2044500538,-4832.1178894372,-2309.1828682329,-213.5179851733,3486.1478707834,10368.2447092601,-1622.8055957869,748.3167317407,54.0573288436,-0.053812182,3351.9057314559,2511.2938787314,1799.5702779218,10482.8183228343,-2.1019539659,-4747.5581491158,-0.0713971863,-0.1287810812,0.0963069174,-0.2529776623,0.2609392453,0.3592123102,-2.3855542658,0.1516107326,-0.8880996314,-24.4039780543,0.0029507796,0.4142915277,0.7445232719,31936.4194597006,-407.7733204996,1429.2321034017,3421.2129534172,-3211.3350839427,-3081.7941964323,-7799.9480406387,-0.8630765583,1336.5791921061,1.0229153681,0.1612335197,-2.1630525184,-0.1827422571,81.1410406874,-0.680948537,-14873.4172990031,-1.1473744131,92.2833923842,3143.9574628604,4378.5729420688,0.6950195707,4.1408345628,9243.688406871,0.1853379644,-0.6895612876,-7.4066072288,0.6781350063,-558.0086095218,0.0060218671,-24221.889605187,-0.3732488277,5119.6593905854,10442.6960257007,3238.3660271805,-17012.0013786184,30.3572512502,5590.8114564797,-3080.5781459101,-709.3024848887,-6248.6489473886,-2366.6001072085,-1433.879446048,-8570.0273492482,-3928.249449727,-3063.1499834967,-673.8344843281,78.3063317162,2278.3021940998,772.6536113244,-2134.1544980711,-7272.5544307998,-2935.0932824775,4523.0660464982,10365.0753953929,2968.8137177266,126.9191561042,12890.5319248346,-11890.4442691306,11407.5288682775,2076.2862253492,-9586.9091482263,-726.2825252787,601.188303166,6.2790838677,1635.8727846605,-0.0765408426,-31844.8453361294,19364.9730264842,0.3821990781,-3240.3758883826,-0.0271745915,-0.7118940263,1.2924239294,-2.7251761202,-0.9917161787,2490.5118348363,0.6013864193,1939.901345318,-13990.6330659183,-3242.1117175515,1112.6686616775,89.0587023491,-26872.3215144676,11329.4556015938,-12093.1032353476,-5023.7507823707,660.7064833924,687.246156819,-0.060202853,-13775.9618407978,-379.3302521126,-0.8528579933,24041.6432487116,-0.7326814831,12837.7425231486,-0.3717353273,21502.5768286733,1.2014741056,-546.9962730428,-0.0794022179,0.9827140642,12297.1475459137,3818.932842375,-10879.4599193501,0.4262771821,-18.1729966525,-3159.0917281991,0.7525874933,1409.1336527936,-0.0186931493,-14086.3603110742,-0.3605725704,-9727.0332575644,4300.2294052897,1373.8805069073,-64.857517997,-2116.8497872419,-1758.5456618501,-10.6506132457,4324.9643514601,-1.5699774256,-2812.2547706444,-7467.6728210615,-715.7139975397,-4201.1786006703,2504.967224233,3501.8516493569,-7721.8966430227,-15.2347228633,-13943.9165613901,-106.0223084558,-2184.7294667327,-1635.4683478018,-4533.411135555,-144.4685199099,6623.2884582277,1431.7516112257,-1490.1180899233,-2658.4404898924,-5914.4134861459,-2653.6431945889,-1.0548268572,22664.0398708974,-503.0647612717,30954.6704510364,-18316.7623313284,-2.7689030594,0.3827599322,-7018.8492472147,0.035441007,-0.2633415697,-7641.3866277435,-0.3357200963,15645.8172630634,0.5188175541,-8510.1321013667,-178.0811691998,0.1194941486,-97.6751809275,45.8198389131,0.0601424918,-181.2097610251,-1222.6611325442,995.5271564827,-0.4795521194,-114.7474473415,19505.0700273951,-0.363874026,-2324.677422471,-44.9836854049,8.1253426331,0.5073208668,1.2933637287,336.4511496761,-1001.2929438626,0.7333140347,-0.023019546,-1649.9544478348,-27916.5321943969,2.8243681665,717.3225342733,2551.9823961806,-0.3054241765,17685.5647446782,-0.8345321939,12410.3653259475,-258.4021085662,1.1679399655,-1.6812920473,1349.1715674116,11158.2864512575,-1298.1542403903,-0.3446103556,-1535.5971271767,-4847.2325090572,4129.0077178891,1607.1741383768,-1960.7973364865,3642.7150238423,2152.8598382532,-2325.8685232269,2165.1912178267,9368.5512172492,-10643.1664776588,-7443.3650669049,19403.3943096904,-6216.9737260041,7797.811324587,10.133359681,-3924.4972114079,-8.1790933605,-3165.7707699965,4.9868562226,1282.5253945845,-9757.8874741252,0.8889062487,11.2904180259,8084.3498764931,-57.9918495002,4374.6449081567,-3459.4834021387,-3436.80966669,3120.2040771577,-0.345830044,-0.2815184796,-0.1064961576,-219.3981772989,0.0099450542,-0.2320928616,-110.6716505505,-2094.3220627,-0.7363601594,0.1515277018,-0.6392847664,1.4788094435,2350.3185707022,-5.5642754307,0.4851790501,-0.4224775254,-503.5030850744,364.8491885899,0.1780130293,3496.2143461619,-2791.3791246413,-1757.8798887473,40134.1667774531,-23.6185106551,4603.4467393814,0.9796015551,17786.7464905956,-1.2409151436,52.6707400556,-6121.9464147429,1.6435482207,1410.342459862,0.21072383,-670.9216991234,-0.7929632218,1951.2762036507,-0.4455811623,-34192.0404479887,4153.3388651943,9811.3132651398,1.5228390221,-61.7680160861,-0.4955676423,17.4258317154,0.8551317016,22.1218963876,-2973.1006966884,-298.0759397578,186.6363947639,-35.2170888574,-0.7324565874,5657.6718154111,1985.6947050483,-4926.5538290624,786.4841917014,-8906.2212719043,-5843.3336171877,1803.9705362766,-1067.2957332516,-6799.1962353429,3242.9158081483,2536.7975806509,-4308.4926550353,-2706.991444373,-3413.9397351251,-912.7874504438,-11.1907807187,14858.5779939006,-4378.5230016261,-12.0849603225,8588.9869227445,6955.1829887023,629.3342959987,4921.5392463991,3894.9272703144,-3198.5224491489,-6349.1635821412,-2496.6262688596,1697.5196995016,-5456.8083259756,4.1481430603,9833.6409698218,0.3902132956,6611.1280179005,-0.6549241181,3275.411895984,0.8559718567,1482.4866020422,1542.4279867028,-0.0728453278,13804.3103411917,-0.4262793601,-27378.4943934402,-8255.8552416227,-0.3126104782,0.8295436767,-0.7200682363,-2895.5799238569,0.1706086198,0.2460359906,-0.650112933,0.7687856822,-18093.0716289441,2998.2054306472,-8170.0254858377,-0.3890919025,0.0440833817,-283.3129683474,-213.6367680472,-2016.2758022597,-0.1009927985,7.1125797978,785.8036248415,-1.4773458484,-0.7036763638,-0.1352545621,-244.0803706733,-0.3092575841,-2086.4329344053,-618.6807702756,8877.2741110656,0.7272007781,0.4210632004,0.4995104935,0.1422570628,-1.213399064,3921.2090337855,-3.2034432863,551.9738002806,9.1770070846,-0.5343007621,-0.0032635876,8114.6048501557,-687.3409685572,3041.2116308144,700.1838276087,10136.8157122561,384.3924045854,5910.3223144102,-256.3077575621,-400.6690240374,-19719.7465484447,-830.0162013558,-8210.4573927769,7.7367390733,6187.3081665208,7757.5871432436,-777.9684175275,5946.572989769,-12010.2347589091,-4860.5643472413,-3451.4042665524,-2344.7543311409,-304.0354139757,1014.4756082788,-8720.4034831758,127.1870381824,2754.2986865127,5621.3802939238,-2677.8053155253,5872.3223472372,-2569.4601033874,-3065.2807488011,-4299.3622428809,-2800.9168748268,-9083.6937409224,99.797153154,46.1110867643,0.0784893319,10454.6933059494,20555.3595189605,3142.5739806598,-0.7599621427,-2434.6739703074,7516.6390166655,8502.5228310807,-11970.7577901983,0.2757314425,-0.6337401582,125.8215452271,20556.4664466725,0.6368940487,-2122.5850785802,13192.3728544502,7256.8115531799,-1672.4684555903,7993.6916661745,12077.6179967425,16533.3232368586,-23032.6013200589,2142.5429244699,-0.3602857581,-0.5253051024,-0.8456928824,1900.2288289489,8.3401356114,0.8770872824,-9207.9529186918,-4863.7590628088,-6137.0552113886,-0.7810164931,3.0726891073,1983.3884543556,-22022.8074271725,2804.8695202513,-2013.435533978,540.2821753542,8014.1570320494,2924.9038483462,-3834.0378468538,1745.942476984,6959.190857843,0.9171900785,5342.3599948529,9549.0803260895,-3642.6180544007,-8626.8083276817,-12998.7130091115,-3710.9390918154,3030.2329473305,4271.8911092646,4163.9248679623,241.2997045104,-1219.6201717336,-14171.6190820315,-6.4640861456,2750.15149761,-1688.8706339698,7400.2993939872,-3840.3591451491,1.3322052747,-1573.650676473,-9494.1042800955,5596.637279441,-14081.5107378589,2676.1144038108,7871.3868855881,1738.8911292182,10075.7690648624,4666.9282500352,-0.1302031095,8488.5906410991,918.4848575708,-9473.1643229101,-1.1341237095,4632.6085559253,-0.4264511399,2121.7489022499,830.3243534042,-309.4308126026,-388.7484427673,-0.5393134988,-1682.8082085404,-0.7324058376,3132.9324925142,2908.3068855899,-949.6102934554,-1.0442129195,-0.9930171533,-0.9338847938,5311.4765646936,-0.4305712838,-6128.8133742149,-1.0641833987,1517.4308523419,-0.930572385,-0.9716728346,890.1592389935,-6433.6759495328,0.5673609585,18.3428239793,5089.5210375731,1.1848540653,-7469.8982012224,-1232.9402139826,-83.5822671423,5218.7886525395,0.73076199,-5487.9339376499,-303.7445902772,-0.7543787663,-0.1934111368,-1.0144085751,-1.0789421064,-1.0116074164,16.9396114419,0.3294381062,-0.9977935944,0.2098056651,-5705.9890670509,-248.6903455739,-0.6494017954,-1003.7042802599,-0.6442633908,-8681.7630853531,2929.6540057277,-6767.6995298372,-579.5810971027,1510.3169976894,8172.3184383213,-8763.5624727797,0.5328177888,5055.7234149052,431.6500497712,2654.864438989,4308.1193220109,-4988.3722897289,-3480.3167922296,9412.3927920389,411.6899159756,7439.2766970576,-2131.5387499251,7027.9864663505,-6985.0487628525,6074.7458241239,1268.3168096729,9382.6563766102,-13393.2176364365,813.8569171374,-2384.3912425142,9523.9832685057,2149.9824337835,4447.3929412404,146.5107556177,2951.5844683092,1002.0043757226,3621.442398836,0.0807546334,1450.9551168575,3450.8745010456,-62.9969979166,-0.7539767173,1.2867333738,6.0046683623,0.2355597591,-0.9146259089,-2718.619275458,-5600.5774580576,0.6627809809,-0.7379205748,-13579.634384537,-0.3982189437,2.4188967261,-27370.1597870099,4846.391043218,0.6606833487,52.5358927183,565.7736317142,0.7262763372,-22566.4341908874,-27853.9188623581,-1.0368098877,6239.0760796045,0.1148263611,0.0811294139,4829.9342412782,-253.6245014884,1035.1653289325,0.9792973741,8249.4077211084,4.1466787488,-210.27107146,-0.9740978432,4341.8526766809,-12913.4354191107,1675.1563630542,0.3279817123,0.1223543098,-1.5444601822,2207.3297374474,-6049.8840177916,446.7297391817,-10726.1026910561,-0.0792151771,0.2588115166,4.3013665057,-3933.2014302092,-4306.5961953565,-2870.4043328569,-647.2277634124,310.8998720694,-8195.0881773305,6763.2783150811,-5764.2314567524,419.0024262496,-6840.1830429237,2253.3708116897,3410.3632209019,5066.0713023386,871.8877653511,11345.0461738457,-13321.2453448071,-6180.4015622607,10.17131716,70.5487384481,2762.5275412714,264.6175446182,-3369.6743971785,7870.9279335365,5795.2143957235,3498.7453144778,-5133.6962513259,2732.8622115611,-11526.0787097419,-2863.3967130156,0.1821293925,-2743.2848924578,-0.1463408465,0.4709220884,66.1315348,8837.7379587662,-49.8810751132,4669.9730185101,-3039.3837100298,0.3926822013,-0.9251162149,7734.0848507319,-5729.3499063741,-0.0628474762,-3878.5807957591,-0.4764103343,1369.0860869852,13448.8260754476,-3039.9106756924,-1.3117606048,-12300.6813762812,1.0235516491,-6.9256296091,0.2677337817,-1.2784481475,-17069.5335082863,222.3105897572,-11009.21391702,-0.45043631,-0.2033149384,-8836.4169258155,-6355.6419092226,-1738.1628666033,20195.964868432,-0.2630702531,-5606.798395497,0.8036269901,0.3823068516,0.0654512646,1387.0276300032,3211.5693618748,19793.2414547275,-0.9283710387,-1.056957585,-0.194324499,8051.0939808302,0.1875248731,-11.4341385491,0.0027352894,-5361.171655397,-0.045068414,-8748.5657075989,-2367.8052088351,-146.0241611373,2181.300232262,-20234.019178671,9046.7924396025,-2830.7936339241,7234.0435976976,-817.9663322609,-2394.7632021916,-284.274508447,2600.1099716969,16253.6692777823,-3704.8551461955,-2700.3296207375,1100.6084253698,17666.8487459599,-1442.306121269,2202.4255896617,2579.4332135785,-6449.8726933336,-12130.2880408039,522.3808629008,-4.7433258062,9370.0932794686,3202.5816029516,7978.0167229989,-1982.2338838912,-3684.7869656256,733.8814956665,956.3242976166,-28.2770621605,0.282332788,0.8068623455,4564.8131445674,0.2182284553,1950.3409534518,16087.7066312386,0.907386646,-0.9202483038,0.9917924044,-186.1600992618,-0.4181330327,-1.3807541713,-6966.9817306295,-0.2048097886,0.7925908568,4393.7172712087,0.9801583221,23550.8533594891,867.6239722786,1996.6510033295,4087.5335029023,-895.063560672,0.7063943644,0.8027897394,-5741.8265377171,-1.0488726585,-8983.1391894305,-0.5616804253,-1.8677280977,-0.0345665307,0.6574597745,-7667.1237502383,0.656151137,1203.4636719601,-0.8741040272,1058.6654772857,0.2027327624,0.1407380151,-629.924836148,0.1988932708,-9647.3595599808,-2.6079372908,17.9880964411,-3938.0486732679,6383.3911065411,804.3817354504,1606.8440747031,-0.6946511514,-0.5353802791,2167.5508581631,0.5641899496,3418.6754551745,3.4220047968,-1474.665831453,-3.1184186936,0.0770132665,-3689.0515908706,40.5938241751,199.0317449885,4393.2800426123,-5.1406539014,1474.4277520912,3064.1000891523,7.1473937114,5438.1075728458,-4975.7086757059,7690.5532033057,2181.6260117294,828.2012395413,-5441.991790087,4663.8484683602,3395.7437520986,1256.3496500765,-599.7176192104,-7669.1765912389,-1095.3428174259,4935.032918211,-4777.7518254827,6195.0222376649
##end
biasActivation=0,1,1
[BASIC:ACTIVATION]
"org.encog.engine.network.activation.ActivationLinear"
"org.encog.engine.network.activation.ActivationLOG"
"org.encog.engine.network.activation.ActivationLOG"
