encog,BasicNetwork,java,3.3.0,1,1425329014056
[BASIC]
[BASIC:PARAMS]
[BASIC:NETWORK]
beginTraining=0
connectionLimit=0
contextTargetOffset=0,132,0
contextTargetSize=0,30,0
endTraining=2
hasContext=t
inputCount=50
layerCounts=50,31,81
layerFeedCounts=50,30,50
layerContextCount=0,0,30
layerIndex=0,50,81
output=0.0755970016,-0.1889765586,-0.1253132202,0.0746529228,0.4687506867,0.1184894611,0.1672659912,0.1926956388,-0.2245164261,0.0339289184,0.0084702533,-0.0139731907,0.069605716,0.0384889633,0.3601359702,0.0000041053,-0.1998063462,0.0017711501,-0.2193782449,0.2960323725,-0.2895708323,0.2466110047,0.3269868805,-0.0755558927,0.5000584644,-0.1079840671,-0.0763758003,0.5324180519,0.4070072283,0.4992908519,-0.2161107969,0.2055460989,0.0168844598,0.1541163677,-0.0001016502,0.0111414876,0.3539759451,0.0949634688,-0.0001311568,-0.0562296059,0.4087924896,0.0828663454,0.2413013497,0.1124522331,-0.0790864312,0.118042282,0.5119120009,0.37068703,0.341687547,-0.109026894,-8.9645441723,7.5281776894,-10.2941546711,-8.7294401173,-10.1236220381,8.5936785791,8.8854407314,-8.9603802969,10.0056295317,9.0895136988,-10.6555198346,9.1026058916,-9.5976917853,10.3308004026,9.157554738,9.1674143629,-9.445087835,-10.4067727904,-8.226413558,-9.8809362524,11.024567773,10.0378100139,-8.847810565,-10.1254680055,-9.6829660225,-10.0016776688,-7.6317450074,-8.2414942278,9.0936569804,8.5922027314,1,0,0,1,0,0,0,0,0,0,0,0,0,0,0,0,0,0,0,0,0,0,0,0,0,1,0,0,1,0,0,0,0,0,1,0,0,0,0,0,0,0,0,0,0,0,0,0,0,0,1,1,0.0755970016,-0.1889765586,-0.1253132202,0.0746529228,0.4687506867,0.1184894611,0.1672659912,0.1926956388,-0.2245164261,0.0339289184,0.0084702533,-0.0139731907,0.069605716,0.0384889633,0.3601359702,0.0000041053,-0.1998063462,0.0017711501,-0.2193782449,0.2960323725,-0.2895708323,0.2466110047,0.3269868805,-0.0755558927,0.5000584644,-0.1079840671,-0.0763758003,0.5324180519,0.4070072283,0.4992908519
outputCount=50
weightIndex=0,1550,3980
weights=##0
##double#3980
   0.0003769217,-0.0041699952,0.001932272,-0.0080760858,-0.0027966755,0.002565299,0.0023252957,0.0005271189,0.0007627674,0.0032556079,0.0057912708,-0.0015730384,-0.0045798084,0.003508278,0.0035294012,0.0017094144,-0.0009219097,0.0051205047,0.0017675781,-0.0054470458,0.002823989,-0.0017929402,0.0017585079,0.0044038324,0.0079063313,0.0009465702,-0.0012587478,-0.0018324694,0.000178492,-0.0021931624,0.0349265709,-0.0045014484,0.0019455314,0.0077856567,0.0187486226,-0.010943816,0.0005658294,-0.009319545,0.0061627432,0.0067195386,-0.0073694096,-0.0018678252,0.0057024646,0.0041642939,-0.0041540855,0.0023339157,-0.0050125056,0.003636361,-0.0015333142,-0.0001493001,-0.0007979635,0.0008741187,0.0009945766,0.0107104752,0.0063842337,-0.0019879209,0.0051115587,0.0016794311,-0.0057918665,0.0005652185,0.0042793083,0.1617266826,0.0063388528,-0.0007881802,0.0033625734,0.009121074,0.0007077237,0.0036445574,-0.005229857,-0.000713777,0.0055283962,-0.0008351072,0.0007063788,0.0067717207,0.0032438096,-0.0032590375,-0.0031651679,-0.0026968526,-0.0012234391,0.0096835042,0.001864627,0.0048743287,0.0034140823,-0.0066723707,0.0022241806,-0.0076934441,0.0194061946,0.0023105745,-0.0137663952,0.0009925679,0.0049938523,-0.0030134,0.3027269126,-0.004442491,-0.0053680975,0.0051243876,0.008862217,-0.0038342971,-0.0073136823,0.001988189,-0.0051128819,-0.0028515119,0.0042982879,0.0015461258,-0.0112943466,-0.0027210528,-0.0016164499,0.0026108943,0.0066708839,-0.0006574999,-0.0030703115,-0.0048801413,-0.0014658738,0.0008467567,-0.0041749378,0.0007444577,-0.005231815,-0.0038271513,-0.0031979167,-0.0006209844,-0.0027122542,-0.0018924852,-0.0019338882,0.0112553589,-0.0016779095,-0.0001332312,0.0005804159,-0.0028862871,-0.0027045552,0.0148403405,0.0003269884,0.0033659905,0.0050888685,-0.008077328,0.00119532,0.0037807517,-0.0086761156,-0.0080457334,-0.0003130632,-0.0037469748,-0.0047226578,-0.0030193966,-0.0083030124,-0.0115207573,-0.0032286294,0.0016736155,0.0016474283,0.0032902354,-0.0026690062,0.0006862532,0.0030524258,0.002804868,0.0035442086,0.0024907002,0.1280413195,-0.0064782607,0.0003194945,-0.0056575192,-0.0072081799,0.0000087571,-0.0055216138,0.006338978,-0.0007626855,0.0006525732,-0.0018847292,0.0061631614,-0.0089407387,-0.0039462447,0.0022549041,-0.0108485189,-0.0009091112,0.0062346315,0.0151338051,0.0045169757,-0.0042684103,-0.0065184447,0.0079115528,-0.0064132317,0.0051877811,-0.0090394325,-0.0053967742,-0.0004579684,-0.0025846715,0.0035669697,0.0020289181,0.1088214957,-0.0032513655,-0.0022130413,0.0036314789,0.0071962124,0.0025245563,-0.0014748912,0.0014932168,-0.0044523346,-0.0017085303,0.0009063518,-0.0041589071,0.0069397191,-0.0078619513,0.0004564443,-0.0058479545,0.0094748412,0.011267655,0.0018192554,0.0031798669,0.0025628855,0.0051298919,-0.0027290015,-0.0102472305,-0.0047183592,0.002237004,0.0009690839,-0.0065074125,0.0080983469,-0.0007680078,-0.0018894082,0.1088313122,-0.0028498575,-0.0022461854,0.0015164832,-0.0113988762,-0.0021967731,0.0124844953,0.0016027139,0.0076604603,-0.0029045008,0.0005912791,-0.0059071074,0.000542154,-0.0060891306,-0.0118710833,-0.0069146976,0.0005849569,-0.0052190615,-0.003282487,-0.0023182662,0.0024936282,-0.0031011219,-0.0040604949,0.0040058879,0.0020286948,-0.0031234687,-0.0014573594,-0.012737001,0.0088781953,-0.0024585077,-0.0043984427,0.1473378192,0.0032639347,-0.0019757638,0.0119922086,-0.0055943721,0.0028567345,0.0021307511,-0.0026926738,-0.000629339,-0.0069513764,0.0030507848,-0.0015746663,0.0020540388,0.00722768,0.000012709,-0.0051083287,-0.0013539627,-0.0016636023,-0.000641771,-0.0021784921,0.0033485426,-0.0006950459,-0.0002440738,0.0001784089,0.0019897713,-0.0038814215,-0.0002223778,-0.0022587165,0.0009527462,-0.0038559901,-0.0079404753,0.1366135729,0.0014329095,-0.005794484,0.0067785676,0.006312093,-0.0057948402,-0.0045443537,0.0000527409,-0.0099468595,-0.0050600448,-0.0052037227,-0.0029718534,-0.0088464735,0.0000271685,-0.0042556537,0.0097588406,-0.0019485233,-0.0112987409,-0.0085650657,-0.0011579133,-0.0105066292,-0.0071166501,0.0030919077,-0.0103497865,0.0024076597,0.0034985001,0.0004651587,0.013106981,0.0079040861,-0.0006822453,-0.0000297359,0.1067700532,0.0002479712,0.0001547193,-0.0004448009,0.0000924319,-0.0007941907,0.0003293008,-0.0007806987,-0.0003158059,-0.000174173,-0.0007500368,-0.0005348416,0.0000945389,0.0004058609,0.0002316026,0.0001843554,-0.0000246022,0.0001371793,0.0000989159,0.0001309026,-0.0000569603,0.0000665326,-0.0001878942,0.0000104289,-0.0003562897,-0.0003452474,-0.0004266525,-0.0001586095,-0.000357921,-0.0000534496,-0.0000611847,-0.0092482447,0.0025261319,-0.0036529679,-0.0075469132,0.0002866357,-0.0000563168,0.0009482137,-0.0032375313,-0.0030241136,0.0027532096,-0.0006808883,-0.0002605449,0.006298357,0.008934727,0.0035108587,-0.002672143,0.0013300194,0.008735143,-0.0063272139,-0.0023150019,-0.0062077843,0.0005144704,-0.00586239,-0.0010565056,-0.0017406754,0.0004235821,0.0038396834,0.0000866983,0.0086082149,0.0014771131,-0.006610663,0.0541855651,0.0009167609,-0.0011047447,-0.0005512211,-0.0021088944,0.0043492769,-0.0005474059,0.0013531097,-0.0050220131,0.0012095276,-0.0060046324,-0.001776429,0.0055853414,0.0087751634,0.0125510099,-0.009057034,0.0049399619,0.006612669,-0.0036943361,-0.0027291303,-0.0039572972,-0.0016134037,-0.0019591851,-0.0122505609,0.0054342406,0.0089004327,0.0090890267,-0.0011784894,-0.0051848748,-0.0070934834,0.0026686932,0.1321733729,-0.0008958091,-0.0058063673,-0.0004353975,0.0063294953,-0.0110422409,-0.0075101979,0.0008307188,-0.0083124322,-0.000666732,0.0024159568,-0.0030075024,-0.0011019959,-0.0026060541,0.0020900029,-0.0031832646,-0.0005268934,-0.0060952123,-0.0085980127,-0.0028018307,0.0006608243,-0.0074744771,0.0010591974,0.0093308919,-0.0021674691,-0.0040585441,0.0037695184,0.0055623468,-0.0058584554,-0.0045624092,-0.0036176947,-0.0201379482,-0.0097790558,0.0143804795,-0.0025184878,0.0051772103,0.0007607577,0.0011001869,-0.0064679252,0.0025843606,0.0025488781,0.0101020396,-0.0010311251,-0.0040778018,0.0131328899,0.011102319,-0.0069269283,0.0012536425,0.0021554703,-0.0126417879,0.0045415813,0.0005887328,0.0041023098,0.0082492819,-0.0032714739,0.0154694984,0.0088557128,-0.0053575793,-0.0034376123,0.0012629238,-0.0014861077,-0.0025355517,0.2177258411,-0.0000013198,0.0000001747,0.0000010685,0.0000005674,0.000001837,-0.0000003336,-0.0000007247,0.0000002453,-0.0000009036,-0.0000006104,0.0000012761,0.0000032306,-0.0000003142,0.0000003946,0.000001597,0.0000009776,-0.00000173,0.0000004462,-0.0000001227,-0.0000001183,0.0000004997,-0.0000008044,-0.0000010678,0.0000010206,0.0000013882,0.0000009616,0.0000003839,0.0000005033,-0.0000003894,0.0000001695,0.0000269141,0.0003953135,-0.0034882422,0.0002647374,-0.0025565084,0.0079857404,-0.0020411909,-0.0004173677,-0.0016122944,0.0021397934,-0.0179450369,-0.0080847093,-0.0004750937,-0.0004123547,-0.0036098916,0.0012545769,0.0008231476,0.0061405704,-0.0023189665,0.0029433836,0.0133972763,-0.004222795,-0.01453405,0.0044767334,-0.005465605,0.0061213809,-0.0009661375,-0.004624627,-0.0086262164,0.0015873872,0.0101066551,0.1813515743,-0.0031665477,0.0021480122,-0.000839055,0.0015172652,-0.0055695268,0.000145081,0.0051579443,0.0031222277,0.0003648111,-0.0029407035,0.0074638514,0.0047484064,-0.0028583244,-0.0051083649,-0.004371897,0.0034007288,0.0043957572,0.0060753304,0.0005918188,-0.0022559297,0.0052439156,0.0013431984,0.0068840094,0.0025399433,-0.0045581993,0.0031846325,0.0060177852,0.0002659899,0.0019625123,0.0030491563,0.0743648365,0.0029666319,-0.002660996,0.0131404542,-0.0050333694,0.005878394,0.004669064,-0.0028956294,-0.0013808165,-0.0044242512,0.0049400658,-0.0016618895,-0.0004433444,0.0067794909,0.0004511745,-0.0057361025,-0.0007742965,-0.0002920901,0.0010773921,-0.003039064,0.0060109199,0.0015158445,0.0016774824,0.0016488689,0.0022716531,-0.005818798,-0.0022455264,-0.0006378023,0.0021733166,-0.0045791487,-0.0070163023,0.140103145,-0.00386423,-0.0042700747,0.000306944,-0.0071240878,-0.0006893067,-0.0024819392,0.0047602083,-0.0051954766,0.0092276597,-0.0063639342,-0.0046060349,0.008063499,0.0014469201,0.0047861746,-0.0051370869,0.0039618477,0.0029472335,-0.0029012071,-0.0034501567,0.0058559984,-0.0019590855,-0.0027223171,-0.0010754962,-0.0002477879,-0.0011969901,0.000007557,0.0055796444,-0.0069250082,-0.0061219222,0.006964396,0.0120624035,0.0032803659,0.0009931765,-0.0052417728,0.003678388,0.00288046,0.0022101824,0.0048848512,0.0009805499,-0.0055827832,-0.0059570793,0.0034900806,-0.0078622907,-0.0081637349,0.0005600393,-0.0043032892,-0.0039571114,0.0029768367,0.0020517272,0.0000590773,0.0049627909,-0.0017011172,-0.000020349,0.0001085227,0.0073137856,-0.0062427717,0.0004819264,-0.0073564274,0.0029590648,-0.004596499,-0.0035012526,0.073830831,0.004141424,0.005379159,0.0001930946,0.0007919707,0.0005917518,0.0023805698,0.00354358,0.0074033291,-0.0042124263,0.0048451704,-0.0009135594,0.0043302173,-0.0047038366,0.0058405927,0.0025856052,0.0024996677,-0.0012248198,0.0034617908,0.0005300794,-0.0000407089,0.0013294942,0.0015781328,-0.0003322164,-0.0043696166,-0.0009605008,-0.0012246848,0.0057869832,-0.0031171938,0.0024341212,-0.0016259777,0.0089006265,0.0047563172,0.0055697432,0.0021536636,-0.0037983939,-0.0086649653,-0.002846413,0.0009300163,-0.0098907689,0.0052901909,0.0022598364,0.0040617323,-0.000396433,0.0040499453,-0.0009395119,0.0036988245,-0.0094783203,0.0003239928,-0.0057116798,0.0050218948,-0.0016062566,-0.0006631334,0.0059169325,-0.0065601355,-0.0024385123,-0.0053745434,0.0009193913,-0.0057316526,0.0014858796,0.0029160118,0.0015430841,-0.0483032442,0.0079344922,0.0037864926,0.0007124612,0.0020252702,0.009420045,0.0000417341,0.0000906989,0.0120801574,-0.0053213195,-0.0017217103,0.0105207368,0.0055980648,0.004330369,0.0177489394,0.0018165291,-0.0042424009,-0.001503728,-0.0026157892,0.0004238967,-0.0085077453,-0.0045232831,0.001400213,0.0000570827,-0.0016554581,-0.0032942833,-0.0004115505,0.002163986,0.0005988995,-0.0032925755,-0.0099718322,0.2036325729,0.004662667,0.0124609386,-0.0044264295,0.0023141201,0.0091672776,0.0074695941,0.0031654222,0.0014814208,-0.0010862324,0.0147397588,-0.005941958,0.0196600276,0.0089744705,0.0028355646,0.000794811,0.002160787,0.0000327752,0.0062576185,-0.0022361507,0.0078835532,-0.0065332514,0.0013547705,-0.0069855544,-0.0065252644,0.0058123542,0.0032452023,0.0008306091,0.0071718327,0.0082566444,-0.0072843423,0.29798961,-0.0034203834,-0.0070375104,0.0003708867,0.0029555121,0.0034877478,-0.0025307424,-0.0018109282,-0.000888828,-0.0041262057,-0.0078002055,-0.0051264645,-0.0029406505,0.0033236891,0.0017865549,0.0107105217,-0.0012278974,-0.0060048405,-0.0002825941,0.0037909723,0.0051917705,0.0015378863,-0.0031080309,-0.0081283715,0.0000288676,-0.0009627416,0.0063844137,0.0072512087,0.0017719757,-0.002079826,0.0011037938,0.1194312364,-0.0022552304,0.000782498,0.0007653201,-0.0002447685,0.0094648484,-0.0024986321,0.0015447802,0.0012406733,-0.0001409544,0.0003152569,-0.0019341929,-0.0024150301,-0.0023629717,0.005391918,0.0057548841,-0.002893995,-0.0037775403,0.0017820273,0.0026696653,0.008064731,-0.0007483342,-0.0033090104,-0.0002488292,0.0000895436,-0.0036066194,0.0043796004,0.0015375849,0.0007489428,-0.0001286987,-0.000609374,0.0711845241,-0.010531733,0.0112195004,0.0049562406,0.0082314443,-0.001242681,0.0038758586,0.0046290026,0.0094650445,-0.0040618773,0.0091151371,-0.0018833087,-0.0029190745,0.0079629455,0.0046561748,0.0098850288,0.0071892159,0.0027585671,0.0055146338,-0.0087474648,0.0021801186,0.0038585505,0.0015269612,0.0024402578,-0.0112634919,-0.0010566027,0.0016381706,-0.0038192347,-0.005908282,-0.0027026588,0.0008436579,0.1387422268,0.0086694315,0.0008675639,-0.0052894212,-0.003600811,0.0023127531,-0.0105212539,0.0006338937,-0.0033462579,0.0008737012,0.0048070214,-0.0037507525,0.0018589075,0.001202779,-0.0103592424,0.0014943768,-0.0076475312,0.0026036425,0.0033542994,-0.0004430005,-0.0068107423,0.0005416809,0.007639902,-0.0009022079,-0.0015460531,-0.0055754512,-0.0033343284,-0.0087929472,-0.0121630114,0.0079816971,0.0044579656,0.0528800198,-0.000881162,-0.0124893938,-0.0013190614,0.0024735308,0.0048922174,-0.0079159889,0.0001984958,-0.0027728674,0.0109589919,-0.0090761073,-0.0067349572,0.0082584034,-0.0024691287,-0.0149368561,0.0014001614,0.0022980298,0.001377616,0.0005620165,-0.0050252282,-0.0014689491,0.0089884246,0.0101585085,-0.0081543283,0.0054836844,-0.0057972528,-0.0005665098,0.0111310675,-0.0149974481,-0.0068076402,0.0102502016,0.2257062053,0.0069991225,0.0059228144,0.0085457494,-0.0069304554,-0.0030762277,0.0060484475,0.0069383571,-0.0014507424,-0.0030733152,0.001522793,-0.0023712615,-0.0094457732,-0.0089101641,-0.0087809331,0.0024096668,-0.0021809437,0.0075551635,-0.0018466894,0.0081148143,-0.0095421746,-0.0040127248,-0.0078057611,0.0096555724,0.0048988254,0.006093443,0.0124370049,-0.003368077,0.0024254253,0.0044538579,0.0018393034,0.1561030232,0.0011646488,-0.0007706714,-0.0012225218,0.0045678,0.0072079737,-0.0076739587,0.0087435623,-0.0021235298,0.0053532418,0.0007475809,0.0025267817,-0.0016966495,-0.0078386765,0.0025908933,0.002194277,0.0065982261,0.0022091965,0.0114247893,0.0054458941,0.0066100295,0.003568847,0.0012129867,-0.0020140227,0.0038415352,-0.0098187439,-0.0147013676,-0.009584869,0.0030680183,-0.0035353537,-0.0002387121,0.0543613714,0.0035317724,0.0061393781,-0.0015907725,-0.0062588318,0.0028661866,0.0007580764,-0.0096152123,-0.0021553365,-0.00170707,0.000251765,-0.0054791863,-0.0065557845,-0.0093912464,-0.0081884791,0.0013103621,0.0041985551,0.0011357077,-0.0062990564,-0.0011395224,-0.0029345738,0.0015756202,-0.0044862178,0.0034781369,-0.0018283857,0.0066128914,-0.0056659826,0.0110907096,0.0096653476,-0.0013548138,0.0061124054,0.0581801023,0.0011985698,0.0026542552,-0.0118106174,-0.0024774603,0.0021564706,0.0041818598,0.0035879683,-0.0045596059,-0.0024317661,-0.0014494549,-0.0056479135,-0.0065732928,0.0071800602,-0.0088055826,0.0076018687,-0.0037679405,-0.0033143787,0.0046896478,-0.0038242176,0.0060268947,0.0009067796,0.002962126,0.0080594107,0.0012258939,0.0024845119,-0.0055699446,-0.0135820031,0.0009242758,-0.0097255517,0.0040550795,0.0922891704,0.000004215,0.0000006068,0.0000010528,0.0000005195,-0.0000031429,-0.0000007054,-0.0000013745,-0.0000001311,-0.0000005696,-0.0000035168,-0.0000043978,-0.0000002529,0.0000019447,-0.0000006739,-0.0000006212,0.0000039208,-0.0000017927,0.0000037924,-0.0000021048,0.0000018029,0.0000034698,-0.0000014139,0.0000025414,0.0000017834,-0.0000000389,-0.0000041848,-0.0000007487,-0.0000017647,0.0000030245,-0.0000026279,-0.0001071966,0.0059904598,-0.0016404255,0.0062018357,0.0058995379,-0.0036878193,-0.0024335253,-0.006986445,0.0028149123,0.0025285143,-0.0039210923,-0.0013150569,0.0062858587,-0.005564886,0.0028046519,0.0000381576,-0.0002713053,-0.0035526663,0.0053218049,0.0032822574,0.0081183093,-0.0005454718,0.0045312743,0.0039771291,-0.0025962517,0.0031836699,-0.0045973791,-0.0046072617,-0.0000645331,0.0059634985,0.0036148798,0.0846168402,-0.0128581394,-0.0020064289,0.0056241666,0.0118549369,-0.0035987239,0.0046490752,0.0028911637,0.0062561252,0.0028738505,0.0076793721,-0.0038600311,-0.0148892786,-0.001176802,0.0024278056,-0.0021817312,0.0120655609,-0.0032137945,-0.006237817,-0.0050703985,-0.0056435214,-0.005169547,-0.0004617445,0.0068593263,-0.0014669974,-0.0034155832,0.001134669,-0.0019245199,-0.0017801309,-0.0005342942,-0.0010603427,0.1156222123,-0.0060067483,-0.0097555729,0.0031794072,0.0010790977,-0.0047757453,-0.0046560895,-0.0089801651,-0.0008705802,0.0035821191,-0.0047957023,-0.0060187276,0.0051217326,-0.003347527,-0.0042237031,-0.0080626115,-0.0106824064,0.0029085861,0.0078104823,-0.0062663527,0.0047584857,-0.0042107658,0.0044392463,0.0028074668,-0.0026579388,-0.0036073444,0.0024833865,-0.0014616272,-0.0153559159,0.0039116175,0.006473599,0.1656441968,0.0115063341,-0.010361232,-0.0010739718,-0.0029730768,-0.0024760148,0.0016419093,-0.0008616992,0.0030734382,-0.0035524589,-0.0039722705,0.0082447409,-0.0036454963,0.0096469639,-0.0012015054,0.0032927357,-0.001160629,0.0013929587,-0.0044030821,0.006478539,-0.0032406984,-0.0011245452,0.0062758575,-0.0027110678,-0.0107365309,-0.00569323,0.0078506441,-0.0006998254,0.0078457328,0.0067986645,0.0082979871,0.1731037096,-0.0003686729,0.0010472035,0.0037494675,-0.0008173597,0.0011088652,-0.0003011215,0.0012320832,-0.0031678056,-0.0049142104,-0.0042649668,-0.002009423,0.0010603041,-0.0041644005,-0.0020456391,0.0004957535,-0.0014276835,-0.0005935024,-0.0022232622,-0.0021344176,-0.0081068867,-0.0042497369,-0.0007000036,-0.0005104413,0.0055619578,0.0027825983,-0.0016409251,0.0077467096,0.0059077631,0.0040515405,0.0004646091,0.0418919389,-0.0062603998,0.0056593717,0.0007149587,-0.0071579018,-0.0019086626,-0.0038210172,-0.0058761937,0.0000930473,0.0054576174,0.0085327,0.0016744812,-0.0004649836,-0.0014315021,0.0003685928,0.0017887776,-0.0013406328,-0.0035185606,-0.0062671122,-0.0004181808,-0.000803508,0.0070034266,0.0038591749,-0.0027541813,0.0044121645,0.0030302495,-0.0079077598,0.0010599224,0.0115160553,-0.0053075519,0.0014475633,0.0733772922,0.0045406119,-0.0059120977,0.0006925526,-0.0089580454,0.0036799994,0.0035933615,-0.005542733,0.0012892738,0.0020733832,0.0001908767,0.0095630238,0.0005784469,0.0017094426,0.0054252113,0.0044012679,0.0036438099,0.0048694514,0.0006191893,-0.0034921118,-0.0103002295,0.0000477442,-0.0013996115,0.0051569833,-0.0008621627,0.0020169978,0.0004950913,-0.001307944,-0.0000919677,0.0046250746,-0.005344316,0.1149459413,-0.0003224257,0.0042913915,-0.0009410864,0.0024845639,-0.0010300325,0.0026804143,-0.0004176007,-0.0012869274,0.0048224672,-0.0030017366,0.0043121099,0.0066979301,-0.005017223,-0.002899401,0.0033872717,0.001416683,0.0036498962,-0.0008268667,-0.0038564667,-0.0039292199,0.0045888301,0.0028595421,0.0010828622,0.0040056684,-0.0048058644,0.0005937168,0.0039987414,-0.0012888905,-0.0021016725,-0.0013375635,0.0146960426,0.0132154567,0.0088578744,-0.0113740399,-0.0036339117,0.0004548674,-0.0022177055,-0.0137725721,-0.0029534433,-0.0024938561,0.0104071505,0.0141488517,-0.0089233153,0.0072028061,0.0032035593,-0.0042447382,0.0017612359,0.0090387417,-0.0080385125,0.0030576149,0.0071749835,0.0080258568,0.0024079466,0.0036324125,-0.0074893187,-0.0044360602,-0.0015260712,0.0019192772,0.0068213053,0.0110807742,0.0043462554,0.1720698617,-0.0000704917,-0.0006772321,-0.0027016296,0.0002088,0.0090153828,-0.0062680976,0.0058779012,0.0004760404,0.0086150648,-0.0082139191,0.0028790995,-0.0097921179,-0.0032486018,0.0045857214,-0.0006090523,-0.006951602,-0.0016195933,0.0115696987,0.0024819851,0.0025872638,-0.0044263682,-0.0049061982,-0.0144179682,-0.0011951425,-0.0021176277,0.0016064681,0.0038701363,-0.0162422798,-0.0047946612,0.0008916411,0.1322330982,0.0053373121,-0.0132689071,-0.0024536051,-0.0008089083,0.0021871199,-0.0030263476,0.0054851449,-0.0048742323,0.0031135789,0.0093814442,0.0043302924,-0.0011306599,-0.0008361873,-0.0013730276,0.0064329882,-0.0023586141,-0.0082875596,-0.0027180543,0.0055187782,-0.0074417457,-0.0023035025,-0.0081562878,0.0082563219,0.0037258277,0.0039239817,-0.0064606978,-0.0044400761,-0.0028336767,-0.002855514,0.0021481016,0.1050716956,-0.0034578882,0.0046622802,-0.0106737141,-0.0056944405,-0.0052180434,0.0065527595,-0.0061817153,0.0092596183,0.0029099373,0.0055064746,-0.0017678169,-0.0034583051,-0.0043267182,0.0019455269,-0.0036523533,-0.0010367697,-0.0080224472,-0.0045882435,-0.0027490046,-0.0028612243,0.0058596844,0.0042609568,0.0013294862,0.0019265614,0.0071644576,-0.0045666352,-0.0006507929,0.0062515508,-0.0033619635,0.0027106225,0.0568181785,-0.0028517267,-0.0030970172,-0.0037674655,-0.0019377991,-0.0038008902,0.0091507428,0.0009025449,0.0046642907,0.0012311728,0.0002224456,-0.0000798915,-0.0020448636,-0.0025454421,-0.0001558928,-0.0041627663,0.001014822,-0.0053256401,-0.0027821475,-0.0029666219,-0.0026371561,0.0005456452,0.0038126993,0.0021269979,-0.0010310296,0.0012323007,-0.002249252,-0.0043137039,0.001160561,0.0033355606,-0.0011613896,0.0189176005,-0.0047934495,0.0025211087,0.0016600364,-0.0050158747,0.0008418784,0.0012423293,0.0041529982,-0.0017790482,-0.0031610277,0.009700338,-0.0038221501,0.0125658191,0.0023410686,0.005346778,-0.0009228598,-0.0049954342,-0.0068389689,0.0040801834,-0.0002265829,0.016952191,-0.0007546852,-0.0090713349,0.0001609194,-0.002869793,-0.0110294395,-0.0019093392,0.0105926322,-0.0047986164,0.0045820564,-0.0051295768,0.1409248084,-0.0031688767,-0.0031535449,-0.0013879084,-0.0010941159,-0.0014035291,0.0005355398,-0.0006979126,0.0058182367,-0.006808894,-0.0067321811,0.0060227117,-0.0114324002,0.0054297139,-0.0095168226,0.0041165439,0.0114801279,-0.0061444607,0.0064016617,0.00207764,0.0018490911,-0.0008544469,0.0047844864,0.0016298936,-0.0149642753,0.0075891013,0.0083078515,0.0044584803,0.0027050075,-0.0008579695,0.0087140474,0.2211080615,0.1491562669,-185.4269054998,-9879.9111366355,-2771.0068061665,2612.7044530315,4264.2843458425,6826.4909826622,0.670181868,-8069.168570328,-4364.5117342806,-0.6954480891,5801.0709952716,18839.6101778269,-0.2889779684,-1.0838983117,-0.784327356,1031.19024515,0.6686955447,-8069.1673782697,13410.7425695325,620.2741269496,2132.4751330048,3.6023391708,-0.8432542214,-5728.0387795412,-10.2190034955,-0.2485389237,2434.0329822064,-0.3700883822,-0.1069325781,1.5199521944,-4547.2091273281,-0.1295403645,3466.6679891732,0.12036247,-15768.9078183353,123.1496266923,368.7670042705,-0.8853915819,-1.0151779486,-0.556855074,-3497.0402848819,-9987.6724382883,0.6145455325,7758.3813957073,-271.3167477434,1346.2040347476,18508.8771532024,-12876.6250627452,0.0470306097,0.452808535,-2500.8829047586,1563.2786518454,-1104.9059167032,1065.8409997379,14636.8387524255,-32.0084571839,5508.2878683056,-10804.6896137191,430.1757903368,-141.6770378353,15409.677065646,1981.9798853989,8530.2909202834,2083.1125242149,-6852.9120465153,4730.4264722763,2137.891129049,-1701.9532886983,-119.2136202699,356.2414698608,-31.5928220919,-4158.2068472749,-18.4438659871,2345.2540437288,4731.3405113855,10437.7246194816,381.1063155157,2692.7634268375,5326.7457418321,2354.4648545208,26462.6554058934,397.6698128679,4982.4017337283,-176.6725010362,-1.1150442265,24492.8999467225,114.3140164224,-8.8017618047,-0.3048267839,1836.4632742829,0.0444704025,0.0881774193,2.3806018134,1136.4198399142,6373.7886256796,0.3208071198,-5572.8580191481,10263.0960616592,-0.8685454955,-169.7327541958,-1678.3609010025,-31.5712885871,4122.5875166659,0.6337367224,0.5976680459,-1649.4267705687,0.1170877503,583.6180170535,4.4659827967,-3.3239773188,0.0800156946,4202.1717843144,-4506.3995676887,6561.3688435605,0.761282022,4734.0105289914,14.5419212359,-2629.5903996627,-75.1138737843,-1.1024605658,5017.7411138842,15120.8800780679,-7028.2150947128,-2315.5019856818,-0.8466871356,26104.9398463929,-3691.5536559518,-3029.6045214635,-1049.1565451251,-8015.1844972806,-0.5062249963,1055.1730395955,-3918.8862172985,9677.820028892,-11313.7355317524,-9510.3379582911,1707.3756567771,4709.0473730577,-1737.918072055,15023.6924084748,16198.0543235121,-8180.5951657461,-1150.4650597262,2121.0380709789,1.1879741416,-14501.2160008586,2468.5441393382,-4890.8006564349,-18771.8109356676,1048.8579166799,2921.9800164249,5779.8123338138,-398.9165140284,1101.7093566373,-2785.3253370306,-5303.0286229551,15129.0838890976,3640.9194859787,-394.3991951092,99.5488088061,2215.6773082274,18213.4400798521,390.1604363958,1847.7077558263,-0.2037864669,2919.0408426422,9.9826063125,-860.5634187916,-1019.2895616616,2728.3935661775,0.6539126093,0.2164150936,-519.1338955001,-3884.5293510911,-4466.6415865446,-13102.9479520171,-0.8648962626,0.195110027,1449.3689782015,2729.1856432546,-760.861877242,-8242.2724284643,1627.8981707117,1991.2302519869,0.4498265394,-1.7543273298,-3.5518566451,-2815.9535140598,-50.1626040948,4913.9502113589,-666.1165962093,1.1939212219,734.4245372139,1.8279995137,-31900.0200219658,0.1654800788,17343.6858429874,-2493.9309713204,151.9241935129,0.8868430039,25456.4570094292,-6299.3932362247,746.990162409,4441.0093554391,1374.6111744577,-0.9118076475,-0.3724582174,-1022.8698763567,0.3243832594,0.9235703226,0.7173812654,-9.3918270823,4060.640465058,-1317.3714002378,-117.2614484095,-5749.3914351792,5240.3087171743,2164.3159923779,8591.3036703203,2988.1537440607,-9255.4489264159,5021.447263171,466.3703132185,4.7500409073,4290.8189052029,-108.5845433477,102.8876546862,7329.1531403958,-1006.4560606819,-11322.0482116645,-916.2894299889,-10433.4760814609,2002.7202956689,1747.7152076695,10256.5686476236,-5817.1066392685,1139.3396635289,5160.4232146277,-12347.0839232539,-4294.2876338084,1.4485679026,-2275.8238623493,14180.048772327,29430.47033757,-0.3436355197,11497.7080855068,1.1086786245,-0.2488660201,-10087.1230944822,-0.6401432618,-5609.5091167833,0.3433536648,0.5338684049,-0.0503558667,-26532.5936203144,-1.2326886471,-0.0287696132,0.0854024962,3635.1621552594,24.4507364642,-5608.1005519828,-0.4330691044,-0.9648485348,-735.817643137,-788.2057646419,-0.4881207301,-4207.464214357,-2682.3058557336,-15758.8436734576,4227.7984443412,-9375.3042180734,0.1510436405,-2732.0313974233,22.4802499411,-0.4563443068,-782.9051351907,0.2861855276,10848.3582569417,-0.5652593916,8888.9543229823,-0.3378354716,0.0491084402,0.3693008603,14198.5217317615,24923.6061387411,0.8484390355,-3563.4629335492,0.1510490188,-1870.7053841946,-8130.4295332694,-0.6769312155,0.1468026086,0.5147810692,1013.4635285852,-4177.3395935249,-79.2390193555,-3716.6268117965,-5280.1322045376,5074.4824769028,-4724.2047580609,-2672.9571263515,6508.6195041606,-5580.8808311489,8536.9216403324,-10226.1060007439,-1224.3746105603,1787.3830185137,3571.2055937205,1364.9633456639,712.1035387851,-24.8864625159,451.8229848905,-373.3165988901,-3300.7878531857,-59.8964059676,957.6827683505,-7808.2737888243,-4156.5550107216,-1.4152666896,3734.2148806796,3236.3404349242,1657.5316361801,-3455.4918166099,-11905.3599279826,-877.8956640342,-22407.5191728662,-929.1490798518,-0.9121715663,-0.4630693864,-1.7272154126,2787.7676203018,0.245248926,1143.8930741924,-0.7521521226,-9005.2785907982,0.2661258433,3875.7684911508,-0.5144233482,-0.1160717376,-1.4271172678,-155.4886759775,0.5481773698,14989.8439350277,4120.1241257801,-326.5234624739,-561.4765382731,-0.3176913298,0.0836145517,-0.579495391,-5665.854068678,1.4963477527,-1264.6788437581,-0.1364165777,0.7305960313,-1794.8512077401,-0.4205008374,-0.6384442403,-0.9757063082,-24192.1851750598,230.158389128,-1.4609088364,3303.3565697261,-0.2067969326,5.6089802432,-17621.3437689032,-13838.0602451426,0.2850794921,45.2277896696,-217.3630414888,0.4041225348,-7961.0425449753,0.0918892769,-0.7113727383,-0.2342842883,2272.9237955923,-10161.6727117421,-41.5466838256,-784.537471244,6333.8330583284,-2673.1023745695,-20.7150430147,0.2387053404,4929.5009552078,1341.5991543191,6811.5720439806,-1113.5910528784,126.5975524815,-6095.2208754226,3005.6176272652,-11014.0288453338,1239.7870621821,-7693.9431017921,943.8149617868,-11171.8810480305,-5681.6569337612,866.8536277073,-3292.3722562416,-7241.6115815647,-3389.9651066454,-428.044169137,-520.8840729289,-1872.8844735592,-1212.4478218651,-6280.7662604333,2394.1390853915,-3667.937774106,9073.4488951789,2493.6011878956,-1612.182880343,5.8478587116,-8004.692220959,-253.3980666869,-1.3268995875,0.7307716203,-0.5593624299,-3.3638613811,0.6562076923,-0.6260160501,0.9770049956,-0.2039535504,-0.5047895624,-805.4406183269,0.3442997265,-4.4620026591,44.1781144349,-2.1774133521,962.9004794106,-0.3582897145,3.1931851829,-0.9575390322,-2610.4243996167,0.2098653514,4008.8974452488,0.9376698698,0.4220248203,-1.0749728529,-677.4978010071,-3643.5191011577,-0.3433294513,-10357.4351479601,0.1033035976,80.6561372652,0.594938711,0.6644893569,-6636.7026779783,0.9365340617,-5310.8362915049,-0.50852296,909.7643237867,3.0944946996,-3619.1466867403,6858.4832390262,0.2969701466,0.8913288898,0.5363754518,-4010.3454500528,3730.7083472049,3205.6654333278,-6032.8107525567,-973.6740596591,10164.2426691453,-1625.7474917887,-6.3839998813,-40.2372278081,8465.8902717045,-2908.6394509031,-2363.0745905702,1044.3338599037,6414.4607426389,707.7639491266,19717.0451970082,16.0540909191,7945.8679877352,1819.5100053875,-8486.1973786206,300.0320573268,2538.2466188366,7432.1043321649,223.6780237402,-6446.3486649616,-826.2143133226,-656.3306177455,-3040.7775206414,-6945.3192614882,-11512.4085730856,-6211.5063439366,0.0289340189,13372.5377716726,531.4229696826,-1.2531713872,0.3526407597,2376.9377835275,5757.6107882126,-311.1441935564,0.6627707147,0.7833067625,-841.1872381439
   -1951.9035449059,12412.9758373254,-0.7452409611,0.1653885729,-0.0899884828,9426.1246432758,-312.3358575894,-0.5766398,30763.7283843641,-1.5573107672,-18.9392115029,-0.2900028933,6868.7132598957,1336.8827076267,-1.3607810739,-2023.0321117414,-971.1276643945,-9375.9618970844,-1.5258064173,-9721.6686325373,-3035.1546451905,-16961.0120287016,-0.4954656601,-12156.6905597429,-0.1656519193,956.6368381632,5246.35186428,-0.2764916085,-10.1706258413,-2958.9664216838,-11.6100808888,512.12465045,0.1309194175,-8381.0020906374,26.1955180823,-2278.0241295436,10041.411290126,-414.3217568261,-1.1405612193,18105.088686221,16444.0294987531,1794.0043980448,20908.8030924587,11.1191303921,15337.2875987121,3155.3234012583,-11194.4414520287,2255.7362676941,53.3494306605,1118.3220890662,-4896.5696229574,-1968.5012002727,-2167.1423736173,46.3156079709,36.9256020774,-2873.7536587775,13907.7657137806,-2075.5372226472,379.1094224477,-7591.9117250074,14052.9518769934,-5839.2917370496,-180.1598658538,20924.9177412095,18688.6847983867,-2723.7068225957,-20203.9233533246,-6737.8461023407,3957.5719249143,639.316187277,-4073.8369383131,6161.6174148069,-2.543105369,-0.4680069342,0.2532359458,-17394.1932232766,-0.6740269428,-0.3181819997,-0.4042538035,-0.7625654357,-0.6578716213,-0.8444481301,2.5064816784,-1.7505024567,0.7826139318,0.4475697114,0.5602971713,1.2970110846,-79.3392176356,619.8249222338,-9155.9422798653,-651.4715526014,0.3137571627,0.3328438076,-1.5114690068,2056.9413702844,-14721.6942035765,0.2345831669,-24.6430244855,-0.5919790807,8.4977285374,0.6890172898,-2.1721679468,-0.2051372646,2190.0648122467,-9.1413938944,0.8566670634,-0.5406710032,4395.7071710562,0.6686916665,0.3206430588,-8160.5633374085,3207.891236037,0.4622026234,5215.3734979018,0.5972430077,-2188.6738672953,1961.8471161451,1052.6927455656,-0.3714218229,-3729.9202484745,-10942.8012226264,1073.5523596916,-4921.822159085,5.099806007,4006.3257142548,-6533.2673907416,-21267.6972536605,-888.2386226817,-3577.9989794023,-5596.2010770634,9.2190288542,-6573.6174832841,-628.2357413931,-4.8644285096,-996.0740654921,-2979.0324854309,1693.4861540795,3101.4558288385,5258.6587454859,-9142.5195962397,-11314.2074617172,-6077.9923549833,-675.5048339826,6499.9685545009,-5823.5347746247,-0.4769055084,7412.2999289263,-3374.7722896503,6900.763559963,-0.6761302898,1.3625480706,-3.9438563837,7.4889239493,-1052.2321626667,-3674.9351418193,0.3180308064,-0.4506948709,-7530.9031429634,-0.7415307635,0.3098695359,0.6484346744,-1671.4322029365,-20.3286559913,-0.5035975096,-0.8307619359,0.2082285544,-4199.7451481301,-7531.8274752199,-67.321134539,1774.1969328293,20018.6293191009,-2970.1980439051,-5.4629759098,0.1768254004,-0.6757110343,-6475.3792610139,4775.2849947574,-3580.2170089361,0.4057137955,-4894.8998080819,-0.0377665361,-1.3199093093,8597.8579083091,-0.3886308327,6966.8396438858,0.0345781372,-14.0036251202,19.8702438629,-11954.7871941135,-0.7626053747,8815.7001958619,1164.8501836722,1.0917896919,-1.0224845224,0.7671916265,0.816178276,5508.5736059795,1584.1959637028,0.5660585832,-0.139893153,13307.5674128193,2983.8033090148,-8281.346825531,-897.1017093531,1074.6618034071,-7319.6091781661,-2861.8543181232,-1626.8393342181,95.8966301906,6465.6122928443,880.5937886292,-5729.1450215022,14846.3826908732,-1826.6474388672,7606.3662585306,2157.2154916435,-3146.4042833573,4225.9492195399,-3600.5002255704,9259.720502003,-9433.434739548,-7057.061463504,-0.4973464122,-268.3628648686,17199.0081331883,5391.9719610902,11.7177154017,-16.3415309999,-4775.9287059524,1900.2115078312,-4235.1082960656,0.8883833473,2947.4184098925,0.6704533919,3762.1969251474,17.4545559114,1977.6640940328,-1.2909978404,-5.8461286108,-0.7829957756,-0.5690349179,1.0331429399,2.0117093454,0.6811248382,3.6866029933,0.5590390666,-0.9945450489,16141.2749494391,-7.2000493532,-0.1270782252,-4586.3927260644,5832.1755226538,29511.9462322507,-2382.1198660018,3080.8695389202,-17905.9280524252,0.838795996,173.5920922353,9746.0172790129,0.2644987134,113.3695140518,-1.1335875959,-0.1517915624,9115.3274854896,-0.2781807202,-13.5990979913,4.1025969783,-11927.1107080065,-0.779554487,-0.4782354382,0.2219593026,-3864.3333177539,0.5561893499,0.7392272595,0.9262317057,7702.6085421434,0.3668348442,-7.0456693659,-0.9230446008,-6151.1201037109,0.07901626,-1273.7554002996,2695.7071092972,5227.1223746312,-4582.692756605,7355.9728028204,-2049.6932131615,-0.0215790571,2.8669857358,-5237.0787367629,-8999.8587671394,5652.1717651712,-4219.5481642739,-1385.8171784368,-3402.4089742683,4385.7490376927,-9044.4466915036,-0.1061906503,-2075.5147069183,-2624.6639353417,-1782.0226295141,7043.844565235,-11522.128779684,-15.6152908815,575.1259243088,-10151.5312902932,-5328.9859244047,3346.3700404988,6441.0445018251,5202.4914018882,-2873.8628247424,-14199.9825667346,-0.1518390479,-6807.0214472126,0.044134353,672.9368160291,0.2495484931,10801.0111148423,-0.5859223073,-1865.7952053671,-39.4193513575,0.6158472692,13479.086903509,11561.3378670042,0.1375086774,-531.9830860458,-0.9286155326,5473.5274721826,5.3762700379,-1866.150664264,9513.1581350921,-5618.9803960938,-8936.7194035181,-1775.128208919,0.1062441999,-2677.7572394194,0.938347074,29263.8820058031,-8916.1736731328,-2950.344602391,-0.715595329,-9093.2916131105,0.1275743333,0.0650804724,0.1601867986,-0.8475736329,-6205.7615531783,0.5800191764,-601.6723755512,-0.409806844,-2924.587125382,0.2387684559,-1541.5187092617,-0.2641551205,-17.0515522176,-0.5200233809,0.1837541798,526.5619254307,1336.861349469,1.4497412843,1.0101945761,-1.1689711586,1924.4921286357,-670.0094511931,-9030.1490809216,3184.698669656,36.0079646147,335.2550580129,-4289.8999499507,-1.3836658673,12044.902396722,7872.1943579669,19991.9935520958,-5043.7498112603,-3980.1521506944,-2548.4850326978,-5253.1814526377,-3095.26419521,577.3493624547,-4880.1611684746,1999.9194620845,-0.6642064716,-1762.43483382,-551.6546339022,15229.4386161692,-1710.4946469197,-15944.9234591263,5595.9722658892,18.123458555,-2601.135715627,758.2659906016,-6194.5941906954,-2946.0982385343,21.2382536575,-4294.8219849973,0.0279311033,-0.3361824325,-0.1449640412,-2665.4256688134,0.6290673122,-2566.5891929022,17.6949341054,-0.2233412664,4850.7943712362,-17722.9050060089,-1.0281574462,1.269571136,0.0619048363,-4.4341916306,94.4094698141,-2565.3831861122,5815.4401750346,0.3311307832,-147.748604172,2567.5797961602,0.447703158,2169.1052876464,-0.0775012529,-14161.7655629509,19783.2768048882,-761.6858462161,-0.5137874316,151.1723488263,-0.9776701581,-189.9628182828,-575.6232415433,0.0465802722,99.558080201,1.056340334,-26.6286599861,19123.1547046691,-0.5774702354,1.324829885,99.7373257416,-13729.5556275059,19.3791971601,-1880.2551069767,-0.0408687286,-0.2753696422,-14.16851486,-0.4915948329,1033.2976300561,0.0091416769,1043.5710201956,-2080.3080546119,-6078.6809323481,3102.712596334,-635.4270916695,36.0920396267,-89.897947555,-3699.6824509534,-1.099187436,36.1754464844,-4106.1591949036,-799.2755991366,-13960.2591438206,595.9227831746,-0.4796876199,350.5958757929,4102.0793320253,-4118.2474840806,1209.909140897,377.3659336104,4973.8202898333,-3773.8442735877,-5.160799095,-2224.5989870711,-12351.8884159951,2395.4277050574,19.7085060073,5750.4490406895,-1276.5344665132,-14893.3195778874,-1541.3390007664,3711.916134024,-27.5281388267,-0.8615065258,2440.4731281426,-1.1784629083,-1530.3679411979,-1.2282114675,-0.5111333657,21145.5918700678,-0.9603509904,0.9664831236,3046.7841306609,0.079387449,-0.3530983828,-0.2107716506,9485.943280727,3857.9350024145,0.4130135719,-0.9292433164,-8770.8587094699,-8269.2957086372,4558.5978228876,-2654.8024362625,-3072.3280657919,0.3310395469,7708.857412128,-0.8046005824,-95.1637600053,-1380.1796978885,7711.8930386829,-3153.9562379597,5997.9321058221,0.3656920721,-0.4976539887,5953.5587442987,-0.8484162587,-21230.5759032332,1.7829367454,16989.4561732823,1.9180952529,-2.3290490478,-0.7330783361,0.8238300336,-0.8808914747,914.1606213114,-11419.1873806013,1.3952142299,-5962.8177816025,0.1459852826,-0.5999318753,-2.615997881,-21.3872915742,-1685.056497697,-100.1605160771,8094.3052646672,8995.8585546721,38.1015634274,4.6441639214,-2431.6146231839,-3388.0349426982,12409.1730039898,2969.2995507705,-4857.8444139252,17.1345788845,-2211.0202827429,-8574.7478600462,-0.2184755347,-17077.3566313029,-5923.1590975008,18964.0961741216,-11501.2114790833,2797.046752576,3270.1105720845,-6189.1931997794,3844.4147510522,12.9548376212,-841.8805966713,-9048.0545238511,5920.8485546902,-12762.8181798659,0.3463407437,25.4087076576,-40.8736112449,-0.2953936327,12076.5394021883,0.9561538959,376.8317139297,-0.5852634135,14.4863883598,2938.9176234549,0.8582560121,-14225.4159624975,-26.2091419543,337.3424783863,-1630.3109455066,0.723850252,0.9513678923,16772.3870616857,13.967491415,23558.7461777997,-13006.866089088,-4673.3712585917,-1553.6529697554,-16360.8264128488,0.4503166009,2.477931161,-0.2042086101,-1.055477635,-4974.9728683238,2220.8458737458,-1742.6565724246,-0.2690486857,-1.1485116097,-2804.5541478632,0.2839463999,7848.4233113634,-60.5573551745,0.6042735815,-0.3728888964,15483.9474236542,-0.7397276609,-1189.5618978769,1296.8922891261,-10466.8135313399,-0.417211623,0.3287457377,-0.8981993986,-479.8371298036,3156.432448981,1.051449693,0.0353044069,12719.6731732512,20.4310524369,5520.1664585286,-3127.1865915141,6569.6697299687,2517.2100169043,6.2293723283,15595.1215793362,-1587.4252302329,-7041.2381224394,-16686.2705535636,920.1656611012,-7726.739809276,-5619.5144092271,3385.4205699084,-5318.978596421,797.1693945318,8323.1937117787,-1925.1546283067,-5073.611447333,-6787.383748493,-516.4783620973,-16728.2383259535,-1093.6106947911,18910.0502754028,375.5220857913,-10063.8798113972,5611.1880690079,2507.2876109943,439.7169991103,-108.6970714794,-0.0988301414,-1826.0755074465,2695.7047224214,0.3277894909,2348.3365526598,114.2364797609,29426.7959656686,5621.581864993,-0.1658765637,0.4374061892,-3462.3307599375,-0.9521070093,4424.9168734411,-12728.1069895021,0.1295767687,0.5643224222,1489.4470598711,5620.9724901404,0.8119905771,0.8613500334,-8148.5788313454,-0.9652541708,-601.0760269827,0.4420068665,-11212.475432867,-23734.3896782746,-3916.521731802,-0.5020714289,8.0331441438,-49.754412409,-0.8709757858,-0.1119568984,-0.473648864,0.9570983381,-93.4718537215,4057.0129431397,8.7397064098,-0.532621848,-8344.4856274659,-20.3184362214,0.7010711132,0.3030859911,-0.0695605133,0.6922855325,-1.104742339,7.5317648901,2238.6515981472,-15187.3975278684,16696.5432456806,0.118747615,98.7113377888,9815.8154541119,-8.3004409872,4583.7567902768,-7759.3707835411,10481.894526662,-4836.9126746306,4281.0437672526,-2129.80364891,-14.9995750019,12796.5331054081,17198.6888449391,1.1179575426,-7.4687349374,3409.575361123,906.5028420632,34.6617687773,8915.5804613703,11522.3368007319,1297.4734298037,-1977.9547141604,-941.2855472696,-12817.1608875573,688.3526910062,-1418.7309591363,-13457.9459642001,-4632.6922797826,-5295.8614878196,4531.6069234516,-6664.7898679251,-3561.6094163063,11664.3389141197,2416.8004384294,17100.117272793,-1091.7904523794,-0.1102703142,-4958.0687368872,-30.5026612781,0.6554368885,-1.5036686239,-0.5291659183,-2161.4692324854,0.3513296842,0.3389357167,0.5052495036,-0.6751401181,2.6675521169,1.0020608404,-0.7943603822,0.3562871774,-3363.5096772192,2225.075466749,-1439.7822271538,-0.0019821682,-1667.4594828447,-0.8083537834,2828.665121759,3221.818350141,0.3281816587,0.1367325422,-18.1674639868,-1085.4099069597,-2301.3666825266,-0.69227322,0.3835877376,-7518.0072932072,16702.9337999392,-0.1667668949,-9.1109592314,-2256.8744588224,-2000.2432762102,-14.1332150491,-0.4859682851,0.6284751866,0.5551834629,4761.8433258674,-3467.8576990014,-12103.5459679263,0.4136305268,9062.3915445894,-8.219147482,2155.4034657012,18599.11750601,1440.0907247745,6384.2182182359,-203.4098739437,0.3471452789,-2935.9296381714,0.1299803603,5431.5801889511,3485.7737736216,17184.8889122919,4844.0631982769,8206.3954397004,-3.787652822,-749.4288397703,18686.9420592897,4858.1760245544,-10023.8081997139,221.0845113219,-2626.3173361756,7483.022945136,2738.1026302634,4947.8471948909,252.6374095602,-8243.8537900037,-733.114014118,5561.1464496793,1071.0915707517,2857.8008786406,-7160.0357687515,3169.2761195799,1.5453117621,-1049.8908865326,-3670.7722200033,-0.1994655919,-13.8686527286,-162.7191936143,-63.9973810152,72.484459628,-0.1870467917,-0.2299253166,0.4992700125,11546.3483540985,-1952.9731430147,6478.2465636836,-0.0928824485,2896.0651399337,-3915.6803148592,70.8125942587,6.9318619442,0.0126800931,45.0666870102,-4629.1472521466,7.6793324881,-8125.0821819221,3113.7605286409,305.4673878451,3013.372245976,-1693.9898583163,0.4404262532,8.4474111,1169.7166767558,1505.7263235727,-1.0191244008,-0.9850193938,13076.5341565375,-46.3467744596,0.7172938229,-0.0460841662,3942.3714455783,4733.1568106419,2588.6633334915,-10015.2827541548,-10654.8365406208,0.5023126738,0.5818564331,-1.0459061284,-2326.0356643702,-44.3024906894,0.3125633805,-0.0527028249,-691.4631700912,-879.8643772062,551.8372417987,7316.3242266334,5121.2356023099,4931.276461387,-0.8567438253,-6078.260094379,-23.1411627651,-10903.0152826418,-8110.4228073482,6255.9733052869,-1254.1514737005,-3.3364633508,-203.3080888138,-9424.6177944981,-7654.3425664383,-1166.7810003649,-511.1043555261,1742.013941798,-0.3085672646,-4368.163529905,-9877.1324153834,6683.3623833591,-6217.0557687854,1542.6480549535,-13.9188829607,1955.8192876009,-1888.3759439585,4981.3001160381,206.5760499103,-591.0927643513,-12402.3775401422,20679.9679192442,-48.2214600034,0.0355881337,-4170.3273726083,297.8837106697,0.438086208,-0.2816766034,0.7966035032,-7677.3464817633,-27574.0071634806,13439.3974278619,-4625.596852901,0.0042649453,-30.313210321,0.7512218391,1.013963306,5355.9880356238,0.0345185554,-989.5654023154,81.2239347505,0.0038547443,-7969.0671505608,0.9348303828,-0.569969622,7341.2154787069,-3829.5689187152,-7266.980392661,-150.7882988754,-0.0477356022,0.3639773687,-7222.6922072942,0.9349765492,3619.326207377,16086.7215938011,8807.0480957976,3982.7274291969,-2496.224569839,-0.4129152419,7.8965882662,-1687.7632916567,875.7267435838,0.1347923649,-0.7627120048,11111.1358344742,5017.4182925903,5296.6147477361,1402.4691139982,-2.5456077036,-1194.8732311934,2800.2880828594,603.3672789969,6036.2180760544,-38.219347442,123.0064266616,-13036.9381228481,10759.228104374,-3626.2538802588,-10545.2330444073,5506.4309621677,305.4213929211,-8768.0440968776,-3759.6501737327,8569.1811039319,8080.3594889794,-13.0519746427,-12594.2655015527,489.9577459184,11864.0543941675,3465.6616437425,-6938.0904333198,5857.2064687229,785.1819639359,-14684.5188788834,-5117.3877377724,-1790.676510607,-762.0065779689,-5779.2102182658,5568.2536504873,-2838.376700321,24.6608265456,-127.8406228536,-7446.7863377918,-0.8239976894,-0.0596244662,19822.9496401508,0.7867911198,0.1746902749,-2.618608322,0.9529193234,21.3400576407,417.0820556396,-619.039007126,-2.0040776214,0.3531963724,4111.4439660634,0.6958866882,0.8841666097,26.7388336022,-0.3783075496,0.9518854697,7988.3753396512,0.8583301336,28.9499384828,-0.0681610284,8134.0951994491,1238.3758883026,-0.0648582353,-0.445138272,-0.0692148106,918.4903970843,1.0369862204,2282.0751974685,-0.3069748193,762.6932406861,-0.0596190108,-21748.3549889688,-708.6363295995,-8207.3856248315,563.3931258692,-5445.671311456,0.6188856693,-19.3328625619,0.9565611231,-0.9544180497,-498.4104325658,9738.0746230318,-0.2322122473,17.3640490496,-0.6637692378,9512.0360865827,-5336.8060559576,4048.0126516219,-7790.7468605414,20661.4955949733,139.9063584853,-246.8782940812,3410.2199353221,10880.3877920551,4829.4765300951,-1531.7688400918,1807.3062870265,-460.3335082188,-388.3751790495,1781.5119633982,-4.9417730871,1.1589844695,-5482.1009114217,3391.9091220681,8022.2277708555,-2495.5214954112,12289.5168274378,-8630.8904141603,-4394.561984336,-13261.0453288325,-1199.3814159179,0.8127306936,-4939.9052482989,-4590.283167569,-14427.9436532713,-17065.3618509891,-0.1664795863,-11320.9862560885,12817.783201629,-12478.2245462409,346.3320258683,-2757.3246568588,4134.0555416306,19629.211400646,4931.5460205364,0.9309070892,0.1893615041,-2555.3159363247,20.5961718167,-0.6835548249,0.1516013336,20.6397202952,0.3824843379,19630.3745286078,-0.7595245515,-0.2924550765,-0.5714199921,32897.0201389133,0.5866053486,544.2416883696,0.0765912205,-0.3750801076,1062.5076821276,-0.7800392933,-7833.0414858371,-0.3909483601,-0.6152024399,0.0433811191,-0.4234789352,0.231813289,12964.0750637269,-0.2701377367,1394.4525724763,-1.011059214,0.0072280823,983.7102401855,-10488.8038526845,-13960.2154570994,1.1056260897,-0.1546855407,-1.0117237577,-10487.1167974287,-60.3446702059,9315.9467641007,1.0651337821,16.9476309443,-7669.8334690472,-903.2365995707,-16496.0946261274,-4490.1030144687,-10367.5102924339,581.438268955,40.6283257099,-6572.1992219735,4749.2069213056,8145.0587296517,12756.6081680614,5018.4133722387,1855.1191777449,3378.1711315309,-6222.3963344938,-5159.1400163496,-9272.697247095,8.2856657243,-13465.9412187063,-2213.4993259023,1769.003462959,-1877.7052686783,4309.4732527854,13394.0934865321,3167.1481902061,-8731.2849039116,26.6467150817,8368.6699648938,13591.9283491435,-433.1972906319,-1322.7960740016,-1.2123408964,15.2383455723,512.1376681607,0.6516715327,-13.6051784706,-2406.4982216376,0.6185444845,0.0093115159,-0.0884078558,0.2129334935,9816.2210945039,-0.6305810174,-5.4540207072,-0.5830721,-0.9171204733,7247.3452316752,-6606.5186546366,0.5635103888,-153.972786652,-429.8913374096,11199.1109243064,0.4786424357,0.8235697212,-2545.0812971065,-0.4443159063,0.0449120843,969.2430209066,-0.5385367334,0.2067792901,0.221090739,-0.6966082658,-0.1194857526,30692.3151421054,-0.4110507512,-7503.0809548101,16.4796482826,0.4319319264,-0.6671133675,-2235.3483727114,-1.705674169,2150.9626308427,-939.0300718871,0.3067008934,0.4291958506,7157.4909915488,-0.5535414032,-1103.5123883386,-181.6517237356,0.0298517763,0.3656145785,-9039.4218377353,-5042.316311069,9521.1676601302,-11252.3633189739,3357.5520173685,4532.7800442538,-762.6791294748,12661.7236630635,-0.3085708304,4806.6417584906,-408.9173591806,8541.5072288801,46.7610909026,-7066.7463526904,1717.0407486736,-19156.0270680449,3963.8453216092,7171.6265435827,460.1409501558,-2491.277394558,-6064.449698368,18095.2945018057,-9069.1538221376,-4774.5712655348,15633.5158301283,7135.0789695136,4486.7901675781,6.7714506816,-12189.5732491365,-12566.1759537956,117.0840469202,-21840.1792246882,-0.8238397476,-74.7169265943,-1597.1374542211,-8428.5526058718,19239.3722013676,-3686.3391757294,-5066.565623165,-0.0583068456,-0.4430850178,13697.7847420112,107.1062209688,5116.6486288342,-0.3675529884,0.2063353292,723.8506981736,-14860.5242694849,-5066.898791672,29.7167931991,-0.7314601513,393.8623490567,-8.8156877384,0.0234953504,-0.1555456869,1.0623942037,2173.4689430346,-616.525222416,0.0531727277,0.3512410864,604.2874909082,-1.1481123598,13835.3409677583,10883.4104253373,-0.7364958722,5782.2066017145,-7274.9130688979,0.6249604218,-1.1338051727,0.7972991645,5599.9318021531,922.0757978783,-12529.0377193655,991.3132593136,-0.0221568266,1144.6882083693,1.0288465786,-6604.3883018287,0.1158537039,-0.1225560712,0.3043959008,-3518.5700464162,-4136.4183531938,1162.4303552544,21485.3905302451,-5031.1623400531,3467.2987089505,513.3852438123,1650.1917432404,-5714.7900916855,4369.3919017149,3334.4488431633,-6500.7640621755,4222.1642257498,9444.6488851015,1191.346488009,-6120.2965762219,594.8177790973,2237.1172324267,-3398.5378199367,1865.7088227,286.8311649881,7371.9030874889,-5045.9321564266,-6290.9117609743,1936.0057545036,-4424.1665565082,-98.810403874,6623.9624413934,-13480.261256562,-9969.5041311966,3630.3081566567,-876.7640476626,498.6017283849,-1643.1157093586,0.7104334607,0.1271896894,-10808.8838007955,-0.0134714784,-0.6606216439,-0.1020998997,-0.1175500202,-1391.1606084025,6086.3671673892,-4005.4695539629,0.7887058828,-0.2805163916,13.0955306681,0.4889656348,0.175254346,-0.8573196817,2.1688093364,3837.2335422188,6160.879677517,10947.1100983528,-2623.0712045119,0.4097153985,1.0444657174,-4810.4595888356,-0.4522078619,-0.2035100726,-467.7560564421,0.9860933022,-3429.8171769988,2545.1681025833,0.7935698674,653.8840373754,-292.7966932326,-0.6865731773,0.4487221952,0.8406404085,0.1157345784,1594.3083796275,-1.0932180545,0.6031364551,0.0843240089,151.0872082157,-0.9285705848,14237.6444939248,-0.2232569436,-8859.6447154194,0.8301703463,11591.1776882452,-3475.7872917526,-0.7645183576,4812.2242703511,5730.7245263133,-5950.9025673385,5.8786055043,4296.7265828534,12.7438400777,-1545.3273849459,15011.6385520007,-1821.867755645,1397.0237066592,817.3532329901,-3947.4081643702,-2225.9218167743,-2050.5548220579,-1608.8261321183,-1496.203308239,5053.0530904159,3280.6879444002,2762.6239567366,-4256.2036492636,4138.3773048956,7065.7776860652,-2167.2464129267,5076.5174706796,-1280.0841555977,-1046.0958635219,-1461.5259894916,3527.4011012499,-5.3112720524,142.0737828906,-7485.5026677979,11286.9341268577,-1674.0273308167,436.0632148352,0.7318741537,-1.4530528754,22.1974353731,-0.238731976,0.607023929,-25215.5175267154,-0.1322925212,0.2461712265,0.7171834515,-2258.1622154646,-1887.2494649261,-2.3267325213,0.9130043755,13326.4496095728,-7.0419932968,-1196.5083199365,0.5222863826,-0.4023325476,2200.6059814474,0.5409494514,-66.6240116687,0.1748379335,19.1397366079,6223.6129987091,4965.715775967,-0.2187288758,2894.45358813,-0.1274076478,-173.9013583434,-2296.1649003227,-91.252916044,938.7857940263,12982.9322143375,-1.06349356,12016.1482046858,-0.6154549439,482.4894913142,0.9498834344,-0.7277428941,-0.2173432796,-2429.966151961,0.2922832568,1.0234536761,-0.234001622,1785.9177494914,-1.8801649899,-8564.5817072344,-6160.6455388758,127.3336114071,3502.2947388873,305.0320607756,-37.8567328676,-229.8719989029,-8.6365251317,16387.7150376822,4230.9097043418,16847.2285410497,-116.9337858627,-6051.8902505831,-4510.6235693318,-1301.0167865376,-11585.5118417754,-5189.188156471,-4.291061475,-4454.1970810195,4329.5476258114,3132.4014348703,704.9834787671,-9931.4183463853,-3441.8157770432,2992.422677893,-7039.0784677992,13073.1846314411,-7410.1876741346,-10.8762099907,1398.6436071112,-3182.5924251287,38830.3868575893,0.2218487434,0.2701035134,-0.9488091634,0.9151905045,0.0450197446,218.7659215045,0.6382496751,-29339.5808221118,-0.8360871435,695.4079464695,-0.2275188633,-0.9177545195,2169.3773206338,0.0443351649,-0.0264562153,-9419.159094024,0.3928993771,-8187.4382847939,-0.3855358174,0.3386961964,-6368.4741207881,0.5370976771,-1900.3738215749,4570.2915365368,-0.9150712591,0.8465372837,-0.7318022488,72.5031159843,0.0156042195,-0.7648881097,-0.9319455488,18934.3765017644,35063.001385783,0.1948196225,-2662.5744650705,-0.5705811721,-0.4015543774,-6994.2808087961,0.1897243187,-2598.9660159255,-0.3198767508,30.3442422455,-1493.9555268105,32883.5143033853,-1.2983762044,-0.0109511024,-0.1256198556,-8183.5085182021,-6393.1396807481,-15136.3752470654,4428.3452908073,-3509.4426332905,-2174.1832154374,125.9288803562,1974.7232165481,5257.921649917,-156.3454284936,-5096.9081477376,-2568.6996152469,22.1682620671,-4480.5305225557,7192.0212268652,-387.6031195202,-21662.259056617,1571.8871823425,1.2278238026,-11136.695140923,757.2093389988,11024.3140929407,-3154.2519331827,797.1546447357,-3161.8371959722,-49.9848503996,-0.594284722,931.9413795308,3232.5698745934,290.9849311798,5631.3065896118,-1375.4223160144,-2771.5555242536,-519.9301490139,-0.3519167708,4841.778402864,-633.3889175895,-754.9269763522,-0.7460170024,-0.5858641676,0.9334549557,891.3983564284,-0.1975616432,-3929.5925859075,-0.2891174057,0.3281131411,1.0395868239,-0.0942624796,-0.2869746078,0.001548813,-1821.2982223328,0.8087128801,-0.1090114533,-0.4752548689,0.3402450126,1928.2655261407,172.6139345594,1469.3462950797,0.646162912,-0.0041347144,996.9138620136,-4428.7387248722,-0.396487024,-31944.3395654004,-0.3844017185,-24206.8060930124,-0.0533480657,2.0759250619,-0.7359786347,-0.8824847147,0.0062428018,-0.0858380182,-0.684019866,-0.8033216823,2526.4169629793,-1459.40195074,0.5497408763,13184.3758239365,4.3625942827,4319.30823697,1.6203121319,3206.523813613,-1248.3743625127,1650.6934179962,3508.56211556,1306.6196183777,-18177.7804524351,-286.0860626893,-3676.0506925516,1242.1810224329,-3897.5827940445,1946.0129540899,3262.1939713944,-2870.9722779181,-777.0860637314,428.4438086892,-7598.1031734505,3973.8189483984,-4872.4238984312,1838.4677213411,1696.2742589174,3990.9709321996,-3295.1825461322,-1807.186014277,13764.5047807157,1870.1996985411,-2854.1279083082,-2177.7283469996,1565.107337588,-2335.9949283085,-6881.3666878073,62.3269629756,16.0043389347,-8848.6211406042,-18555.5815717465,-3070.6107302222,0.8538788701,-0.552823344,-2562.4610234433,4238.4530665556,9.2573371584,-0.6313947506,-0.8886793998,-4122.7459558121,-7048.9618604145,862.1234538545,0.6535191266,-3283.6252050591,0.2314446236,4238.4840613757,-2677.1967957267,-15426.5414928742,16896.8730956234,-733.2226215212,29.5585843783,1973.5966836615,6342.9919631656,0.4997146253,2614.0423548719,1.0948683301,1.1407660516,-0.3270598103,0.3153978076,-0.2137312458,-2747.719230411,0.4802570923,3166.6871768705,-9685.8827267104,0.3185134752,3188.8309549085,-1.3181147393,-309.9367368983,3337.0736612587,1230.2786547245,0.866040096,0.3221959713,0.3059716,-0.0979921178,-1394.9408677616,1.9353709951,5589.3354325565,-0.906806749,-1963.5690964519,-9272.8088090481,-3321.1675916538,-1872.924805864,4304.0453261074,20.345871903,-4539.8176869572,933.9724891876,6331.563232698,-3808.7276334912,-3313.4423890476,-1.8681339339,5728.8323649795,-107.9064980833,66.0824150701,-2721.2351649561,19.4258974589,4263.0884890354,1228.6440485384,4386.7310551495,100.5962204351,-4995.6202529904,1543.0681698425,0.3332831606,5026.7502453481,-149.8063453932,3086.547125371,-0.1522955704,2365.7577700331,4235.2845843638,-5351.1360966532,0.2752589395,311.9297875517,-0.7182988021,-0.2585089158,0.369668454,4131.3413820739,-9655.380877067,0.0122801312,-10.0996615736,0.2717763938,0.7037343699,0.6875036708,-0.3142211206,0.0203573322,0.6276273315,3604.2708128617,-2.7598089578,-0.7063801739,3704.2295304057,0.8567634339,-26707.0039072082,875.4211762182,0.7543533887,-864.9475761268,-4386.0684200031,4408.7516373091,1227.829104486,2395.9585878702,0.9404206439,279.2504010399,4295.5374563076,-0.6789387627,-1645.9279093609,0.3561001198,-1415.0519054008,2033.1439383328,0.6590023973,-2419.7734575597,-0.3002320348,-15950.7350908182,-0.3698718879,-1.0483617702,252.477225221,9771.2079058906,0.3869623869,-25668.748735878,-5431.2821393863,0.0021990979,-467.3015186378,-0.6912833681,4412.6457918588,-14.6038171543,1125.4480759057,3564.740722286,-10711.4632714039,-4625.3462755823,-1738.6574183081,-2097.7475066316,-13708.3720309607,-7891.5508406543,-2033.1351672431,-15616.653554013,1649.1125462539,11994.2175287776,5901.2550446918,3616.5138199431,2574.0792056166,-4275.5717361456,1201.7963153003,6515.4413855939,-11220.3505432924,-2941.2379136792,2325.6049923393,1290.0955790239,2918.2638313669,2578.0165223626,3640.4806636514,440.7732518624,-8626.6449401453,7157.0870217909,-0.3814444715,0.6340535029,0.3155583793,-767.5009202136,-0.3764544457,3.9797025446,8794.4604466111,0.4526203834,-0.80846545,-11373.7224969255,0.8294904247,1608.2409013404,5373.9632994082,-9.9631132564,1940.4340252233,0.163611375,-0.5118581655,0.1846852021,0.6809473552,-0.2484331083,-4073.6751210343,0.0123248355,12975.9935313025,-2.9095762671,0.275006248,-1999.6553409431,21567.9930102723,0.7345571564,260.313391355,0.0766308518,-2405.5410395228,1300.8641364445,-5.7854858619,-0.2879480455,-0.9637230497,6118.3321353459,4511.150195996,-1314.6880451243,-8108.4524429826,-13757.7017845642,5160.9880673935,-0.8310895012,1656.7235074811,-0.663533978,5278.2028941941,0.4761679688,312.0490403964,9850.8771731652,-0.037856696,-0.685553065,-0.6915011202,-979.0424829167,-1043.7759550883,6500.5792475698,-232.301455876,-7635.043719366,8667.148784174,3184.8138805975,-8874.3812891852,-3825.3268093896,-10375.4715094626,-1188.6041037913,5250.6320637755,3104.1055476623,-14808.0615023444,4422.9177551137,-10706.4068171218,-10363.0917661179,11693.8231813617,18944.4077402522,11994.6364819478,-11161.9266348421,691.8776521967,2079.1149956523,-10267.4719276554,22378.842346698,2684.4328857615,-0.4332519596,-16576.7419285791,2277.1137827508,-14228.624988231,398.2346485077,-18.3097403118,0.1296066947,-0.5969132234,-5550.3555929818,-4446.9019803213,-2221.4585566366,0.9546787371,26.2834804995,-0.7068089805,0.817153001,4301.3625273674,-3294.1025221309,0.3914191892,0.4145263665,0.1930414742,739.4651875659,-5.1476607078,26.5534416449,-29139.7003200459,379.3816373817,941.267101973,-11025.3002497324,3255.446988047,-0.1938385542,18047.7755050274,-0.9878215971,0.7585509911,-4189.6349438462,0.2943287605,-0.2048579643,-0.5822603338,0.6072205806,-0.1879477105,0.6831520713,648.8480976065,-5452.2964550165,-751.3987836369,-0.1468149344,-17391.6534502041,0.9071363128,0.0782931886,12.4819317553,0.6517244748,-77.0958255461,-0.6491425866,1.0330505714,755.3940010773,-19.3895399929,11010.8913481956,0.2971553915,-1583.492428578,-5814.8143852951,9739.8281310809,-1761.5133894379,-2944.2751734445,-1485.1313384978,5075.9220416449,-24.5637067378,1631.6735584682,1717.1046852241,8840.868720436,-3830.3998916585,-5.5058732956,2.8813698692,-5496.0279172218,1690.5397338328,-1253.0614507047,-11579.1248170057,1462.4125685788,-13869.2856780175,14217.4595502782,-15574.5152812151,-8311.6510434659,-9239.0961370992,-8100.9871509533,4389.8292073402,4323.6159086586,-7051.3899707294,2721.37426618,8742.7277325125
##end
biasActivation=0,1,1
[BASIC:ACTIVATION]
"org.encog.engine.network.activation.ActivationLinear"
"org.encog.engine.network.activation.ActivationLOG"
"org.encog.engine.network.activation.ActivationLOG"
