encog,BasicNetwork,java,3.3.0,1,1425319640641
[BASIC]
[BASIC:PARAMS]
[BASIC:NETWORK]
beginTraining=0
connectionLimit=0
contextTargetOffset=0,135,0
contextTargetSize=0,33,0
endTraining=2
hasContext=t
inputCount=50
layerCounts=50,34,84
layerFeedCounts=50,33,50
layerContextCount=0,0,33
layerIndex=0,50,84
output=-0.0755071163,-0.1592221215,0.5086852686,0.0999717174,0.6098296474,0.0727174318,0.4692472021,-0.0945991802,-0.3918213755,-0.1269215631,-0.0001268825,0.3881576048,-0.1049906729,-0.0647634909,0.5311737869,-0.0000278539,-0.4692399957,-0.1696753603,-0.3847206106,-0.0188912427,-0.4548902388,0.1218055788,0.3650788718,0.1494042051,0.6346227915,-0.1959903279,-0.1671222015,0.4585001873,0.4513683464,0.2601885695,0.1697173027,0.199158853,0.3046070542,0.051769065,0.0002142079,-0.2340650407,0.4542219576,-0.0878386892,-0.0570402885,-0.0723135039,0.5616039371,0.1197950742,0.0723592728,0.765564735,-0.2070542138,-0.2538328044,0.6591651752,0.4950457452,0.2823959282,-0.1215878435,-10.7412197589,10.6476776014,8.9161455434,8.5788783108,9.082899343,9.549305033,9.0859013969,-8.4323726418,-9.7953606959,6.5610398023,-7.2961948801,10.4591214417,-8.8326298023,-9.5898851757,8.6369189907,-9.2738074507,9.6615080913,-8.2039045334,-8.0681921757,-9.6999035785,9.5380801171,9.6795563719,-10.3155224069,-9.8523558013,9.8575898115,9.6630507062,-7.3100105291,-8.3982543971,-8.8893265343,10.2848970451,10.5123224437,9.0793450884,-8.6618565315,1,0,0,1,0,0,0,0,0,0,0,0,0,0,0,0,0,0,0,0,0,0,0,0,0,1,0,0,1,0,0,0,0,0,1,0,0,0,0,0,0,0,0,0,0,0,0,0,0,0,1,1,-0.0755071163,-0.1592221215,0.5086852686,0.0999717174,0.6098296474,0.0727174318,0.4692472021,-0.0945991802,-0.3918213755,-0.1269215631,-0.0001268825,0.3881576048,-0.1049906729,-0.0647634909,0.5311737869,-0.0000278539,-0.4692399957,-0.1696753603,-0.3847206106,-0.0188912427,-0.4548902388,0.1218055788,0.3650788718,0.1494042051,0.6346227915,-0.1959903279,-0.1671222015,0.4585001873,0.4513683464,0.2601885695,0.1697173027,0.199158853,0.3046070542
outputCount=50
weightIndex=0,1700,4472
weights=##0
##double#4472
   0.0039718603,-0.0025400922,-0.0014430112,0.0040180027,0.0018065374,-0.0004653588,-0.0005009308,-0.006214821,-0.0022189401,0.0046390016,0.004073764,0.0004454562,0.004416883,0.0020480228,0.0007519555,-0.0019361046,-0.0019411173,0.0015068506,0.0028303439,-0.0043271459,-0.0008666116,-0.0011043786,-0.0037491334,0.0061545707,0.0009840804,-0.0034822582,0.004137199,-0.0007312577,-0.0022113563,-0.0007602995,0.004528154,-0.0026943972,0.0047387974,0.0268925843,0.0087159893,0.0061100123,-0.0021834671,-0.0054328369,0.0014063628,-0.0064198652,-0.0004188648,-0.0020258445,0.0107814753,-0.0048351794,0.0046726933,0.0083797196,-0.0029682259,-0.0080863428,0.009391684,0.0142130001,0.0008398873,-0.0026004406,0.0035364502,0.0003457299,0.0047808041,0.0068550653,0.0080513088,-0.0035540229,-0.0000239911,-0.0025043621,0.0059379295,-0.0002664592,0.0041253298,0.004922916,-0.0021428196,0.0015270539,0.0036742131,0.0320343659,0.0038789451,0.0061137745,0.0005192849,0.0011487079,0.024086826,-0.0021753523,-0.0076226069,-0.0013377696,-0.0051065834,0.0027255897,0.0045052698,0.0076796629,0.0019534705,0.0028667999,0.0075614917,0.0028412247,-0.0014227956,0.0035067669,0.0025929077,-0.004809021,-0.00014947,-0.0034347864,0.0067763917,0.0019339871,0.0021484553,0.0018780799,-0.0057749261,-0.0059170097,-0.0062287291,-0.0000166573,-0.0001980379,-0.0011073893,0.0036973303,0.2193210609,0.0019702865,0.0028106337,-0.0062319792,-0.0007273451,0.0033930001,0.004539343,0.0063597364,-0.0009305362,-0.0016139304,-0.0044850334,-0.0114593426,-0.0079988128,0.0062922331,-0.0039991594,0.0003991053,-0.0008267107,-0.0041664431,0.0032630217,-0.0034334976,0.0041964587,-0.0029147104,-0.0030349305,0.0023452314,-0.0011678392,0.0004461886,0.0050841271,0.0052004435,-0.0017159104,-0.0051589577,0.0094381275,-0.0019722465,-0.0044513674,-0.0015741335,0.0575493776,-0.0021809587,0.008957067,-0.0054040861,-0.0003960382,0.0002503485,0.0054108377,0.0016669959,-0.007262264,-0.0000570855,-0.004214797,-0.0001879117,0.003596085,-0.0101508332,-0.0002804691,0.0051190676,0.0079834193,0.0058159121,-0.0048684177,-0.0052977546,-0.0066380613,0.0026077414,0.0071807464,-0.0047428612,0.0055767272,-0.0090276503,-0.000736659,-0.001524774,0.0053240995,-0.0051357904,0.0061230471,0.0030004126,0.0018297053,-0.0012156766,0.008612604,0.0015665582,-0.0046660579,0.0081665708,0.0019522008,-0.0032586469,0.0032027233,0.0021999693,0.0033135625,-0.0020971676,-0.0049648226,-0.0049177781,-0.003553956,0.0021278086,-0.0051118675,0.0019590989,-0.0044998199,0.0074129678,-0.0064849281,-0.0027444388,-0.0085717062,-0.011468141,-0.0070214617,-0.0045426472,-0.0067522613,-0.0005613482,-0.0061469033,0.0017027587,0.0099215065,0.003428803,-0.0026241849,-0.0065003503,-0.0031196622,0.0039203363,0.1637148908,0.0046940929,0.008389168,-0.0027128474,-0.0054505239,0.0091275255,0.0052371478,0.0004428533,0.005319088,-0.0081776221,0.0075180816,-0.0009008902,-0.0039600149,0.0019906838,0.0031542083,0.0079663093,-0.0000345638,0.0064461281,0.0020869149,-0.000517671,0.0024731099,-0.0026765382,0.0041581597,0.0022115431,-0.0057858885,0.0011789975,0.0022458836,-0.002113052,0.0059245979,-0.0037680834,0.0080832801,0.0045146748,-0.0030971549,-0.0032118886,0.0562617623,0.0041573718,-0.0043158874,-0.0070765498,-0.0037615798,-0.0025933671,0.0051142682,0.0070419697,0.0008880406,-0.005092539,-0.0060180493,0.0066926305,0.0067956565,-0.0012401347,0.0019857919,0.0012655115,-0.0078815471,-0.0002636968,-0.003074441,0.0024759318,0.0058384139,-0.001282952,-0.0031023487,-0.0040241399,0.0038706668,-0.013109563,0.0010761545,-0.0025087874,-0.0008339613,0.0002705534,-0.0109011348,0.0002382069,0.0135523688,-0.0053299296,0.0301374058,0.0065308537,0.0027693115,-0.0001075277,0.0028090272,0.0000524996,0.0016070081,0.0018121294,0.003390054,0.001217236,-0.0041074631,0.001997998,0.0008752524,0.0037560157,0.0116986161,-0.0099000193,-0.0024597832,-0.002757834,-0.0029770179,-0.0006537795,0.0016810948,0.0056585843,0.0034407033,0.0041144721,0.0045679076,-0.0046586431,0.0038866172,0.0029260314,0.0017636375,0.0035044889,-0.0062278051,-0.0078218785,0.0047753795,0.0019739565,0.083517642,-0.0028288261,0.0074283585,-0.0047640361,0.0054110611,0.0017957019,-0.0021463407,-0.002596681,0.0134720749,0.0044115556,-0.0153581174,-0.0053908573,-0.0062778355,0.0016165018,0.0002518457,-0.0058329528,0.0040533382,-0.0058591829,0.0010937399,0.0006683635,-0.0127459201,-0.005574543,0.0028260848,-0.0023752264,-0.0032683803,-0.0006901732,-0.0020401546,0.0035140166,0.005592216,-0.0087356401,-0.0045716958,0.0100832924,-0.0081720484,-0.0046206504,0.0891649124,-0.000000102,0.0000029543,0.0000010499,-0.0000006728,-0.0000000809,-0.0000013141,0.00000086,0.0000014097,-0.0000023563,-0.0000009205,0.0000016053,0.000000464,-0.0000000018,0.0000013854,0.0000020547,-0.000001489,-0.0000006604,-0.0000013353,0.0000014593,0.0000006912,0.0000021756,-0.0000004978,0.0000017735,0.0000002847,0.0000008856,-0.0000030441,0.0000025854,0.0000008918,0.0000010047,-0.0000009946,-0.0000011652,-0.000001752,-0.0000007184,-0.0000668955,-0.0019797249,-0.0020296134,0.0001823187,0.0027688551,0.0046838896,0.0008554109,0.0009218895,0.0028633111,-0.0062565781,0.0010652712,0.0121914346,0.000328678,0.0014771983,-0.0007552277,-0.0048422893,0.0091126127,0.0071821925,0.0006678973,-0.0025481655,0.0030784589,-0.00027606,0.0061716977,0.0016027922,-0.0044504752,0.0091935829,-0.0039632287,-0.0049295679,-0.0060522364,-0.0022238666,0.0037120788,0.0001735386,0.0027356955,-0.0021120802,0.0964282405,-0.008693693,-0.0028554827,-0.0079411989,-0.0020466532,0.0066658031,0.0024010475,-0.0059561221,-0.0052012138,0.0030473947,-0.0010440602,0.0083600725,-0.0011543287,0.003002795,0.0056503017,-0.0093174171,-0.0026231409,0.0098174905,0.0011517722,0.0063007156,0.0079819134,0.0086516372,0.0068470448,0.0059207609,-0.0005684626,-0.0011170547,0.0043507895,-0.0004983242,0.0126295241,-0.0063919727,-0.0026960534,-0.0046193368,-0.0044350031,-0.0010455941,0.1654129165,-0.0006243504,0.0033412025,-0.0068810182,0.0059351332,-0.0060249807,-0.006552444,0.0032668882,-0.0016325023,0.0029517343,-0.0007795563,0.0002075508,-0.0009671765,-0.0020481545,-0.0094577778,0.0031758137,-0.0017366255,-0.0071048088,0.001894635,0.0028445566,0.0016986769,-0.0113736464,0.0063456017,0.0082945461,0.0014441329,0.0034091317,0.0055999134,0.0033879104,-0.0092851718,0.0039864259,-0.0004990829,0.0016558213,-0.0042329226,0.0011842406,0.0719570242,-0.0020221535,0.0063989927,0.0074548459,0.0004449028,0.0043543216,0.000977509,-0.0060048442,-0.0034970251,0.0057159565,-0.0008692696,-0.0112974068,0.0100980455,0.0011910996,0.0030762235,-0.0128240276,-0.0013460457,-0.0015381845,-0.008976667,-0.0023761677,-0.0052217469,-0.0020805416,0.0057961583,-0.0065956555,-0.0125995267,0.0052867344,-0.0013354108,0.0092862562,-0.0019269058,-0.0010706769,-0.0061142886,-0.0043995331,0.002430971,0.0110003155,0.1874480869,0.0000012406,0.0000024068,-0.0000003117,-0.0000026666,-0.0000028034,-0.0000001281,0.0000000827,-0.0000021915,-0.0000030473,-0.000000475,0.0000020586,0.0000010734,0.0000011329,0.0000000546,0.0000010268,0.0000009244,0.0000002538,0.0000024891,-0.0000002288,-0.0000013101,0.0000004908,0.0000009537,-0.0000007705,-0.0000018122,0.0000011114,-0.0000008946,-0.000000404,-0.0000004917,-0.0000007473,-0.0000027687,0.0000023714,-0.0000006329,-0.0000005276,-0.0000673627,0.0037526129,-0.0096400148,0.0059869137,0.0005946676,-0.0068377136,-0.0104050231,-0.0134633815,0.0049460522,0.0051147055,-0.0127404245,0.002508346,0.0007438008,0.0015164306,-0.002848408,0.0060219634,0.0006251222,0.0047484579,0.0047681709,-0.0007367243,0.0139592166,0.0076685468,-0.0091168777,0.0004951475,0.0023904126,-0.0021283843,0.0095774158,0.0016255269,0.001825672,-0.0048336224,-0.0084905177,0.000358788,-0.0008782986,0.0024004061,0.2162697294,0.0051852032,0.0008601353,0.000289542,-0.000149346,-0.0035809071,0.0004551744,-0.0042301059,-0.0022621289,0.001498267,-0.0026877276,-0.006147185,0.0016429542,-0.0011117515,-0.0073745115,0.0000127875,0.0024805692,0.0060931295,-0.0031537121,-0.0057144024,-0.0042374381,-0.0069603712,-0.0032898451,0.0090429998,0.0107212443,-0.0005565133,-0.0064435314,0.0047268863,0.0083099437,-0.0012913976,0.003846935,-0.0034960933,0.0013613488,-0.0012221802,0.0957773824,0.0069902008,0.0019949658,-0.0013671322,0.0027651376,0.0023099287,0.002821122,0.0016521162,0.00318814,0.0008292972,-0.0030144692,0.0009578909,0.0003316521,0.0036459491,0.0118014609,-0.0085072034,-0.0025341482,-0.0013330176,-0.0037330739,0.0007434535,0.0038739954,0.0054513494,0.0027482783,0.0035083724,0.0036618866,-0.0040823195,0.0037952648,0.0044582976,0.0019503141,0.007328115,-0.0068285333,-0.0048489175,0.0036921419,0.0020061795,0.0905538499,-0.0063152803,0.0012496043,-0.0032830555,0.0007880626,-0.0082726579,-0.0029246106,-0.0017454943,-0.0023632573,-0.002425484,0.0034830117,-0.0032800144,0.0011601957,-0.0042302469,-0.0055726395,-0.0004732144,-0.0042380453,0.005888895,0.004107852,0.0092828255,0.0061473161,0.0022999397,-0.0013871961,0.0080293376,-0.0000137887,0.0067370377,-0.0002176707,-0.0020258555,0.0001019519,-0.000879895,-0.0017024968,0.0051604887,-0.0083116315,0.0088167723,0.027305713,0.0070793486,-0.0158046516,-0.0101122582,-0.0025635646,-0.0103170997,0.0018489187,0.0002666756,0.0014945159,0.0017977492,-0.0026914021,0.0056070386,0.0064600721,-0.0018921997,0.0020186738,0.0074275502,-0.0017707796,0.0049274459,-0.0009919882,0.0008705405,-0.004117952,-0.0119880512,0.0005477705,-0.0030831058,-0.008038917,-0.0076668614,-0.0005509391,-0.0015028005,0.0010464937,0.0063792671,-0.0065268654,-0.0030280912,-0.000509755,-0.0027044178,0.0434494644,-0.0040886507,0.0007751701,0.0025717488,0.0005021499,-0.0035187889,-0.0042601507,0.0007826462,0.0016334135,0.0009703655,0.0084298881,-0.0027898593,-0.0036575832,0.0035766962,0.0060530601,-0.0027290311,0.0023039303,0.0045071196,0.0009175779,-0.0037517883,-0.0025014155,0.0002910909,-0.0027806102,0.003624034,-0.0017489693,-0.0027666967,0.0033088194,0.0021090697,-0.002775765,0.001283374,0.0007605897,0.00284827,0.0053842977,-0.0063151684,0.0395756708,0.0024920894,0.001676641,0.0012407461,0.0035526763,-0.000284343,0.0008580109,0.0029056557,0.0063907152,0.0085993727,-0.000914605,-0.002145445,0.0014177718,0.0015634949,-0.0028190883,-0.0060579951,-0.0070827507,0.0034243019,-0.0007813243,-0.002568327,-0.0091290521,0.0005483482,-0.0036477811,-0.0036676242,-0.0007837463,0.0058503559,0.004798981,-0.0024155621,-0.000126639,-0.0021892036,-0.0000247316,0.0020321359,-0.0055832548,-0.0003413984,0.1076564382,-0.0038600571,-0.0080300408,0.0076186563,0.0016650521,-0.0017743252,0.0083096222,0.0095503568,-0.0005237927,-0.0008034034,0.0032163664,0.0019769026,-0.001711738,0.001913686,0.0180749659,-0.0081900209,0.0088615941,0.0113182422,0.0007452865,-0.0029447187,-0.0058203518,0.0008705044,0.0019289446,0.0033244528,-0.0060751877,0.0004864616,0.00119316,0.005596908,-0.0027516392,0.0073559971,-0.0023895738,-0.0053614739,0.004339431,-0.0019802355,0.1585843785,-0.0051440226,0.0009267331,0.0013358921,-0.0047588654,0.0157919018,0.003813262,-0.0000534781,0.007352128,0.0016022326,0.0142053559,0.0002921135,-0.0031152024,0.0019821357,0.0069750353,0.0006628713,-0.0039007195,-0.0049522585,-0.001879785,-0.0099553952,-0.0005749184,0.0027764911,0.0007496578,0.0196215585,-0.0035555853,-0.0082364832,0.003262684,-0.0110754668,-0.0038928879,-0.0055733459,-0.0040014292,0.0025896729,0.0098744457,-0.0031357113,0.3444971967,-0.0025979699,-0.0057884583,0.004823526,-0.0023072077,-0.0000123649,-0.0026749641,-0.0032486895,0.0075723783,-0.0016090944,-0.0029860587,-0.0015425221,0.0000361885,0.0042775313,-0.0053466729,-0.0016033375,0.0062681595,-0.0060177168,0.0092003988,0.001707524,-0.0038918587,0.0010743642,0.0031067384,-0.0057945501,0.0048536056,-0.0022536888,-0.0012068032,-0.0065861673,0.0024692546,0.0014295587,-0.0051067134,0.007359532,-0.0013607494,0.0000092111,0.0483732871,-0.0005890285,-0.0057094891,0.0058322353,-0.0034794119,-0.0030544997,-0.0024784794,0.0017057987,0.0037382899,-0.0002060116,-0.0008657122,-0.0015484518,-0.000438464,0.0050021812,-0.004124885,0.0001886956,0.0032011977,-0.0013427148,0.0032674338,-0.0014562143,0.0008186267,0.0012473748,0.0017643782,-0.0013070493,0.0033951919,-0.003692884,0.0002318167,-0.0035492432,-0.0025450263,-0.0022580948,-0.0016209886,-0.000886628,-0.0017688388,0.0038057413,0.0310102369,-0.0002006764,-0.0018048293,-0.0027539409,-0.0056520835,0.0017173805,-0.0054327938,0.0107849989,-0.0017926996,-0.0032380137,0.0155251013,-0.0137861705,-0.0017566831,0.0005165939,0.003688001,0.0001159671,0.0089753945,-0.003450363,-0.0017532518,0.0000230852,0.0017040747,0.004182017,-0.0056492731,-0.0000242589,-0.0079293371,0.0069578237,0.0029746521,-0.0001964459,-0.0017015754,-0.0023516776,0.0033567733,-0.0017644809,0.0076338926,-0.0017595794,0.1157498043,-0.0057155521,0.0015676958,-0.0033683495,0.0051337795,-0.0064134706,0.001861779,0.0021064977,0.0040253433,0.0060420326,0.0046519152,-0.0012620343,-0.0004774751,0.0037461322,0.0007404813,0.0048129078,-0.0084831105,0.0026192736,-0.0019737954,0.0004469787,-0.0031972619,0.0064530209,-0.0035372637,-0.009154286,0.001975673,0.0021751261,-0.0005333933,-0.0040811384,-0.0041978154,0.0060463932,0.0147971843,-0.0088651688,-0.0050891702,-0.0007187022,0.1411292744,-0.0185444325,0.0036232398,-0.0020422861,0.0020226,-0.0126889575,-0.0050914208,-0.0046033516,0.0050144943,0.0002780529,-0.0007863478,-0.001083327,0.00453914,-0.0038875248,-0.0079587747,0.006226589,0.0038525176,0.0030874109,0.0118712889,0.0020362404,0.0015598796,-0.0003847529,0.0024293387,0.0008635151,0.0064766957,0.0093816581,-0.0065144284,0.0002547537,0.0068636866,0.006546498,0.0142889195,0.007011511,-0.0040623237,0.0108463013,0.245378001,0.0086256531,-0.0026810419,-0.0102465564,0.0090093301,0.003023109,-0.004346944,0.0017560383,-0.0017831083,0.0173437848,0.0006793672,0.0016690837,-0.0044379347,-0.0048376036,0.0071228859,0.0039856134,-0.0027374815,0.0011152858,-0.0052160276,0.0108777508,-0.0006989199,0.0014653571,-0.0028069511,-0.017916426,0.0007474837,0.0015043856,-0.0107244854,-0.0008926781,-0.0071461581,-0.010463251,-0.0053500503,0.0069031072,0.0032182697,0.0019010476,0.2399506635,0.0008512013,0.0008160128,0.0059368145,-0.0087891967,-0.0077897089,0.0195189128,0.0033800033,0.0008986969,-0.0001852084,0.0098398601,0.0019693771,-0.0051399328,-0.0048285871,0.0090126593,0.0146649661,-0.007439808,-0.0051317096,0.0093461777,-0.0044822917,-0.0013132846,0.0023449248,0.0028047332,0.0002434068,-0.0029632614,-0.0022395324,0.0004088951,0.0034360617,0.0108385265,0.0008999538,0.0045238652,-0.0059806631,-0.0073456022,-0.0005807953,0.1546167806,-0.0001516246,0.0065523696,0.0035104531,0.0066679072,0.0012849048,-0.008376914,-0.0077039681,-0.0050749122,0.0006870472,-0.0021067121,-0.0063067453,-0.0034303583,-0.0081975962,0.0061104516,-0.0037452197,0.0015647787,-0.0026893704,-0.0077244439,-0.0039050372,0.0035606495,0.0004112501,0.0078440847,-0.0082344977,0.0006105732,-0.0009181189,-0.0049780214,-0.0008771919,-0.0026551374,-0.0012660845,0.0022162357,0.0018285471,-0.0081185082,-0.0073588682,0.075709117,-0.0016776995,-0.015708274,-0.0112292353,-0.0018449922,-0.001554918,0.0010253842,0.0011320491,0.0070306566,-0.0037704003,-0.0027716007,-0.0069535247,0.0118184528,-0.0040868625,0.0057508765,0.0049589013,-0.0056457055,-0.001866479,0.0045818553,0.0026216996,0.0015137737,-0.0013287974,-0.0080490931,-0.0029946414,0.0010592202,0.0064526119,0.0005058947,0.0000263286,-0.0054184861,-0.0002561776,0.0005461444,-0.0087269355,0.0051127529,-0.0054317939,0.1392138927,-0.0000029569,-0.0000028902,-0.0000007516,0.0000031553,0.0000041972,0.0000019426,0.0000007275,0.000000997,0.0000034334,-0.0000015479,-0.0000036137,-0.0000006935,-0.0000028956,-0.0000006606,-0.0000006783,0.0000012732,0.0000004837,0.0000002884,0.0000000481,0.0000018761,-0.0000013958,-0.0000006607,-0.0000015444,0.0000017261,-0.0000014219,0.000002811,-0.0000015029,0.0000007786,-0.0000004593,0.0000020791,0.0000012363,0.0000019207,0.0000002821,0.000114418,0.0076092427,0.0067796906,0.0047664767,-0.004011921,-0.0018885214,-0.0033825218,-0.0086352138,0.0057525119,-0.0019397015,0.0007698905,0.012053913,0.002784882,-0.0050310886,-0.0028771565,0.008920314,0.0045538319,-0.003329689,0.0006910971,0.0046323064,0.0001975965,0.0005700151,-0.0009639102,0.0080568811,-0.0060186868,-0.0047150951,0.0054148488,0.0050945249,0.0010363152,0.0063643961,-0.0012992476,0.001924594,-0.0011092013,-0.0022340163,0.0571079761,-0.0015834502,0.0091477616,-0.0035113646,-0.0069749008,-0.0005548826,0.0073257343,0.0128507135,-0.0112656738,0.0006539134,0.001138014,-0.0080069636,0.0002736285,0.0055100988,-0.0047831149,0.0064196682,0.0051782423,-0.0045166461,-0.0040069521,0.0059885098,0.009386407,-0.0033871924,0.0000967227,-0.0056068634,-0.0024496387,0.001095584,0.0032068324,0.0040879437,-0.0022798367,-0.0073539094,0.0016659643,0.0010714802,0.0037317859,-0.0007434254,0.0217001259,-0.0087183785,0.0113923038,0.0080553398,0.0030857216,-0.003601854,-0.0090509656,-0.0014597213,-0.003656669,0.0062019572,0.00273001,0.0165882487,-0.0122604087,-0.0058146351,-0.0098126983,0.0010143708,-0.004504841,-0.0008615782,0.0043140495,-0.0032907704,0.0056115122,0.0037222408,-0.0075072709,0.0003665812,-0.0016800916,-0.0023753012,0.002479761,0.0032390092,0.0006291264,0.007664831,-0.0072393485,-0.009225097,-0.001951548,0.0071396636,0.2401296538,0.0012081526,-0.003172626,-0.0000768465,-0.0003772734,-0.0010815167,0.0029905472,-0.0015968619,0.0016980565,0.0009313664,-0.0039949371,0.0055989775,-0.0058376076,0.000981913,-0.0046341661,-0.0097945954,0.0035814044,-0.0030881719,0.000037647,0.0074236858,-0.005794377,0.0012157463,-0.010106329,0.0000014176,0.0039881424,0.0092415791,-0.007284529,-0.0111842289,-0.000314419,0.0029896342,-0.0004718646,0.0043075309,0.0034120317,-0.009469916,0.1504210193,-0.0006082718,0.0045658308,-0.0050859647,0.0025027276,-0.0010644438,-0.0019017176,-0.0020706825,0.0006077737,0.0024410722,-0.0015274366,-0.0007952736,-0.0025819735,-0.0035309857,0.0035085246,-0.0017574184,0.0043001279,0.0003574225,-0.0032176843,-0.0008784446,-0.0033710305,0.0011018582,0.002519955,-0.0053199547,-0.0021454879,-0.0042959756,-0.0043995455,-0.0038378746,-0.0011111957,-0.0019714362,-0.0016271806,-0.0010234887,-0.0068283563,-0.0006541512,-0.0059476213,-0.002736903,-0.0017301458,0.0034555349,0.0004427783,0.0069469528,0.0000895585,-0.0021561032,0.0042972466,-0.0009166384,-0.0049269759,-0.0070936888,0.0024157989,-0.0034185583,-0.000651668,-0.0124951771,-0.0027534025,-0.0003285363,-0.0021511148,-0.0087312183,-0.0021774858,-0.0114180214,0.0012482382,-0.0108473603,-0.0051194629,0.0030639889,0.0039947095,0.0051361805,0.0016840369,-0.0019497605,0.0058626535,0.002571255,-0.0000196831,0.0038112161,0.240021176,0.0041681363,-0.0078735036,0.0042102753,0.005008152,0.000043955,0.0033558844,0.0026159072,-0.0050924777,-0.0070566607,0.0043867884,0.0090928929,0.000645734,0.0031610102,0.0001736468,-0.0040731323,0.0031971895,-0.0012044844,0.0031590442,0.0034998309,-0.0047354158,0.004208801,-0.0016491791,0.0009432808,0.001997027,0.0072984715,-0.0096171284,0.0048811727,-0.007038513,-0.0040234779,0.003978506,0.0057822727,0.001102979,0.0048373078,0.0418964809,0.0030818932,0.00321122,-0.0018282947,-0.0021646294,-0.0001747889,0.0010058316,0.0001041525,-0.0019415343,-0.0006612553,-0.0016575362,0.0006165231,0.0009965011,-0.0053551223,-0.0037163971,0.0004580904,0.0041728412,0.0028462476,0.0023850648,-0.0062521862,-0.0039407199,0.0003374025,0.0033076854,0.0031261666,0.0057750146,-0.0012378956,-0.0033145159,0.0033528981,0.0047705318,-0.0011613523,0.0065969936,0.0013445703,0.002185637,0.0035792639,0.0160481588,0.0044594925,-0.000331229,0.0075761139,0.0008002937,0.0052241077,0.0012235805,-0.0067028964,-0.0090660336,0.0005437702,-0.0034729794,-0.0035644068,-0.0072081209,-0.0017276594,-0.0036441707,-0.0079651879,-0.0059507613,-0.0027928961,-0.0111642509,-0.0059984302,0.0024953454,-0.000843635,-0.0059182925,0.0019441421,-0.0022006555,0.014686199,-0.0046253872,-0.0075448699,-0.0155461803,0.0017905054,0.0080531725,-0.0005691465,0.0042549432,-0.0022575551,0.2787993903,-0.0046152856,-0.0084778641,0.0070010686,-0.0021473421,-0.0074695358,-0.0038260757,0.0044679048,0.0012526659,-0.0015446128,-0.0038257207,-0.0035352136,-0.0013080708,0.0070301188,-0.0012768784,0.0051588217,0.0010381151,0.0071879541,0.0056210577,0.0058011758,0.0044295476,0.0018397526,0.0011697187,-0.0053333584,-0.0037542395,-0.008597163,-0.0007942901,-0.0116393416,0.0106097625,0.0003782869,0.0052053315,-0.0042628024,-0.0096302056,0.0108295669,0.0946544215,-0.0040387781,-0.0127383432,-0.0076635489,0.0015014712,-0.00005069,0.0044369712,-0.0010970827,-0.0058291172,0.0048231243,0.0041627279,0.0039545233,0.0000060799,0.0079284084,-0.0046404398,0.002500866,-0.0061895531,-0.009832275,0.0011251186,0.0053892806,-0.0018225472,-0.0030797163,0.0067893694,0.004585028,0.0106121927,-0.0034513448,-0.0042040373,0.014255935,-0.0064362552,-0.0013336015,0.004844678,-0.0023280962,-0.0102569393,-0.0056329524,0.1854883404,-0.0057088665,0.0045267133,0.0036675295,-0.003896731,0.0016352464,0.0057559348,0.0007628458,-0.0093456152,-0.0041252877,-0.0012426036,-0.0022725702,0.0045643951,-0.0049543736,0.0016599867,-0.0005442202,-0.0017342866,-0.0026488602,-0.0040429996,-0.0000387501,0.0047225033,-0.0045552755,0.002837728,-0.0089383564,0.0014124136,-0.0041624738,0.0054883106,-0.0005857315,0.0000443692,-0.0000213008,0.0044788818,0.0024170312,0.0054322119,-0.0029393852,0.0722758445,-0.0038436794,0.0041967806,0.0014818048,0.0037459248,-0.0057865366,0.0067072241,0.0004791347,-0.0066006236,-0.0056965529,0.0020624367,0.0085678716,0.0048495339,-0.0056975412,-0.0005180148,0.0056421399,-0.0002890944,0.0005326895,-0.0043787091,-0.002511207,0.0037870853,0.0027721987,-0.0030438941,-0.0057781453,0.0040750324,-0.0038561935,0.0104929395,0.0021402203,0.0044197085,-0.000075772,-0.0051343161,0.0012703279,0.0072995887,-0.0029412494,0.0233573223,-0.0008046884,0.0042869246,0.0068374588,-0.0008552533,-0.0023978538,-0.0033447909,0.0041862926,0.0045117903,-0.0016717465,0.0098250812,-0.0078721078,-0.00469441,0.0049977783,-0.0062617297,-0.0024236475,-0.0068502918,-0.000186293,0.0062381853,-0.0100793894,0.001782519,0.0019258652,-0.0011493741,0.01203539,0.000688902,-0.0048856976,0.0025384575,-0.0055138223,-0.0166999491,0.0059839025,-0.0087696384,0.0050061148,0.0075221603,0.0091065728,0.1375935185,0.0019501703,-0.0062293644,0.0013946853,-0.0005246509,0.0045652244,-0.0107372164,-0.0081761823,0.0007409161,0.0012295323,-0.005489477,-0.0072384801,-0.0044921315,0.0003167371,0.0045897639,0.0045342006,0.0021384806,-0.0103879134,-0.0040004031,0.0027915663,-0.0023824497,-0.0074814445,-0.0050835662,0.0007662766,0.0071926039,0.012938079,0.0039265099,-0.0077974018,0.006912428,0.0036442641,-0.0076304874,0.0032943965,0.0064915402,-0.0094905152,0.2060323389,-7722.6769506045,1477.2065523918,5115.8005361139,1646.255127675,7270.5356588488,-0.6517323351,-0.4122210087,-5.2389951009,999.5959098437,-0.6262381469,0.8420571903,13360.1185296704,6473.2961754233,-1277.3371014053,-0.0608025761,0.9122778186,-0.3265936124,1267.4555915668,999.6068964175,-13.1691696492,0.4585063,-16753.0423393248,16285.6194366216,10042.0593538842,-2217.1038861687,-3020.9960079445,5423.0671908024,-356.2379301039,-8.0317736395,-8422.5725911426,-0.7167330858,12573.4928642424,-11178.8631918639,-20419.0745926074,-0.2352680514,15897.8691348446,-0.0953118253,16923.4314148825,0.3298715353,5953.7636379906,-14536.2611230739,7146.3088356369,6.7152965986,-1949.1338600991,-0.985363227,10076.9202071496,-17758.965423033,38661.595594343,0.826964388,-13399.1655935069,-3.3959198134,-1482.1322472947,-460.6616437041,-239.8810307766,-5333.8297160341,-0.4409872863,-7091.0284475955,-3166.0483727225,4420.2438034748,-252.0420988652,4701.022530759,-10085.4642791587,12116.5007880478,18883.2608913338,-4277.0666705299,-7898.9215112772,-1270.2275764464,664.0501981404,-3075.3059079525,174.0725267362,-10900.9197946332,4298.3497132786,-10329.4047863051,910.1068710379,1.6553706717,2805.1135226373,6359.8745473479,478.6980527483,-3197.064123493,0.5702107568,8529.3821965152,7556.4510498613,-3472.6597069798,-18266.7024205633,7850.3765351714,8069.9148447377,13912.4536216625,1117.5524798213,-0.9410047278,-109.8277490552,786.2139819048,-5175.607873115,-6969.0164260231,-11.4091132255,0.914926334,-2.7664244895,-7189.7100338753,-4.0653363218,2798.9961759457,-0.3286150938,-0.5273581464,-1047.3446858463,-6969.1902518541,-3.6588800151,-6594.3825283676,19266.272352285,11923.872500454,5.970417675,4209.7541998599,-1309.6141448136,-5786.7449385692,25848.4803402509,9422.5171126891,-0.4329799224,-0.5364001796,-811.2264182261,-44.7031852094,-0.4841436979,-0.8035349509,12821.4092349242,-0.6121808312,211.5787213155,0.06129743,0.2770810375,29.4557552403,1168.6400674922,0.1296569244,7119.3694229461,-1456.6315698165,-2435.1626660382,0.9112877135,-4777.8703461014,0.5272013569,-5213.4983547403,-1.0325447332,7128.42410247,-4.2920394391,4066.1723157618,0.5532535221,-682.1014917673,-11.5771819034,9631.2144497067,11665.5088584917,-5546.3914968221,-95.0072078503,-123.3676684904,-5853.3448916797,636.6359650302,4.9756075147,2582.2178611115,-6062.6506028546,8858.220310605,-97.004529377,174.371512677,-3467.5933176438,-12339.0775058783,9104.6176420984,4289.4294672683,3345.9449822552,-4821.5658727276,3349.7884563403,-0.8780506194,458.874250331,3330.7415542287,-2993.0742991884,5568.3165834269,4810.2412909644,-1796.4337744529,-2350.4121022375,-10623.674976081,-6213.044287303,-0.023616782,-18.4570514406,0.8597532184,5174.8759554338,3926.1756435373,31971.0433880614,197.7793425722,0.4915736216,-11461.8575573248,-0.1023671034,-0.6719214161,-1677.5323992823,-0.3292544266,2343.2440856096,3185.8777406078,31971.2131007067,13487.0532414003,-13422.7438737421,1738.7978048609,3175.6329068069,-25274.9148981238,0.7887658596,0.1898463117,0.2817557737,-1410.0538978645,-23.8169251496,-0.2096903931,-49.1486484076,3.2851985726,-295.4738401113,11491.1613065795,0.5535723459,16602.1425870885,-1416.2698838972,-15127.3975594115,-0.2545930701,9014.633897797,7036.8827543875,-16847.5312926971,-17581.0397117986,-549.1418456541,-5975.2226888197,7707.8516397117,-2155.8436592827,1.3426283133,5033.828701164,3212.1499509407,-0.5511854143,839.6995789184,-22.0043984106,-5166.2566201057,1960.9957110856,-811.2239571825,-2564.216702673,13804.0208956857,-6031.1782307525,-2097.6850310254,-12145.2480089422,-37.3446630385,433.598261485,-166.69529967,-3.7377258249,-319.7815606643,435.0815625009,2834.1369867834,-17121.2692232776,-657.3971377638,4256.1988021955,5980.6742312957,9817.5091513091,1581.7336613925,-1083.5779092493,7732.4974244784,-3368.1994870375,-1328.119192672,-3707.351588,-555.1274319335,7930.6629536384,-9025.8224630504,-1332.1800476143,2734.321502979,-18572.6368844309,-29.6582671552,-323.4047176644,-1215.6315000856,4662.3586943182,-0.0917914238,6.2607014317,2037.6349843234,0.2904492041,-0.597870257,-0.2697738632,953.5915360377,2524.5217753051,-1.3741841045,-0.0782193633,-0.9440233714,-3086.9066621118,0.4689664197,-0.3781814829,-1073.8095627981,2667.6217500301,-0.4434664842,-760.38445175,37.6505800296,-12.4947534847,-1046.6836923989,-1275.0383177913,-668.4852641991,6014.2153016956,-1.2182305553,-473.6594016419,-2484.2635156527,-0.8996068653,-3.3644494386,0.077897074,-4504.4073656634,-1.036729787,-6318.5176172719,-1.8058038858,0.01301139,0.628291578,-15077.4708056265,49.2911844787,-1865.4878312699,7206.8464782305,-3041.1356400326,9035.9200434377,5476.8697954454,-2282.4765366286,0.142707243,-0.0676321665,-8025.7544671907,6904.6100716562,2.0772972708,-4947.5381965563,2450.4008817723,-3810.4237975133,36.2285836464,-6977.8620454855,-0.1962514305,-2.6435694452,-3539.3230014937,-4.728634996,-3784.9258582144,3337.1094198729,3.491511259,1.9069562735,696.6900130172,8890.2324148226,-2707.4864477039,12541.3128130114,-3494.7166269702,-917.6043270602,-2419.546474134,1657.4516768815,-4088.5865446018,-0.4068691313,0.369638411,11452.1102615749,2630.4059421778,-125.6051976623,-2766.9359531416,-10246.2305914831,7398.5634139331,-37.568974742,1463.7058774364,-1.368489188,912.3886987782,57.9705363621,1055.3131685655,1.0153462838,-0.48001955,-0.3500902163,208.2154217594,0.2334079211,182.9667624974
   3.7272044702,-20087.0264801781,0.9492036057,-0.1508949696,0.4922237614,3861.5928866842,-0.1892961843,-0.8228966686,-47785.3953655619,-30613.1472260536,0.801130703,-3050.5604119977,-1.0882749132,-1019.7047285069,18978.8912966617,4.2669298214,1.7588408706,0.5322430376,0.3845640264,2216.79359364,-1605.3741975797,0.0217282562,0.7641553428,-2098.38493148,39928.4884983941,-4395.6416594605,-3823.1494546458,-0.8970863844,0.6327457649,0.3873306393,-93.7498991236,-5905.3043515131,-0.3129376193,-0.2484240733,-2017.635400126,10227.8798362232,-21686.5566280913,-1263.1097820181,-0.6424796101,-29.330948323,-264.3046384737,1271.4901219336,-1914.735477897,-12.4376935699,3021.4832765835,-963.2004878428,7131.8417892363,4003.3209422518,-218.9191119375,39.1060456875,-6638.1221598318,-4815.0750830275,-2085.5119445949,6002.3212853065,63.9212095787,267.0538487494,-95.3028890197,730.573703956,10574.6721793735,-8010.7013590649,21.8813261173,8540.9375393694,-2294.1781638211,-5311.2005354451,3390.1574883381,1444.9134059635,7903.1857651167,2623.6430764198,-14762.1945407692,-98.2197827733,-1674.8002168272,1292.2451550872,0.3639082365,17.2200456637,208.5479370805,2236.468500435,0.3631226999,-2.2698254006,7953.84716214,5802.7674383209,-18917.7423349718,-1.170298134,-0.6475595505,0.5708493856,1.6187876127,2082.9737248136,-0.3051972187,-0.0192771969,1600.051476651,0.5235391908,-18919.060676049,30662.8467780923,-1.4625331061,-9692.9176602466,1007.1042163432,-21786.4105958043,-0.7660820672,-0.608815966,-6266.2346593198,-0.2156456059,-0.6309052677,0.5151844507,-0.5062402118,0.1734791972,0.2529772532,18358.2781360766,0.3766267427,851.5704960357,67.4994865623,4398.0138375359,0.1840334984,-0.0795698744,-0.1495187929,-66.3852205756,-3462.2181872952,1.3072261697,-4617.0650304076,-7620.5230462977,1.7975953539,-21078.5814635414,9012.7350039939,-9788.7641079979,0.5949442022,873.8355638704,6835.5603332178,-3295.4675838867,25.2646950203,3126.7310330413,-2526.5839687305,6364.8947088691,-604.0075509585,-3387.5648457225,-10683.0475813974,-7192.9550845563,4968.7492576783,0.6068227649,-2251.9714738853,-819.6441526459,-2903.4061739871,7821.8229919258,1248.941123695,0.6990770413,4797.4755472327,846.833025502,-10734.4359931936,-3.9865767369,-1.3626697956,1851.7829210106,146.3245435588,-2425.1530230315,4454.9892005953,-2454.288171412,-0.4939989345,6567.0484977282,-16635.5878645492,82.757848949,3846.6534662097,150.4182744806,30485.5073211168,-2774.8553091193,1362.0687191638,-5.2893017959,-2494.565558215,0.3004883267,-4434.758428162,-3671.6947954304,0.6438946575,-1888.0023248687,-618.7513320405,35.519041815,0.8062425436,-0.8416190144,-0.8953444576,21122.3825620397,-4435.2814365884,21822.0915417197,-5.8158853918,242.0327331151,2440.3571614978,-1.1887742871,-2447.0667398586,-3217.7135850787,-628.9369488099,63.8685744547,-1057.420164792,0.5704151654,61.595612666,-53.8624344528,-0.73625995,-5619.0681812085,-0.7299316212,-7503.4694429438,0.3156161392,8498.458482812,1167.2022202396,398.0329729517,84.3821641128,1852.9280572739,-0.5025486844,1088.0748651922,-0.5818021236,-6408.76492688,3621.8574056389,-2699.5688228709,5827.7368136668,-2667.7199697692,-0.609358119,4404.2120445573,-7694.6026783479,624.7099461144,83.1087927551,7154.8821851036,-6194.9005877093,9690.19334801,-0.8191881422,-1127.1404059346,6107.0112842102,-2.7834676001,-1761.0935222491,0.6201104717,8275.0592612239,-11140.1736712647,6170.0588977125,-5102.5035817126,20202.7794777383,12159.6049935781,18.2975712505,-3.0793673518,5311.892844826,-35.2072288592,37.6247318585,-45.3585104753,-2241.0117733462,-3244.3520620997,-2556.3892867916,300.3759725705,-23.5652673976,-3232.5927712835,2481.5818887722,0.4618858916,0.0378316453,-1501.6919271686,-8404.1939327335,0.4421046567,-36187.1921901064,1433.6585975735,24097.9601642152,-14.8987316781,1355.2300666208,-12.6359169577,-0.0833332963,-1.6428198264,-7206.0876813117,680.7373203855,-10332.2014004884,0.5349581682,-0.9363636294,-0.5627226516,1356.2137302082,7301.2813384421,11.5431801934,-0.1147753698,9.9649014337,-1.6670432177,0.0147339321,-13870.3165233214,-4980.0000836474,4631.6840390207,-0.2880459427,-3078.978213311,10812.339377726,12005.0687998833,10332.0661299686,-0.3504118334,0.3508497182,8842.3539878145,-0.2755889535,-26.9438823245,5720.8586875395,42.3694164195,2123.1042786741,-2282.8891462245,-29643.816693428,81.5223597704,-0.9616095512,-7114.3180608129,-6135.8837188502,-12172.0520258843,-4094.5995847003,3895.3765658817,-0.0784336078,4441.8305580961,3769.7723226984,-817.0421948073,-1658.2475705947,1.3710977118,-15064.90981996,3982.2283098841,2137.701801949,-4440.8267379487,5858.295158509,935.1135229394,-1452.2002241398,2.4977375763,-23.2584189198,3530.0174156457,-316.9642387022,-8117.2679213646,-2102.0045695555,-1.4945038306,-2151.4200211971,0.1445458831,-5763.1384763049,-8677.7849275258,-1389.5736621036,-1113.109934592,-1582.6566673274,-2410.493880285,-5186.6046123441,-1716.61291709,-10453.3151718865,2381.0632070605,-745.8216359763,-0.4849866287,15558.3197370662,-11256.9001593754,-1766.6648865229,-16144.0914153361,3.398591665,1778.0844235841,5694.9239135237,-157.2273477432,11.0143064947,0.1770492522,-0.5185710524,9890.987298661,15971.441607262,-0.7292740136,-12007.6001571981,0.8575118727,0.2319679289,1676.4164491516,10.7861224281,-31557.8423306982,-0.3592767827,3641.8828535363,1057.6329058427,6079.637053209,0.6543400187,0.4915889928,3.3154026523,-6702.4304765317,23.4277304333,5854.2471052804,-151.6984341836,-279.9040338392,3.0183715574,-5183.2072980513,0.6180943338,-31.0729152869,-22678.5265407669,1266.3406517404,-0.5698688757,0.2966094305,-0.7052729514,2361.9656488376,28207.5147889141,-5169.847236005,-0.9442893794,1250.367167672,1.3011824968,5964.4947991017,-27237.2138668563,8.2287353689,0.2482082314,11402.0425658828,-12946.8798599857,5718.2690785041,-1048.9288821339,-142.1003540189,-5824.7216709694,11605.665941612,12428.1803106358,-1965.459099427,-668.5685416721,19757.7355790869,-3933.0923416642,1.7471666511,-0.0426033373,-7754.073756888,-1570.2141387575,-232.7382301833,-10471.2965200341,3043.1071430135,506.5055747626,-2181.573474612,5260.1820173142,420.608444239,-388.884150886,-9890.0299020296,-2233.8094358536,6581.5551699166,-1560.2526667058,-3560.1511363652,-8754.0760760996,1945.341229041,-6318.0529385102,-4021.3530242725,22542.9704126611,1283.3500997792,-0.6956476418,14934.1778808613,-97.3172990532,6034.8675627411,-0.7649045223,11.3583220008,-7557.6031669571,-0.2756363222,-0.7503407893,-0.9372586482,-0.5530143349,-3742.1254212918,0.2609608822,-0.4762128293,-0.7664669729,1.7054421834,-7557.4771978275,-14752.9028230832,1745.3524896601,6015.5309692818,14.3610599038,-1.2254316128,1226.6976865315,0.176749424,-20317.6434389153,14428.1554441043,960.7035589807,-11924.4427110572,-0.8490138887,-4133.4193552511,-5173.1065199537,-56.4794085208,0.7099759592,1771.5025547532,4971.4017518444,6638.4078902829,3632.8043781683,-2150.0506050727,-0.5015680509,-1.1175477601,-5135.0737376891,1.4098725544,-17194.9831447787,-1256.0137100429,-0.269697878,830.9889484518,-3378.4610695918,-790.2867864764,0.4407376903,106.9374139481,9168.005123285,-3933.7431931636,-1945.6545336494,623.5138056111,-3788.181396044,3757.6798297865,1696.5586395521,3192.4853307043,-3.5935202061,-14.2377826749,992.8906652737,5389.3087422766,-1773.3767823017,-526.1041147279,9.2512956009,-9081.7336383881,-844.7916455447,-524.6645412001,-4329.0636306784,7337.6417449564,-8789.7608620792,-3011.3596567748,-7889.212868438,-3114.9043513045,0.1972162829,4013.3044277909,-8650.3953720297,-9044.7155385161,-451.2096971062,1550.095960946,-1.4522792033,-1547.2111495393,-0.6515929678,0.564030505,-10045.1654572493,-15.0681168538,0.8789837463,-2837.189278592,-129.042538766,19.4961268892,-6631.4169302698,-0.8841225846,0.6344495691,2.5860846211,12593.2654342891,0.7884820695,4557.9954498969,-0.9096344439,1.9545608576,-25314.5352905941,-6631.4553787123,89.0791676819,11179.0585918314,0.5571424222,-0.7567270326,0.0267707479,-14.2340717353,3006.2463730671,-12947.540277771,3.2391754117,-1375.9119424222,0.1300699522,1.0742353568,-0.2370596151,471.2363095825,0.0773540097,0.8620242092,3549.9363152021,0.0129689925,4.3882407969,-0.1959177009,3796.8244214635,0.0449113034,593.9386381702,0.7092844598,1029.8800622735,-0.3078529645,-2315.8859918089,748.3823949555,18868.7540345096,0.8019112961,0.8493940423,0.4274561206,-0.4989469413,1240.1224802497,3308.8791637743,664.4628955206,198.4554725669,-45.8518052837,999.5510362169,-2697.3245592383,-7883.9868299727,-5435.3744809971,-8897.6536147341,-13.9848452735,2015.6950476967,-2.4706475876,-7131.216419757,-6812.104854898,-6897.1615292646,-4132.7484280113,83.4765278454,734.1288326071,202.8365301059,-4874.0052025532,-705.1097006269,-8223.7212093558,82.0433761866,-2168.2557744289,5384.6113563669,10612.3706310341,2099.3568063668,-2.3402242018,-3070.2686776425,2686.4612718708,2903.0133431742,3244.4150166429,-3355.0677323283,2030.9019903156,1406.7796923725,0.5440074138,-0.2344545105,-93.5420066299,1016.940521542,-916.9131860746,9295.6986394967,0.5573373016,0.1027796563,-17367.4052955863,-0.7618944513,0.6193904212,-0.1974198391,-6185.5481160109,-2978.0455222339,-917.9369359739,2.0681061757,640.7856041749,-0.078287595,3260.6098453302,0.1066146861,1.7058854293,-4307.8953252436,-16860.8824073133,-0.8000477064,-8683.6793402716,0.5437817602,0.1674776425,18433.4135559635,-0.9836966988,23776.3541373282,0.8275710686,-10253.6105343683,6918.9914362679,0.532478767,0.4569766305,-0.3579812309,2.3391003213,8816.9592633073,-10803.7117194985,-0.6809709241,-0.7300400949,19213.7027701155,1.0156704148,-3963.4922097696,0.4811503606,-0.5045851849,-1.1375376529,-18.9157784222,-9840.4641167512,7875.943100271,-9098.8527674183,-6156.2494146892,1.20916854,12692.5407264004,-0.1367406742,-2277.9638773017,-4816.5221387677,-4416.1404813449,-0.3520862008,4290.0345393954,-4650.4721293858,-3512.6936380552,1660.5281968915,-4508.4710094745,760.1429015993,2334.9897775621,15.8349457189,6602.9987849246,5815.990411381,9371.6029509988,-9946.1043118671,728.0813761009,-3137.5283681662,6589.7246471113,615.6923117432,11061.631761275,-4525.0139975682,4078.7818553542,13579.3762191143,-82.0258944778,-1564.6568755126,14978.7602436998,-0.5169275752,-0.516872493,33514.1563498704,-0.9258111778,11.5958604134,17158.62622569,12213.2292375478,2396.0429124495,-0.8915377513,-1.2097445169,1485.3482428907,-27.2030313726,-0.4359243291,0.2926640657,0.567760179,14996.1714550564,12213.1963735309,-0.3914197621,-26218.1280081514,-22822.0351038563,18411.8027293457,-20797.1995764228,-0.1423270251,0.9477448049,43.4421483503,-3426.876566816,-10894.5333824326,-1.9587803838,16811.9563370343,5097.8187363543,31462.6515293254,-8177.1798925795,-0.2641326314,-5893.5985148539,1185.5426918729,-976.0876337375,0.0859244105,34011.7998037956,9302.5634733008,-9718.2537043818,26351.3741198044,0.7537934057,-236.0681710378,-7231.5320014631,13917.3452421888,-3646.5473183648,-1466.8562231557,-2.9847147006,39.5113022682,931.4528982369,21315.1669634935,3462.3917970614,-9291.6378470904,4590.4514471294,608.11664467,-7221.0720936497,8069.0700926456,1578.0733566599,5303.8062342028,-16355.8621860593,-2659.0655295092,-275.2284472384,-6512.086835711,-3456.6545875382,-7197.3408596982,6641.9215533301,-1397.8003970432,-6608.7751839237,2924.8458919805,50.3721279072,-12001.7419632317,5451.1895086376,-15603.3936777594,2170.7893776801,-2553.2278265775,-4601.8320352959,5491.1049064662,3679.5388535492,-1484.2352578394,10571.2832283171,314.8725402978,-2292.0627407181,-1.393124258,-0.9155172202,1.0883773743,0.8554565032,9731.1653682881,589.5352579625,2443.3510399923,-0.1892323994,-0.82557319,2701.0845834944,-0.9589775586,1.3572873729,0.8842090588,7803.5290323332,-0.9001636757,-0.8352060628,-0.3301817054,0.0311583153,-0.9613174469,2171.7080191822,-42.8275117013,-27309.6599432233,0.7863059002,-229.2423555015,-1580.9295348357,-1595.432733074,-17945.6898859672,0.1074672687,277.020411922,-0.0896100679,7337.9522832393,963.500266063,5611.620359035,3037.2154735772,-0.4769974886,-2569.2017046726,5419.8701367065,10.5231169316,-1.3053614827,38983.3731627886,-6640.5379335934,-10924.1172266353,-25995.1906232261,-0.219765739,-0.1609003799,-0.2281658432,-1033.343162144,-60.3892071013,-1313.079980116,0.2648149042,0.9666427321,3450.453684326,-8382.4166803911,-10534.7327709415,1331.4761280527,4654.6879501751,2984.2304990865,422.6231387607,-12.3053942023,192.104625205,7407.394208887,-2251.0918742333,-96.8420734862,-1.4951059727,1310.3581983439,819.5345793441,-6087.1783006498,1016.2243636238,-3223.2978822523,-3718.0998172437,-6219.3601509979,4127.1046310514,899.193732067,2262.2989730039,1278.1428270175,-241.6482614335,-7134.528519022,-1003.6596481977,14.7600925497,4816.0988676812,1821.1791763413,-13017.4862595337,-3012.7441933299,-5948.5882958048,922.2972900988,14.4667119417,-0.5226773747,26797.714478462,-657.046477654,-931.5274265115,2.2183993295,1391.3691788883,947.5051355222,-4499.4280416916,0.7062815241,-0.0228200302,0.1255786256,72.2442320579,2070.3408464696,-0.8356663692,0.5286034525,-865.0841271337,947.5186572169,-4153.4131699818,39544.3581240434,-0.9223798009,-7085.3119969866,1399.4096494911,-963.5586528688,1.7893377746,-2409.1032978219,0.1878149474,-9648.4163765868,-2549.85471978,-6.1181711645,-11178.7330143105,-3621.5758023441,-327.5401189775,-0.9772018529,-5222.2412199313,-628.5579282331,15158.9122739574,-0.0433127437,-34718.033589402,1841.665847288,9.4889291355,0.2153031332,-265.7117644216,-1968.6088622736,0.555697784,269.8978816502,8525.2720247274,-1004.3604974551,0.2301388356,0.4473244426,-137.7882499401,-9.5430232307,3414.5263209327,-2505.1523312561,3538.0930070919,4299.071459477,-6906.3482227747,-944.8504180776,4514.1622865977,557.7998199263,-0.0549475043,2917.1783137457,-0.3715623253,3603.593818947,10270.9186777376,8343.1543635894,3078.4137269801,-381.0172004859,2195.6465736233,-249.4495415338,1646.4451751471,5183.4456514631,1658.6003788791,-683.5187047106,-2524.4190233031,1614.4796023387,3626.4471474995,5.2060920129,-7809.050946783,0.6970229477,-2308.5417321406,-1123.8748838183,40.7810131598,-8699.8411661494,11080.1434215503,0.5514087831,8873.6024620279,15.1460337031,-7002.7560313161,-11332.4785114255,0.8315121291,-4149.9867503132,-205.1956720149,0.1675593232,0.1279988678,-6032.0383705778,-5786.6753878802,-56.675934622,0.9574672033,547.8427733334,2200.0947510777,-4150.0359029241,3502.3710126032,-18302.484759545,-81.3489607169,-30412.7752767206,0.5208282669,-10411.1816288548,-6002.3925371823,-3416.1884571338,-0.0095412761,-1252.7957571165,4125.8986682635,0.4709990466,0.6787611908,11.3002206754,-9826.19758854,-0.5226271642,567.6127822439,3009.0147000239,15649.4188486869,63.4630192868,-9.9889031663,-542.134363755,36903.4533013115,6677.5919027018,0.0338310445,9141.0368624665,6222.4533758545,-0.1875651529,6060.3612273532,-1.3427607212,7994.270174686,-0.1405709144,12372.6486611507,1455.3162971947,-25.9844552827,-624.1967994613,351.9541439226,-4793.3860559794,-2566.9900532437,-3551.4917571357,13504.2855024411,-395.2889721312,5910.0462461516,4077.9963739642,6208.9728996243,627.6378184658,-5531.9251220247,-153.1211029944,7679.510781325,9038.4377742863,9125.4812028829,-10122.7864894677,5782.215492369,-3701.5948954397,-6572.5354983896,-2779.9475782042,6804.7194347856,-14926.8193788005,7695.7648366077,1535.4455501022,-6014.7652347285,3531.5335898819,-2261.6341062302,-10557.5993395364,4909.1962194733,970.1171241013,15.2235389117,-975.5961180667,-5199.391093059,-791.2545799299,-4.8553254908,-113.0105073722,-1346.4125044503,-10.5104703239,564.0706235385,-0.9324676102,14218.9907184453,-3508.8934110719,0.2105472503,0.1994869923,0.7088755045,-1960.3937178166,-4933.5394589231,-11.2219123855,8430.8700747176,2459.1521625824,694.2041182159,-7262.1414106704,19.4022519554,-0.1853224745,7.8269753978,-0.2460577329,10603.8972571961,-5252.5028910075,-0.0158379239,-0.8805139364,-124.6830433804,0.2455294764,1.8318488498,-0.7754258218,1399.0026866617,-718.3452921911,2166.8928686147,22330.4252868844,6373.1917527656,-0.5779903841,8242.885410934,-26805.6204923291,-1544.9883406649,-0.4410189855,-2925.2958844874,-883.2500912429,-568.261233017,-0.4735859544,-575.5594174412,-2.0830107078,1461.0330478507,-482.2062367117,-2323.7995607251,-5240.8647765596,-5724.1228386402,13743.7316973289,-7376.4036339305,7847.7225835023,1143.861372944,2590.5326279583,-7.4565281179,2607.0866890822,5.4385639111,-2231.2289979887,2559.6042094134,-160.0925531151,-2572.8819712887,-10724.4219536282,-0.8091579683,877.1856532241,-2095.9694343228,-2870.5986222776,-4417.5815581721,-2118.7771404096,5114.2333017634,3763.895876103,1.2283510152,4068.4896921122,-4836.7207917099,-1.4131261539,-5940.4092764998,3.8978651511,3669.3090063602,462.1656673844,3709.9955037918,-15121.5244219086,167.9593146766,-2788.0708442404,-768.3613509858,-7504.9685160439,33517.6451219841,-27.5338835388,-0.7020777778,-0.1122373036,-4708.1193585125,0.7158728308,0.1403166339,-7789.5509610783,0.1315087951,9766.0620771504,-0.9368991553,-29.016565934,0.4044218358,8832.7086736841,21050.6249521837,684.0594746378,1.0359169714,-2708.8162894167,0.0047678126,-39215.1379035048,12594.4155733171,-7547.0945226213,0.6948076449,-0.7134700853,0.4926883748,-0.6907360752,8.08947969,0.8771918436,4973.2933525761,0.9602813254,7387.595378319,564.9527656171,-9577.4926319221,8.000736112,6.8883154395,3821.2349513046,0.8817722612,-12989.4321724463,-1128.1348842683,13.6099761086,-5519.3821912452,-3140.9619197378,1886.6914246568,0.3848634056,-1469.5917397386,-277.3351862876,-5657.7302945891,40.1409530975,482.2267673783,8830.6969690038,-11930.4442591249,-12.9161514921,-1570.9714015263,2112.0181638826,-0.5355150965,-18511.6679242128,-7965.5829113442,2772.3000126211,-8205.9146971299,-418.4109537965,10090.7539794985,-4706.9147686335,15.2969281616,-527.8735606506,6753.6974621386,-2278.5928072385,-3980.5201734927,15741.303343122,-384.5950923524,295.5182751667,638.0268619588,2362.0176793835,1334.8298949042,2296.2794994429,6680.0571430378,-691.1296943361,8751.3063498244,2.0271743352,-9.1632696983,655.0241958142,1.8393665557,6693.6247634516,-1062.1894960121,0.7980624497,1413.2306210988,-2086.5318865471,803.535484614,0.9377299227,3134.7881838166,-0.8455734691,0.9863981688,-0.2464601725,0.9118697002,-0.3535502134,5.8194536962,-2087.3328039155,0.4426550579,1060.5274683628,-0.0357061617,0.6924551656,0.4080493466,7.0351272357,67.0146129305,-0.6429483052,-0.4516219969,-4.3272554506,0.4109648631,1213.0548522209,-0.4901648286,3364.8364022005,-9062.1441369338,0.4312359994,-10024.264415576,3.5234007106,66.3048243854,-0.5973023452,-10.8623997526,-0.6232839136,81.1729227401,19098.6293760164,-1858.0457158621,196.7473223528,0.6013854232,3833.1334166773,1288.3290698851,-936.6972441032,1166.3205840377,-0.2938161035,-13.1832551803,-1906.570429098,-236.6195846525,511.5398080768,-1638.2733853757,-3506.6173116679,5393.3833505194,-0.9932051433,-2739.4029111304,-2331.2000155815,-10861.5392439221,-2935.5296622314,19.6175175898,1068.1185183618,4979.0695578995,-10044.4352691101,8998.6130439146,-4034.5219051613,1.07468273,-49.861416974,-4102.0937976219,16323.797958148,-9644.9025617815,-3704.876344657,4394.1878984797,9655.5603531375,-13666.660352821,921.224744032,-2809.2225229627,2778.6067484611,405.292102192,6270.4845939932,-880.710079883,120.7169216985,7000.5618170336,-0.4962197213,7739.1071274126,-0.2401127043,-8196.7148212094,-33589.0872397497,-2001.6639255884,5636.3752356648,785.123619644,-0.7686461488,-32066.6305851491,-5.2881933082,-4089.9807836811,5099.6266195256,0.2394773507,0.0876569773,1646.7709346358,5636.1237649833,-8236.5196513366,6939.4997370854,5363.545652871,0.3569272619,6714.607427491,-5752.6510928051,8071.8363497214,-16496.3843959798,3743.9747033251,-0.110490847,0.1379690173,0.2165373353,5.2777862041,0.284101172,2174.6734794788,0.4174545675,4578.5476466575,-2148.6256878382,-3532.768665623,-0.0292821932,1039.6007276843,-2004.8608176089,0.6387877287,144.9947487116,-50.7201803046,-1394.9200849862,5199.2446082832,-25037.6224733238,-170.2080091632,1649.3403949163,0.6406864472,-0.6552976177,-2349.7477224899,-1747.1907664028,-1995.8608379975,-11723.1293493131,10793.2130928031,-6.3583066334,-4028.8690476311,1808.5735990058,3188.6428286874,37.178512913,-4767.1422929335,0.811395,2950.949302468,-376.6675019439,-6.5758632911,-2322.2097539782,-4491.0813319531,-20706.9901228906,-137.5938563908,7480.3828096453,-5944.8996895395,-7529.4898838943,1.3517607342,-681.1420131651,-8790.5504719271,37.8709742794,-2276.6172583119,-2724.786835819,7294.9260381621,1124.8565825389,-15.4475354477,2500.8297801384,-9254.1763603468,14484.7413730122,-0.7709736173,-46.4690320556,-535.8487906854,-0.0597141393,-0.6109156094,-5985.581689204,0.0683920305,32324.7375534402,3761.8092856019,0.3083155309,29738.6835000337,2475.0462863231,-53.1473087313,-0.4210686599,0.9078275962,0.9390613436,-1676.4683002135,32325.3590975357,-135.2300927009,129.2477571592,-0.2158326528,0.3928986225,1.1963869803,-18.5293776409,5212.2482642622,-12717.0698362113,-0.8441189021,-0.096106963,-0.3481270892,-0.3913724697,-11690.3029405749,0.6346023366,-0.0778559754,-0.1319522794,-109.008508902,-810.4656031668,0.643253856,34549.9424532527,16623.7111313559,35.4858599602,21457.9456960972,-9597.7612660093,0.0035827774,0.659890977,0.797510433,-3807.0374241173,4453.6632672605,0.0499723157,-0.3838837846,0.2347266001,-3461.0705998872,-3696.5380773479,8654.5939751574,-878.0577224885,-8811.2650863968,6097.2843443961,2245.5090262591,814.2735327647,10477.546274125,2589.7313525897,-27189.6025754789,6.3044128917,10.6521742204,-264.3005764034,4513.203981739,-4883.5833285703,5599.4016861369,-2458.0866170743,-3562.428338368,-3616.8943192808,7340.806301584,-986.163036374,4357.1188784048,1829.4077247727,0.5827227005,1319.2276432542,-6118.9418580957,685.4865262314,3664.0328108824,303.2058779474,805.1542509454,3810.5690074167,726.2099264469,5502.4966638994,3798.6713520058,365.4524268922,-0.0817193209,3323.2946018613,-0.3879566401,71.7385647333,-1.4757759033,-0.528404014,0.5967129017,0.8405742543,129.0677373906,0.2373569409,-8004.3546909028,0.6538431284,0.2178391243,-17.8278260178,-2217.3159255255,-0.1540295233,0.2503911771,-10820.858251199,-0.2832428028,-0.2826851497,-0.0244365427,3096.908558189,-0.5929511441,-11041.5247212598,12215.742013463,337.7320912867,-0.1538995997,5138.1495752276,3190.4692801502,289.9573762787,-805.929515829,0.8015096875,-1215.7846774547,3629.607947277,4.7714258313,165.8107076788,23690.0324381578,-622.7474567124,0.6768182504,-6291.5685007718,-0.1574961921,-8.0399053638,-0.311747579,-3319.8191338685,-14875.2221755398,-1104.8778936224,-1.8380530894,-0.2707085894,-4095.6961700673,8355.3427385333,-4202.1973309545,-19153.3380166683,-4.685116741,7868.1749642654,-11702.1627950729,3982.4585483696,-2400.1413525489,-6601.6867396152,-15859.8656855984,-2497.3561060441,3281.1093228193,2757.5937281255,1100.5516607055,-2622.1042098398,-7218.8220558442,84.4326747332,6556.0296187931,787.7240144738,-8887.7697029242,4589.4457677772,3090.6157444421,-715.6298112903,4089.4297086289,-963.5620334489,-6346.4795309655,0.2386199699,-9048.001697019,8820.8290537841,19300.611823026,2213.2665470434,-1976.2199800431,-6851.407016661,-0.8943162785,-30653.2449563798,10567.861426685,-0.5091033445,-0.510063517,0.2609645233,4055.5897120426,0.2404848781,2704.798016373,0.523852422,-848.0579759144,4693.0573719752,-0.2809525497,1.0756805775,0.4534291459,4367.9054254397,954.2742467621,0.2897162679,0.3364010395,-6770.7819202436,8820.0825747611,35594.2124308268,-0.9062098043,1.1593342432,2491.0896127017,4854.8524684447,14843.9790984477,-2572.3963148596,-5742.7282080438,0.2224481108,997.4522331931,-0.6182576329,-1.5807591082,0.3883912194,-766.402565483,54.5580945214,-243.1040532876,18559.5780768368,0.2162774305,2.2467624079,-11.5791893792,-20.9574488326,-0.7578459385,-2044.7127977829,-696.1165387247,-4384.21462994,-1707.5262174321,2.3586939787,865.6622252868,0.6690091661,1835.9225272215,-3693.312225166,-12754.6445887627,734.1016565039,6859.5814504983,-2026.8489258083,8711.7718550517,-12253.7312140196,-8350.3962146881,8065.2476966163,2085.0217235563,0.1278319881,-4.7368865595,-454.802582665,-6190.7793054267,-8004.3186702645,-6000.1374038392,5529.0866194897,-3.6992300212,8540.2008757916,394.8392088366,7214.4780289335,2008.7515860027,-1467.6577298757,2944.7453026484,5405.4473379959,-2075.4458729526,1113.5699460818,2496.5358848867,819.5310704105,-5045.4774050935,2940.2479569765,-8.0627981036,-13835.2845837007,1118.8832252394,-6610.6625725118,7521.7324589757,1476.258596399,-1709.5872641616,-2677.733336531,8527.3707376184,0.3223042091,0.4055122564,0.3967454914,14429.2115436078,-2510.8108274013,-0.2911442031,0.0665795574,0.461858781,708.274515033,-4394.2788693409,0.5647452402,-26992.0762573976,122.7351579595,-5249.4778809295,-1.3037399344,-0.3968582157,-622.8355985843,1283.1341595699,818.7308196952,-36.8908759381,6895.9279951149,-0.1934708191,-0.4372085962,-7992.2222655573,0.236608672,-8469.2615233622,0.1637688274,-5611.0236034486,-1.5486041889,-12399.1678832462,0.7544466228,-6063.6848539216,-7798.7667027295,385.9885626,16444.2832412553,6290.1125363947,3864.83905237,-148.996614892,1485.5690079871,15896.5094240428,-0.6820208821,-2338.879036169,-0.9054703597,-1287.7369804274,-6411.0128601357,-12.1295992672,-10221.9783471918,-0.6971198621,314.2818243189,3474.8410834613,16915.5846458723,-6404.9576697973,0.8143902093,-21788.4351483343,3283.3066547867,9151.9178471753,26.4112768701,-2878.4375884759,-3.7233293621,44.1586899705,-2451.6645096558,139.6154046427,-10558.4368146536,-9108.1949468975,-1397.962223428,2019.5004724128,9625.4449750824,785.3238258581,1281.9761768293,0.8673570149,2096.6845362509,-2299.4853073763,-6493.7311451914,-1692.5030171654,-6707.1352678228,-27.2667557935,-7631.8690197583,16.1650508776,1.3530269483,-6501.9731947824,0.8032235976,-20722.7655774233,1103.9269726133,-2.1766614043,-79.8259561223,64.9299625478,-0.7404421383,9077.9158240034,7109.9016661066,-1792.3979464278,712.1485989991,-0.0894264568,21235.1512097469,0.882028793,-80.5638236892,2594.5813722602,-8756.2596889342,0.4045952251,-2653.1159746309,1.0556566107,-964.5386318484,0.7163932967,19915.2628403016,-0.4829054417,-24702.9425157695,692.5973314916,0.6761029473,-152.0713633332,0.8341421024,11936.0819733975,0.2285298997,1627.4654439571,1.9009702622,-27132.9836220582,-2366.0271189865,1.3271483743,7546.9347364384,783.5775803064,-0.5274315285,-12116.3613079849,9347.7125913113,4667.1954199738,19.1263134791,1668.0154670454,-7.8947795135,1018.4901551098,-1.8663449499,-33.7576837111,1223.5945245018,7748.5998362509,-959.1936625339,-1713.8217517886,2399.6051756558,1524.425455307,-10019.5513795495,205.8511868183,9313.6991820282,-8622.1238226803,-1696.3618777516,-1.128277819,5978.3203324866,2229.1597506426,2599.6740700399,-1272.2413015635,-5655.9554217897,-4130.7972422664,0.4355274358,56.3031408056,4859.8932010993,-3246.9970694862,2538.4333037859,-1982.2629372593,-5458.4177988008,3406.1070768176,-2643.2224175062,1177.6350311841,-396.7727987347,1915.9561333125,-8813.8555879511,-7795.9963084907,-0.1447962762,0.7118709785,-0.0194729086,1601.6668943627,-1.0676200562,-1040.3209945981,3.9614275416,-3686.9837728562,-0.5938233593,5.1867818684,-0.3504001188,-14333.9721712971,0.2269417576,1.2818866674,-1.2854751219,0.3639743072,-57.7775685136,5322.2742967357,-0.6560434809,-113.1267924925,30.5978608734,8.4533443504,7674.0751702614,-4024.4418605348,414.7044979314,-0.4883926115,-13221.8693093748,1.1368310481,-1.281765217,0.451448899,-3100.9478064565,299.6472293576,-0.2373372154,0.5281910816,0.025055224,9411.6062314034,-1.1613892959,-23.8825027053,0.3468368712,4942.2846402343,-6906.4378762978,-15413.8439972183,8072.9712825384,574.7989771845,-23373.9176047231,2348.9141278934,-13537.0968511907,-141.7335756083,0.4839126942,1027.6095621969,-0.7015067578,-11415.7429266043,853.0867973621,2795.6957181497,2281.9909432614,-160.8863082142,-7060.8503075529,1016.6615962254,993.7435606255,730.4618005551,-4781.2003303707,13514.8514791159,563.622865617,-2518.4094777114,-37.0546684634,0.9937664838,17294.1727344525,-8117.6723946959,1025.7016455505,107.9675667959,5514.5871635575,456.6892512011,-3926.8677675811,-17951.9174410607,4.4992459858,11037.8439266602,5720.1873615063,-4567.8267051306,1618.4240823839,-10272.3370695537,-173.1254342491,6418.2323157206,2331.1730401899,-3210.2274994057,3941.4838072937,183.5441515404,3822.0336901183,0.1470836208,43688.945544097,0.3980664212,-101.3091604759,1.3945345474,-1321.014672759,-898.9937554527,0.8205708271,-1602.9492411534,-0.0946962259,-294.5428939215,0.634929742,-0.7350038193,-1778.6960751705,5.2028213144,-1319.6375204701,-3667.9246597864,1159.7125306942,-0.0885460378,-0.0577501906,0.5943003848,0.1850178724,0.1013803232,-16047.0241972229,-33.9375825646,0.1139250166,1.0710227416,53.8514011604,435.3986816776,-0.8409899234,0.2242641467,0.9409867162,17141.8022333788,-2176.2483337313,-1.1836835299,1.8711127861,2968.065348084,5.4294416922,11588.5374055359,38198.8807502769,1.0047800679,0.2987178733,369.5987853203,26.948914701,14026.7421519828,-5353.712261047,-2367.7539820498,-0.4958319747,7430.7196056649,2046.9818567113,-4929.4221274962,-2139.3496693414,-898.9235537209,-541.9202040688,-8331.2144473796,-465.6989222706,1800.1578291328,-0.09489725,2942.5184857051,-14268.2993658462,1186.8574310195,-520.1119634773,-3249.5555688081,-2356.9372219744,643.1500161275,8161.0184802994,-0.1759129118,-7568.2746731993,6538.1261570058,5499.6739027505,-331.0121581328,-3.7373229451,5855.6474451173,-5679.3255459207,-1390.4869779915,-175.628692339,-621.3986755167,-1388.7667923286,-7267.1371880431,6023.7274576628,366.7489226223,0.3862029329,-45.7070711537,-2.1750910644,3122.1588734333,-1617.821351544,-5014.6172140453,2125.7488492944,-2642.90549849,4028.8085079359,0.854735752,0.7312612014,-548.2486750104,-16100.62330266,1137.1555120623,0.9560664936,-0.5814390919,3282.1016007978,-9666.2902208585,4028.1816096815,-1339.5342230779,-5.4233894662,-3952.3638166092,-19854.8592520314,2.1367726797,-6434.5881464756,39160.3476603867,5914.7164140358,12.0204774866,-53.0002391391,-14.1621803579,2841.5695401029,2.8581133835,462.7089933462,-7304.826266498,0.0436748574,1882.0163789709,-0.6805896844,9.7040403375,6760.1114822901,-913.2176470161,-6214.688259118,0.659422049,-3551.481490981,4898.0234421445,-8300.1263070026,-3975.8201450755,-22.943667943,-11475.7415493207,470.2248058554,4563.0572167008,3.5433906802,1.1731965374,3980.6515947661,2550.0759893536,-4561.5508782653,-80.5120856195,-2366.7720346272,-0.9915793306,-8086.6389495235,-5334.2315580123,2450.8571913237,1690.3133595605,11245.6866239306,-11525.8652500054,3889.8851926091,1238.6962837036,17.9034454762,-1386.8866861182,-8572.5453382095,11.9587606802,-228.1006339768,3359.01623843,-563.2344370098,2481.0025704601,1028.3347017534,-29.3456803399,-735.2913120388,515.1113010382,-3875.0258612311,2234.684283027,-0.0400454141,-204.8448106866,386.3912752981,2879.4972202961,-5058.5251757402,-19087.5029297263,-5424.1954834641,1.6608023361,-0.9421810091,-1358.5274960549,3583.145208779,-3994.0300246694,-3.4225113316,0.297484589,0.2939409481,5381.7480786862,3411.9591049609,5030.7694744846,-0.0007764546,0.239162793,1067.7683599968,1.1996905814,-4.375555281,0.0525687601,6311.6794261354,9520.2312967974,-4.7381085749,170.1611328238,1602.7504363877,-1488.8326315469,-2246.7638458271,-1.0289619865,-837.3075468808,-981.6615531032,-0.6088124688,0.8929554252,29642.164626344,-2.991575899,-0.7577840836,-855.1756013345,-28328.7022467187,2620.269392159,0.273090318,-0.3637212938,811.7317295736,-0.1849874495,-0.1419835963,10109.4103880684
   172.7341388917,59.8337171991,5168.2148278419,618.5205944091,0.7636166623,2498.3676478111,-1.2170618244,-5965.6538600846,-1744.4155530253,-4839.8885694915,8591.9467959708,-15070.3176263897,-15056.4551438687,-5343.9923678593,1248.6921536507,-2938.7814803758,3056.6735517701,3675.0497562149,-1710.0086127252,0.8743162596,529.6458832031,98.4892180899,-5755.4036498928,1997.8465889839,2376.7655841992,1669.044457187,-3459.1469637994,6754.6872448285,12329.3965258095,7545.194058851,-2359.230721329,-301.9006770779,197.8476369544,6730.141558303,1294.8624876068,3740.5955564399,-1171.7131412225,7293.3175175956,-4122.4672378425,4734.0263694437,-11311.0136421747,1232.7274777374,5845.2294706166,-18.2421672716,-3931.452789472,-1100.472210477,900.2246074128,-1121.9951445309,-19541.7377231866,-5309.8311935751,-0.0670107162,17649.7731940406,0.474349351,-3.7241486511,15131.5113705268,0.39027257,-25.4601961982,4648.6193770364,-19542.7458845962,0.8493291946,-1037.4001016173,1080.1011938725,-20694.1161414383,38.9738197372,-2849.9928824238,0.5412173024,1276.5964763796,-0.4481600734,1.0996331532,9574.9339535183,-9354.3262784153,1.3847920019,-1232.5120673009,37443.564558575,0.1012847638,-750.4632943324,1.3672474002,4.6784484519,41.6330702297,-27763.2750561067,17025.8423474772,16131.1457787464,12.0517074894,12.2848691755,-625.0972351945,10.0656599186,8668.3436915062,-3141.675035924,-6372.307737528,0.4476331003,0.7021796862,-3256.1272319044,-4135.7187834693,-9520.6381312063,2597.1709299329,1808.2971734407,-11424.1094196133,4861.6903257402,-762.8668391214,-4027.709717026,-3835.6142111788,11929.6617448536,-602.922816457,494.1439576439,-4216.7714085702,-4300.4187195717,1038.5637230833,5058.262352857,-10440.4146808157,-16237.693682068,-5422.3967426389,-25.0462604266,-10636.7564035533,8107.5240214911,492.3232062515,2344.6445410613,1434.7547619016,-1.1897159539,979.2163112819,-9.2699602603,0.0603093691,-6708.2333766719,1201.157977463,-10731.3743886643,-6825.6189563739,-1.5034364355,-7.5409644202,0.1506228799,0.7209802964,2665.065502545,-1871.3291631759,-0.1340593586,2138.2120681522,-96.2584214945,0.8114143051,373.0521951921,-13.0070800013,-244.994657646,-13.202468412,0.9747696707,1.2346248157,0.0772767761,2136.8678501,-2461.0213461396,471.2692697325,-0.066110411,-4.84381157,2286.16970889,-61.4967879755,-0.2377731848,514.2901561359,0.5996173881,1817.4093827527,-0.1976875189,0.9143900014,-16.2494700409,-3525.6817018884,-0.4245553783,0.0857770062,-2450.7944655459,-1.0695692052,1669.8333223536,1.4647633128,-33306.6073223657,-0.1170158448,0.2068244525,-0.7699886294,10.5785385937,8285.8394311552,-4577.390060509,-0.461650775,1040.774674752,-6285.0099153934,33511.9311625044,-0.0050218246,17217.7719109123,8.569372791,2126.9095372681,2192.5245926865,2579.70545698,-1851.7569223612,868.4977893159,1679.3431350123,-897.9919192044,2.1770066705,-0.9110728631,4163.8919582404,651.1413777729,-7913.9903270388,656.5816413949,-923.2592234472,-7386.9439596971,-809.3318561729,1254.9505828122,644.7402022025,847.128058378,3713.2624327775,6101.0026987699,-4207.9712172434,10380.9187459676,-1750.417868801,-3239.3735962072,1018.8694407845,16674.4338968097,15.6102748086,-8715.6066736662,-2776.5571884949,-5950.9760947685,26.5712018916,-1001.4471245749,7795.46546215,5261.2659925161,-5575.1164082862,2684.9492657717,-4337.8937711388,-4539.7139117516,-2.4085876909,0.8979031862,-0.8226063887,0.8367522925,-102.0340092312,10.3531096978,3635.9652592054,0.8282349896,-0.1360103325,-5.190702548,-2.4021146382,-0.2335982623,-7141.2765300539,2.306677797,11225.1545812129,1.0268594895,-0.3840925133,-6007.3456479312,10733.1206445791,-15.8943232108,0.9004207067,-6871.766013072,0.6545304356,-988.8461428403,-8.2854948148,-14.7656533493,0.09278982,-3034.4063476424,-0.3710372847,-19936.958426151,-0.578477777,4.6965221326,-7530.9958507921,0.3243613554,-9756.489081092,11569.2981573647,0.9800798149,1332.7866530598,-10189.9552236846,5041.9829706671,2730.7730316104,-0.1655893876,-4.6161464924,6.7795091221,-461.8990790656,5966.2020250287,-5318.3436584402,-0.0976267005,6349.2803287315,-9200.0969338068,-2001.6698073669,-802.5554479182,-3905.5411095245,8043.8575111744,47.1865395709,2684.609624505,-2003.6851392979,-17.5204229273,3214.6172263425,3879.3499431839,3074.5974073287,-2078.7617507812,-1008.3152711885,7810.3191222476,7098.112429425,-6018.5140730759,14.5708524407,-2690.8488077614,3951.8736873473,7927.5073609252,-5984.6157783997,-5655.5631450239,1192.1447718961,2569.4738676484,-5587.2697483942,16278.2201959522,14131.5634501291,-8088.5967929489,-0.9763421623,0.4185826282,-4329.6341817755,-1979.8533868674,-1.0058107948,0.1798412578,86.9048066821,4172.5010337662,0.1642647457,-3979.5051115632,-39366.1120114017,0.9800920173,5874.3212059963,-0.3532299823,-14805.2406651705,-14014.3739637483,85.9014703374,-38.3800204658,-2.5088784054,14872.7286713008,-0.9775207189,1966.262537883,0.7369630081,8758.7644705623,-26.016625,10510.0210184427,-1.0021325604,-1.471262172,-0.3683409036,-7.290574448,-0.8596902576,2995.002002505,-0.102494427,13256.3585915714,-0.9208228462,-0.1945258553,1349.5167462084,-320.9785953249,14296.2987496879,1.7193431427,-27934.7865689134,0.7590779359,-6882.8824473318,-0.2556312441,4982.9682617782,14594.9802280203,2263.6585029123,1.2252454792,0.0583146281,-8250.4062602062,-7997.5428477928,-10318.3231531502,-4587.579246788,2599.4873512271,-5569.8264213456,5599.2538636715,2650.0831270469,3111.259379315,-171.4680886526,1603.7153817036,2470.8732393075,-1168.1890087307,-965.9024111693,-10448.6323532725,1.9180646207,-10721.3936666156,-857.5160356457,-3741.3695491789,3706.7478501841,4266.7986286979,-7653.5563778597,341.5454419457,-17.1235995061,0.442322418,12216.0795117207,-12461.6023727361,8.1597804006,2748.0717212454,-2397.8330352131,2264.0663497903,-6456.0218536326,2071.2596239752
##end
biasActivation=0,1,1
[BASIC:ACTIVATION]
"org.encog.engine.network.activation.ActivationLinear"
"org.encog.engine.network.activation.ActivationLOG"
"org.encog.engine.network.activation.ActivationLOG"
