encog,BasicNetwork,java,3.3.0,1,1425329998845
[BASIC]
[BASIC:PARAMS]
[BASIC:NETWORK]
beginTraining=0
connectionLimit=0
contextTargetOffset=0,44,0
contextTargetSize=0,20,0
endTraining=2
hasContext=t
inputCount=11
layerCounts=11,21,32
layerFeedCounts=11,20,11
layerContextCount=0,0,20
layerIndex=0,11,32
output=-0.5203159937,0.2696621419,0.2198837515,0.3997571582,-0.000077819,0.0134447504,0.2979792099,-0.0143372871,0.6359265563,1.1242827256,-0.211263464,-16.2703244937,16.5749844868,14.9465339976,-14.7294212329,16.2301039488,-14.9955720086,-16.8739579444,14.198262608,-15.4504805021,15.8540149059,15.1127502337,-16.1407569891,-16.3147359616,-15.4092516803,-15.4372552642,10.1462347041,-16.4651855952,-15.5788526033,-15.5836065574,-16.4251294732,1,1,0,0,0,0,0,0,0,0,0,1,1,-0.5203159937,0.2696621419,0.2198837515,0.3997571582,-0.000077819,0.0134447504,0.2979792099,-0.0143372871,0.6359265563,1.1242827256,-0.211263464,-16.2703244937,16.5749844868,14.9465339976,-14.7294212329,16.2301039488,-14.9955720086,-16.8739579444,14.198262608,-15.4504805021
outputCount=11
weightIndex=0,231,871
weights=0.0062494396,0.0049262192,-0.0160008786,0.0119452054,-0.0039052075,-0.0029040096,0.0064580909,-0.0105848336,0.0035574406,0.0045837704,-0.008010679,0.003522757,-0.0018863355,-0.0050809931,-0.0051263762,-0.0083881331,-0.0026719276,0.0010713132,-0.0013008134,0.0002914997,0.2082408719,0.0037113995,0.0125950931,-0.0001517078,-0.0123267345,-0.0066837738,-0.0061623624,0.0040741274,-0.0038596889,0.002066168,0.0007682011,-0.0004825351,0.0051458458,-0.0089027086,-0.0022574372,-0.0029301663,0.0081319587,0.0112598515,0.0013796086,-0.0039969582,0.0010503075,0.0457778377,-0.0023740073,-0.0115015986,0.0062210691,0.0012382561,0.0012631817,0.0110268515,0.0030642049,0.0062840141,-0.0115293456,0.0000634894,0.0037436823,0.0051522479,0.0004794047,0.007905775,0.008905807,0.0126484453,-0.0063833253,0.0019797602,-0.0109258061,0.009321992,0.2993127653,-0.006744044,-0.0002746626,-0.0037785344,0.0007659123,-0.0064765032,0.0056864894,0.0007653637,0.0154951696,0.0053056341,0.0137208083,-0.0025244751,-0.0028947848,0.008172514,0.0082474729,-0.005631578,0.0144992974,-0.0168877196,0.0072682423,0.0024354295,-0.0005831229,0.0914252435,-0.0000000478,-0.0000016897,0.0000005701,0.0000006697,-0.000001383,-0.0000001962,0.0000002373,-0.0000007386,0.0000020115,0.0000006714,0.0000003363,-0.000000069,-0.0000010486,0.0000000072,0.0000020914,0.0000002815,0.0000002373,-0.0000020131,-0.0000001626,0.0000009712,-0.000002614,0.001557531,-0.0077401669,-0.0001745118,0.0069133454,-0.0011491252,0.0084630517,0.0051524689,0.0096127185,0.0019271638,0.0024797067,0.0000054598,-0.0002402501,-0.0055385811,-0.0026609523,0.0091470882,-0.0053515374,-0.0107806512,0.0022648549,-0.0131265506,0.0000421501,0.0720885399,0.0003899095,0.0026947992,0.004923523,0.0014341794,-0.0047840492,0.0013714854,0.0070945331,0.0066954179,0.002846201,-0.0063206275,-0.0013167833,-0.0041231181,0.0003594766,0.0038833049,-0.0015660589,0.004162973,-0.0048521776,-0.0001301765,0.0072165511,-0.0149893816,0.2112125666,0.0053246004,0.0036825929,0.0035874919,0.0042426575,0.0028133446,-0.0054777019,-0.0060278502,0.0024159702,0.0130114668,-0.0014931538,0.0128562517,0.0017091028,0.0049663209,0.0016447081,-0.0133311614,-0.0208510572,0.0160339108,0.0048100162,0.0021150863,-0.0039292897,0.2337970003,-0.001216255,-0.0045442946,0.0041890199,0.0020868648,0.0130030699,-0.0070477784,-0.001089593,-0.0061504326,-0.0094161385,-0.0021793533,0.0086125244,-0.002203444,-0.0040857008,-0.0005669106,-0.0032429327,0.0051159493,-0.0036390772,-0.0053664979,0.0146918297,0.0071909314,0.1613221169,-0.001556632,0.0087447376,-0.0045463445,-0.0078971759,0.0156656681,-0.0105359064,-0.0081876941,-0.0095537102,-0.0109595828,-0.0073720745,-0.0051803862,-0.0061598514,-0.0083908154,-0.0064112273,-0.0002745695,-0.0074032891,0.0136928688,-0.0175181161,-0.0042150257,0.011026947,0.3204624479,-0.0078210918,-0.0020891636,0.0038663725,-0.0065985234,-0.0065999988,-0.0022413123,-0.0020608919,-0.0155582393,-0.0059848816,-0.004005272,-0.0058953142,0.0112547841,0.0072201609,-0.0115556664,0.0108444526,-0.0044442544,0.0041615057,0.0013264718,0.0058688784,-0.0020483229,0.3417814295,-717982.4549065538,1592415.444773096,3168777.1028882093,218068.5523213718,-40589.9173917456,-3449213.5691276486,665815.7259785108,2250587.320698391,-4735980.590749948,-792077.5795882476,-3038386.8033316666,59132.2774402569,-79129.1767993471,-562271.9888044596,-687887.774001847,-533115.8730658527,16554.2538931594,-979519.1059918167,291654.4806855946,-115492.4868805883,-261210.8152630205,-265184.6241353848,991572.8597161788,-179987.517447498,24540.526565192,61887.9357259065,-118375.8197302676,20038.6057628737,153214.5997311916,-85413.8054069848,156169.3171407806,-57623.1060587565,7001805.690543332,-3564417.6795548685,-2737886.518727369,-4428647.555537888,8522610.238808647,-304901.3783951473,7351387.410169763,-5486332.920332005,1731009.9532659124,714578.9233439105,-831820.2300767929,71760.6439762216,1216657.7425627965,-205145.2477209891,284663.2411378445,-1079115.8373034634,-43649.2440082868,565169.6695800088,-597625.5337315756,-22430.1238381343,959811.540200613,-469979.3348068189,-305092.699243489,16192.3792995483,-201019.2403478085,-128159.6282300828,-22215.3304606104,-156429.218704038,-148611.8090392737,275788.3895402624,63817.2414151621,6292.6477251087,-552351.004669832,558891.9081281611,-2530099.483464506,-123296.2278465071,-12382651.034914322,1902697.239194717,-298403.3065876834,8782125.576371321,-2601800.61882446,-1031612.0691778269,-3696690.27284156,32739.0476328348,-288718.617234368,775575.9110886102,287726.2644621534,63905.6487673952,-1873.7136954984,-534277.754882877,835007.6535461365,-1727510.3631334514,-1425864.2278229978,-706126.7714131431,906172.3337751041,14303.1703204448,-270547.6667200516,-274514.1541615687,-62709.1443160148,167842.7063605439,89569.291623539,2663.3575638254,-42760.3077097878,-91769.9265255571,362515.3707202066,-10348519.13499774,468593.855417384,2958504.133101969,-4202545.605753302,-1916562.3011462237,2065035.0316810682,-3516424.1276060645,2733129.218381523,-835027.6126935636,5447388.839550271,-71503.4153864156,12460.3475063133,689112.7970678387,-267514.8739090508,-103924.9972904239,-16645.9453620965,-469753.7135025195,-91649.2246042978,609009.9039893363,711420.3026212878,729039.0238580484,-516899.5327316747,-249681.6898991661,73.5684237348,126978.9670518944,-280654.7614673822,-20011.511903637,-93490.1702721191,49148.9941188777,-24535.0025512949,172939.8273803602,-463210.1473107283,-3412337.6430891976,-2104069.9674827736,-6723365.171597212,-759405.3221695309,5176963.114542548,1195203.2763080928,687374.0508107685,3255506.235089454,1344879.9412410439,25137.802333076,72316.7267789731,91014.7283271395,113943.2826686428,-56624.6877322254,-220531.5360871347,3350.9619910685,388414.2862456465,-825824.4399327617,-392003.0755336917,97218.1459815276,188622.6289345156,546309.7394220016,36499.8164680176,55795.6417313074,-26717.1312776924,235094.8181833026,-323193.8506900132,-26844.189252342,57954.6562177618,-22447.6105681819,102302.3398005517,-1643345.8948118084,-1572473.3301882334,2323110.1681661466,2972597.665586704,883162.1960774136,-8224266.939273192,2539428.5738801183,-3835890.0072356374,4310006.807395757,2084739.8103861401,-1437750.3407374015,29012.5791960133,118208.8821674691,-324590.266307799,-335534.3004080753,-845781.2526178936,80043.2285690383,-993240.8874105053,-233676.8320116448,754329.3319310664,-214833.9693956992,-215716.6925551456,1126989.7398507497,189597.2293577614,-39594.9751636006,-13310.723306877,48180.2491419729,-188545.6254439175,-80371.6584242852,-104395.4655731608,120866.9829810091,-190672.5948296678,-3075648.45333279,2177385.604723718,2102779.7532140296,3170693.0089730057,491307.2196239855,-1985814.0667857789,81901.6736362543,-2270333.9676140384,6679694.506781734,1575745.4916596618,-3900119.9045958794,-633.0574762368,-899536.6786144287,325011.0975909194,1204340.4059800047,1962548.2130835827,62267.7557589583,156702.2498966567,656539.1107172592,-364908.5875781957,-371678.8212323134,-918041.5805538415,678209.4081888004,133730.2956019767,42059.1726994926,240136.0369768141,-16080.3296568369,-43434.5230968955,-259821.9021537561,-357843.9499356647,121811.8680641204,-26778.1298372075,1702086.4594005377,2620342.35356903,-563088.3698140205,-7214255.700342926,114865.3241417925,3336141.1988811856,-1652938.9923672029,519959.292463065,3468103.7732880455,1939451.4672742332,-458284.161275783,178531.8976571312,-464764.0221303357,-237359.5683846686,-172848.5454196415,242039.8689232958,-12441.9879364748,287120.967387321,539349.0108843101,-62172.9261556764,34459.4120739295,-322558.5684451042,405610.831423602,-217453.794373521,88806.4309734242,148588.7576232416,70192.7948014862,-62885.9868989611,297862.5572698954,-21679.5317046422,-82223.5374344456,-26287.0256605383,859207.7885950798,-3650043.245322146,2475399.783568877,6886638.345131749,3963190.8952067546,239925.8142918963,-3888896.249368495,-4584244.001983024,-4555132.481269175,5030064.892764548,-2002555.5539177477,13148.8897030858,237057.4074503633,115715.1110094574,103427.3786569674,-275143.3294340282,-134833.3848574666,-520005.1733932043,418364.4039904849,618546.1123364449,-58660.2810325195,-298954.4560962607,275779.7976934813,-20148.9311613222,-186437.0009470978,-63421.2274774321,229586.7721754246,-19086.8868256079,-141213.8400174076,-244109.1448388469,164279.0148419232,-161379.1708389526,2840543.6382353874,2003590.7132926409,483008.9816143588,-2685762.205198532,-139270.059318735,-1765016.9258149955,-857577.4535680603,1412154.685599711,-375997.4673748379,545102.7650809347,-1835708.2549200796,223319.8954101105,-595035.0680051935,-674674.5806467218,428432.6698652689,15908.6330634134,76286.4133552871,-909440.679475114,486659.6089306977,501434.8064253508,-333342.535573776,-867707.2247524338,1382327.599956746,153198.940195061,-28597.716725934,26727.172909878,100315.2538755156,-216150.0485407198,-33344.1342771255,-16754.2440184377,116260.1418049901,92741.1295305746,-1110475.3674987566,2477029.6537069795,-5285474.546040197,-6042503.535897884,-1702458.7624944367,7982232.367689896,1012490.0990448544,1982634.72831698,3411780.428722652,626563.1854995929,-1539828.1906622448,-74337.2081632107,815148.4184088496,592847.1929268228,408987.2831075369,-472625.3425505702,2112.333438132,-318223.2851465917,128782.854216554,-1170305.630840517,-39540.5713460269,-872967.6299540382,1002799.6713384282,153096.2321302615,-41706.838668538,106882.1735018799,-42410.8868107129,-68365.3001002457,-9002.5213670285,-133451.1111246535,-209154.7272225716,105397.8352609713,-2868314.1058945255,3839819.5391290565,2069617.7806368922,5054911.383911585,-4930281.970897074,138693.9799230664,-4371602.478849867,143022.9289746426,783118.9126697772,735010.0006396548,-3436978.251375565,23115.3548041806,-1083912.6501577545,617148.5503470545,-646441.0039760978,-79579.2598710987,-121142.26968124,-333201.7958744819,1343526.0484726802,297333.8878841144,955239.9466561218,-1310891.8174751918,84505.733465415,72295.7381899302,23848.881253144,70679.7984713584,1843.0756589969,76255.9325188293,61475.5829400765,169144.9961797093,101782.4226110444,-211860.3788386983,-3251395.2689827224,-595050.8857022257,3579948.805194447,8008124.233546006,-9777448.240123589,-2113121.0684447563,-1484220.9897635712,4659338.574085936,-3728845.258172843,431763.5989492643,-7773448.699074671,32415.5258988363,-1112284.5633158681,846867.3062398984,1055509.5473361094,-349862.126120367,-150906.7955336169,-76959.0089646059,1247260.4978643085,-1305109.1188515748,-406152.0544210616,-292794.9883892103,1037582.0497712954,-128466.9464437815,60544.1364832315,118472.0960052195,-108687.4868149821,60083.768486403,163508.4114027674,64259.3175375507,-103703.0451461367,16010.7440432483,-593272.3794318782,2624771.438202724,-2891717.487549585,-10532738.017118374,-4583586.01913782,9991942.56668998,1109479.354298,2405916.3406186067,1202602.3613724245,-3291506.8219716316,3057425.762551187,169786.54468341,-311413.2973243971,1100545.0287661103,-361878.083324145,-919874.9516775009,-39484.0918203055,419719.5582003135,-691760.5981353325,-1895623.6393759397,900491.5019330664,1548367.0008096455,-602802.9003201637,107997.9137909948,-58698.5042437258,47068.1867278475,-165460.5505858962,13144.971104274,-185636.6411572306,10524.8016821019,144466.4470436763,-59669.0110837598,-6267754.201539318,2089979.7428577081,-1427767.6271098685,2302137.510575894,274172.229386327,-1066179.450212435,-5289258.974766068,1260183.4224850351,14039127.802044537,-1859130.499721362,-881765.2431479888,-233814.2789652348,-199207.6893620559,-1310996.5796400914,1097413.938642703,2549584.658851513,-40131.5598156753,-508444.3006192943,669260.8046990602,-860715.065340194,1080693.069081949,-1409413.3202969609,-3146.1038789683,65033.6745977339,-85863.7730757582,52325.6377905737,-31483.5499087963,-203738.2661892052,-30618.8421963456,12446.7205076491,125573.9099031496,20071.6485633906,-3024077.2021232797,872231.6794138885,-3515343.0889092516,4459551.265302772,2746365.640448645,3317452.026661518,-4446170.141971145,-2028648.6733008083,709586.6017468198,2241506.207699557,3547600.521516607,101517.2639839646,-402517.9263653884,-1222834.444575721,-669718.0422404783,235507.4636752173,-26610.486258146,-18.6501027126,782625.0894897382,1288404.0806914587,1263556.8880480325,749459.9561505251,-889194.8654668148,349.848782697,64240.4754015416,40592.8845226193,-3579.1683200177,-81182.7710859815,1293.9094118463,99428.4940675141,-39833.5332529802,-18423.3750135075,-2459715.2681470606,5810273.7022376675,-501166.9420606859,1636570.5896498018,2484061.294461252,-848316.1492754148,-2746144.301301605,447925.9840703394,719947.7532160559,889036.4897893819,-372449.2147769157,-100525.1429456381,1103327.9295128058,-555746.3237052755,-845887.6601901847,996299.6081238763,128534.4461342485,-410640.9616552229,615886.6410062357,-221234.131489328,83714.2785512252,188034.5521066267,33287.4843932322,-168274.2922431015,63784.9408593035,297938.7071986632,-158954.7662919644,-99538.2148296195,8538.0238867675,-88299.5154376799,34629.1242214827,-47176.9507192342,-3597225.7149047526,4880898.625219661,-4343198.496867833,-880377.5462984658,-5028519.070901634,-374353.1592549053,-2719554.550154069,5183411.59299966,8294841.139420757,-1581323.0094764985,-898034.5819578454,-33188.414928465,-64207.1127702027,-1694001.1092364793,-752941.8342628179,303641.1857367885,56204.3445725601,-371343.0077466133,973923.0167104531,-285651.0234687604,899004.0904363622,677721.3656609422,-831282.0474028881,-186437.0449991191,18082.1248709059,92300.7706080201,-123117.5117273706,128260.8139203164,124922.0269093223,42277.1310999194,-95039.7470527125,246728.6846339094,-1285488.9600426783,-5665392.246189681,8702583.839155367,8981040.374170188,3256133.2219956634,-11962490.602484837,2570251.074874311,-4816524.914144607,-240067.4528707648,-835059.5795633522,-1259320.7392329501,397327.1869793303,-657609.0576561457,-514606.302011468,802728.5285519551,1447573.9451536464,-34565.1478983933,-679136.8133085471,775265.4092355039,9868.5512026777,-79048.084443978,-327852.9225705952,697965.5559796595,-7506.3320302544,19909.809880478,84555.4360324148,35010.1293424841,-88276.6117597369,6281.5889443569,1809.3771983083,181723.9644670479,-76151.0386603031,-3846981.8572081523,5818748.837913455,-1533064.9747406777,4155763.7400138658,-4965896.963935831,1486742.4782166902,-699852.8564681342,4561318.034058642,-547151.1196373015,-3513408.4615453226,-31584.5331954925,-136317.6411446256,356284.3730996324,-1059442.7487271235,-247239.5494470002,-55679.9091684709,121426.4317836258,761740.1606392354,186779.6544961129,-399679.3010295958,-618885.000565798,89881.1870431423,-1185022.882156739,-157853.1400764098,-99587.7030911378,-117914.0018042041,-28087.4151671587,159841.5397825117,-81883.8643209756,-198382.6154504438,-21559.1578802156,-170935.4916742638
biasActivation=0,1,1
[BASIC:ACTIVATION]
"org.encog.engine.network.activation.ActivationLinear"
"org.encog.engine.network.activation.ActivationLOG"
"org.encog.engine.network.activation.ActivationLOG"
