encog,BasicNetwork,java,3.3.0,1,1425321409016
[BASIC]
[BASIC:PARAMS]
[BASIC:NETWORK]
beginTraining=0
connectionLimit=0
contextTargetOffset=0,39,0
contextTargetSize=0,15,0
endTraining=2
hasContext=t
inputCount=11
layerCounts=11,16,27
layerFeedCounts=11,15,11
layerContextCount=0,0,15
layerIndex=0,11,27
output=-0.4708504719,0.0000658504,-0.0456537378,0.1896605654,-0.0000721329,0.2627905638,0.4073636615,0.5270926191,0.5406541899,0.8493759833,-0.1257668003,-12.9826648124,13.5665354281,-13.414054689,14.5427231625,-14.3356080916,14.5612600792,12.8650283389,-10.7869884969,13.9337403395,11.6683430208,-13.6930183755,-14.0262733965,13.733488855,-13.7807495775,-12.9883432994,1,1,0,0,0,0,0,0,0,0,0,1,1,-0.4708504719,0.0000658504,-0.0456537378,0.1896605654,-0.0000721329,0.2627905638,0.4073636615,0.5270926191,0.5406541899,0.8493759833,-0.1257668003,-12.9826648124,13.5665354281,-13.414054689,14.5427231625
outputCount=11
weightIndex=0,176,581
weights=-0.0118713804,0.0035370356,0.0053072352,-0.0085424183,-0.0009304265,0.004512865,-0.0181152744,0.0018815031,-0.0111257219,0.0134913799,0.0119904381,0.0183932052,-0.0155330362,-0.0041774603,-0.009092092,0.1541989844,-0.0000015117,0.0000025091,0.0000006877,0.0000015097,0.0000015101,0.0000004764,-0.0000009205,-0.0000005775,-0.0000018136,-0.0000002304,-0.0000003453,-0.0000011417,-0.0000009518,-0.0000008675,-0.0000035156,-0.0000175498,-0.0139857477,0.0017364374,-0.0061505259,-0.0155100739,-0.0089780056,-0.0034998798,-0.0053449613,0.002056193,-0.0119246042,-0.00346554,-0.0132633762,0.0022318222,0.001997004,0.0074198268,0.015121251,0.2329773516,0.0063267209,0.0014481111,-0.0065906804,0.0166333533,0.0061033698,0.0013885287,0.0055071825,-0.0079891703,-0.0100379278,-0.006968481,-0.0012812585,-0.0036031308,-0.0080099744,0.0043261105,-0.0067933846,0.0665788965,0.0000007643,0.0000000259,0.0000003754,-0.0000009342,0.0000002879,-0.0000009749,0.0000008561,0.0000009083,-0.0000001407,0.0000001109,0.0000003429,0.0000005095,0.0000008883,0.0000015729,0.0000007757,0.000005223,-0.0040159231,0.0040609411,0.0011004424,-0.0075659794,-0.0046736512,-0.0152553934,0.0111618467,0.005152115,0.0024176053,0.014132359,-0.0175842957,0.007962971,0.0046364768,0.0078687035,0.0021879,0.0929681208,0.0114856794,-0.0060492625,0.0064546147,0.0157569157,0.0183284496,0.0003224576,0.0166419999,-0.0069617173,0.0182950989,-0.009181301,-0.0039244889,-0.0008160038,-0.0093662254,0.0087492122,-0.0135920944,0.3245290191,-0.0087645616,0.0192229721,-0.0029625012,-0.0046489544,0.0122437767,-0.0195271406,-0.0044929417,0.006006127,0.0274772736,0.0200655402,0.0080541209,-0.0048389284,-0.0077160479,0.0098723471,0.0001621528,0.4323800158,0.0192800567,-0.027104259,-0.002961683,0.0147160282,-0.0154445543,0.0085250898,0.0149395547,0.004395355,-0.0010498452,-0.0063476618,0.0017266466,-0.0144888244,0.008251601,-0.0112712479,0.0074370716,0.1516634968,-0.0092889048,0.0063102278,-0.0079372951,0.0008424005,-0.0147948695,-0.0172539584,-0.0111512591,0.0034271833,-0.0115741043,0.0047029739,-0.0025108452,-0.0075815429,0.0131055146,-0.0133550616,-0.007722499,0.2453705283,0.0184976679,-0.0055826677,0.0166102785,0.0071429162,0.0100637169,0.0357039852,0.0015799381,0.0128771756,-0.0080238744,0.0043067884,0.0031047665,0.0073429448,-0.0032232657,-0.0116718124,0.0001337916,0.1442232625,206121.0808602796,0.9648878475,-87268.0030487573,78526.355825634,0.5978774746,298083.0848578814,-204134.6933288888,-73431.6151731099,-139563.5428178957,34160.6290654306,-81893.991743228,11772.3517418097,38590.4784877604,-19606.7656631543,-210470.1424826117,58852.6459507432,198044.5733116842,-92037.2985946632,99299.2113578426,-1911.9999447327,243135.720182165,112326.9897230336,67260.8275493127,-22639.4726735262,-22651.2402652035,-66531.7765914169,-790.3970800648,474715.9687093682,-0.1537203983,152928.4821521181,-167054.7214562814,-0.0494116604,551152.6333396947,-50536.6168734218,-204621.0443671169,-607617.8300970154,116851.0104621973,-549611.5743465518,23902.607274285,-73805.2530509875,199158.821997315,-178637.2284337461,-140770.2076604316,40754.2707880575,109514.2019454108,-6974.3413608812,78843.1073907471,209435.0940769046,35354.961721608,-23642.8271609918,14666.473702168,-61679.3042399557,21412.484576941,24325.0236796574,-1271690.756648097,-0.3418172276,508172.8766163648,175718.261826683,-0.6990811014,-1112180.5112306376,-155044.8459201796,312778.0376021473,925211.5492626437,-177979.0042839318,256234.1535415118,-15104.2373866434,96066.1387276876,-88900.2533402566,-41613.5193850964,171092.269941099,-4598.5330386488,-340210.8329237553,-50442.3316618542,-97783.6527492591,-165127.6149118824,37030.3989082553,970.4790411409,-1369.3991524357,-29311.2921059628,-47891.1382540151,-28226.1760258367,-149894.5554854732,-0.0456351848,-170163.8266475132,-94768.2527925596,0.8471612935,115691.3633194319,192199.1230682424,577464.0002213946,-812545.3852417037,64903.4374225483,-382553.4520268862,-4794.7229112772,229026.9814169221,-94074.5401146265,-28766.4267052741,-261337.1395588358,33147.9888271183,-188741.3514306711,-167009.8028195021,-193249.314198362,-138141.2296698882,21457.0230499969,90743.7314410516,-17976.1264601014,-55994.1783329531,24811.4553015399,-94482.7038728534,-245475.3917201763,-0.6520814855,-56125.3231799297,-160667.4018212566,0.8858970572,105750.3951011629,337656.8650002027,317611.5050126678,-287661.1071272049,185282.7028680089,-527497.0489506513,-14329.6356968917,267834.8181026484,5863.7190617613,-46915.1268986579,54828.6680804708,32058.8066393018,-15995.493187424,-81422.9977776091,-163513.3505780886,-23983.3304281115,-8983.3442604961,77314.6076100231,7754.3003025727,49425.2610853678,29821.5670579586,64888.156974974,-375435.8912495417,0.6400578576,-150934.9938727856,1019530.2748646433,0.3775583015,-566028.422988516,203687.3425473216,-381378.2546193741,218746.7554928387,255949.5618870769,146950.1998967441,3924.7926884062,243540.0061958677,-34091.3117919576,-94989.233275099,134416.903573656,75279.0387624659,-136957.568266236,23891.8652134899,107831.5242710792,-15693.7052518784,116820.232596509,-39069.5614137867,97359.8022332917,-14719.1446099028,65195.4900707101,-311.5907416993,-30362.716918451,0.0684861457,631012.2852265676,337233.910083433,0.4597231409,-1920177.045199689,761103.4179121683,-1181053.7853128822,228745.8131022511,424333.4417318327,-349248.5975158446,-8943.2735632072,-74470.9331752842,67026.0635343592,-17845.3402848539,-73795.768982753,-42558.3832423936,-166008.7335472088,-169362.0867758791,213308.8228670825,63785.8026697995,77594.7908854161,-22728.6922926833,8010.5806643791,-57804.2774670796,36365.4356074495,29351.3931314088,-178315.8679671483,0.5840846477,-296602.2680211237,86938.7369843494,-0.5389203514,807398.4018228665,-88068.6951040307,556945.2198250213,1000526.8515807324,-323982.0696701302,-105572.7942532991,-6779.4325696873,136081.591732518,-31705.219365648,-24781.4157033416,156583.4020087926,21898.0618427247,-200068.4814335175,199170.9204761104,-105736.5014751923,-97553.3263735733,10026.1066505262,24242.0574795667,-1653.1137809457,-14139.7633839391,-11631.639702144,-2149.5114615082,-10651.3880272364,-0.1946234704,-223164.5861243822,-680557.6745371764,-0.161129869,190946.1510944112,675782.0070760564,236221.7547135646,-790366.0441902737,-633998.3739129783,255289.7353872787,30310.1237618976,61221.8302007267,-58687.6671059807,111722.538030862,-147368.1462359033,-26765.0761909356,-94114.1740590498,-331065.8182584644,-323191.521627334,147713.3817201608,106952.6734147329,93210.1167645552,28045.3804686378,-6357.6631516908,16943.4440121589,-5883.7697421647,275649.7908834306,-0.6083899156,-304856.7323111872,454301.208124773,0.9441903553,1343922.7949045768,-792002.964171442,328771.9806911678,-597426.6197898274,-229334.5211660841,309331.5798360414,43923.7753732778,102046.687570174,44700.6933394353,-32879.2720983236,154513.8071961347,48657.1118851653,75768.7250565023,98990.1943352118,182189.4146960418,-188292.0208417173,-15666.2616149551,-32713.6007239894,15025.4022270509,66102.3947523133,-6651.2198404838,-15138.8026841065,-491333.1118672681,0.4245825903,80545.8588952544,693699.6800205201,0.2343553786,-474858.4649792051,653486.8882472555,90079.2067758019,-748558.9401623274,4491.0546297574,-24228.0095966894,-11201.8115994759,164153.3824834803,15457.1977940464,-66966.9590779959,192228.2621785771,-25120.7912546497,-12877.1856242812,119620.4303201757,29071.4293632077,-392878.8097572107,-92773.5256070804,121326.9263997236,-42170.906800807,1308.2463122978,-20889.0814014971,-5977.7063792497,16044.5586366092,0.4209051653,953252.4499086518,1278431.0732849608,-0.0740859938,-904259.077978248,358814.6064860962,-731811.8233076085,-829719.225248516,64763.840140654,-540264.4904531618,-43280.253899271,-232179.2179037043,6819.2409828969,-50410.5322399334,-120473.0973579882,-14978.8448512168,-82256.5707756621,-165931.429733717,3378.9629570703,341650.9407790158,82635.3417496449,-230238.4119191095,-38832.379195176,-19638.1134202733,-14659.4958519402,-19702.3193972148,318218.9062881806,-0.2835273579,129636.5034815487,-366464.2561153112,0.6315701556,781997.783715906,146932.1685667505,388479.9310784859,-196764.6322509368,-690014.8655282739,450525.2640850724,-2348.4476653182,-15466.9580380354,-135383.5068018867,-67865.9960873211,-253372.6246357379,41442.7949875363,91787.3850328415,-144223.7484801975,-30521.7545677207,132953.2134506192,-29491.0332512604,40319.9877435417,40604.0813041809,21063.4371249149,-91012.1671769591,-54978.3778125593,-84303.3419420096,0.46674731,-39832.9728491081,78070.4514035957,0.5239341023,203255.2435364942,131738.0078963505,243693.8031541366,-491974.607538679,-207761.3718337206,-80216.236236997,-47005.7536634328,-24934.9071266894,-1491.9281559615,141437.6794716791,15968.6362974674,-24344.9740987636,106794.1387286653,-217874.8228078275,78238.8645511223,37445.3516890374,133187.4716562422,49867.0473406971,-9727.3414452797,7005.6106617413,-50680.0365572311,-1403.0264460868,-719260.066115159,0.3652281392,-558201.0807165183,347329.0275965353,-0.9013669241,169874.5494789327,-785583.860252355,211284.1563993546,1663042.6948403823,423160.8910348982,227951.4312236192,12428.4512085345,105405.6412887091,-90845.1365321584,-122289.2401673675,275601.7270314222,-70242.465330956,73033.2780374762,317838.3572336702,-77299.9972435709,-173596.0513278362,-15564.1294409775,-29997.039940581,-8779.2694905224,-10768.8313553988,3033.9333006761,3792.7585615481
biasActivation=0,1,1
[BASIC:ACTIVATION]
"org.encog.engine.network.activation.ActivationLinear"
"org.encog.engine.network.activation.ActivationLOG"
"org.encog.engine.network.activation.ActivationLOG"
