encog,BasicNetwork,java,3.3.0,1,1425324322495
[BASIC]
[BASIC:PARAMS]
[BASIC:NETWORK]
beginTraining=0
connectionLimit=0
contextTargetOffset=0,131,0
contextTargetSize=0,29,0
endTraining=2
hasContext=t
inputCount=50
layerCounts=50,30,80
layerFeedCounts=50,29,50
layerContextCount=0,0,29
layerIndex=0,50,80
output=-0.1439962085,0.2916791877,0.1257894029,-0.1368441219,0.4741390367,0.0207214397,0.0308428586,0.3801534063,-0.1965659115,-0.2537156186,-0.0000401406,0.2021239796,-0.0022281268,0.0593608812,0.0462893233,0.0001018468,0.003276088,0.2372095219,-0.2918002002,0.2296918113,-0.0204701098,0.2088786763,0.1809265094,-0.0647163247,0.4536359581,-0.3517694309,-0.075277683,0.1170770535,0.2062537015,0.2066693389,-0.1961602624,-0.1318030385,-0.1366314254,0.3598832025,0.000081179,0.0009808574,0.4547236658,0.018054427,-0.0597642777,-0.1464333528,0.2138939122,-0.1463808358,0.16229982,0.299766477,-0.1055720121,0.0016485159,0.4907121401,0.3312771905,0.1798786944,-0.0757284468,-8.5055317908,9.1034285497,-8.2812077839,8.9278294683,-8.1578929046,9.1248702629,9.9116888467,-8.1711314373,-7.0039509569,-10.1746604329,-9.9519775847,9.0648269121,-8.0605757926,-7.9869364424,7.9543409391,9.1765043977,-9.7350264232,10.0687933771,8.0705057847,-9.451789116,7.3185547754,-9.9993832252,10.3265843517,10.7246819168,-5.7186740281,10.1927115479,8.6007959176,-5.5641709417,9.9348032565,1,0,0,1,0,0,0,0,0,0,0,0,0,0,0,0,0,0,0,0,0,0,0,0,0,1,0,0,1,0,0,0,0,0,1,0,0,0,0,0,0,0,0,0,0,0,0,0,0,0,1,1,-0.1439962085,0.2916791877,0.1257894029,-0.1368441219,0.4741390367,0.0207214397,0.0308428586,0.3801534063,-0.1965659115,-0.2537156186,-0.0000401406,0.2021239796,-0.0022281268,0.0593608812,0.0462893233,0.0001018468,0.003276088,0.2372095219,-0.2918002002,0.2296918113,-0.0204701098,0.2088786763,0.1809265094,-0.0647163247,0.4536359581,-0.3517694309,-0.075277683,0.1170770535,0.2062537015
outputCount=50
weightIndex=0,1500,3820
weights=##0
##double#3820
   -0.0042870481,-0.0048116129,0.0060030986,-0.0035415149,-0.0019084768,-0.0047288191,0.0023667116,-0.0028749576,-0.0048906783,-0.0043951495,0.0052552424,0.0005997092,-0.0006477692,0.0000817211,-0.0009867983,0.0028313113,0.0031583334,-0.0017908815,-0.0014274097,0.0046504698,0.0016077601,0.0057061701,0.0005617373,0.0018742297,-0.0006845051,0.0000228401,-0.0055533198,-0.0018748342,0.0019852679,0.0075984748,0.0045762528,-0.0001400039,0.0034243581,0.0014109386,-0.0091680342,0.0008172684,-0.0023900645,-0.0063614501,-0.0071323183,0.0000270949,-0.0029363684,-0.0075513905,-0.0062359872,-0.0013089664,-0.0067163656,0.0018397304,0.0001754647,-0.0078585906,0.0043192242,0.0027130211,0.0025847384,-0.008884501,0.0053800305,-0.0019980515,-0.0038998484,0.0044570119,-0.0006238406,-0.0094791138,-0.0036239074,0.0530989571,0.00306075,-0.0019736785,0.0065224536,0.0011431186,0.0032878121,-0.004121221,0.01093973,-0.0019361135,-0.0090539456,-0.0051503104,0.006973957,-0.0022647133,-0.0056734581,-0.0066753278,-0.0049331209,-0.003936324,-0.003565979,-0.0006090199,0.0009061241,-0.0012516676,0.0040621742,0.0152129152,0.0082271383,0.0004678581,0.0063191192,0.0062663444,-0.0096885182,0.0058025181,0.0044783315,0.1322847186,0.0050585102,-0.0016177033,0.0012076736,-0.0080155634,0.0031671998,0.0005299193,-0.0069178251,0.0108446254,0.0029521213,-0.0022722008,0.0054564625,-0.006087492,-0.0009458947,-0.0023489525,-0.0003322953,0.0006182389,0.0016808042,-0.0050205142,-0.0058381361,0.0036561781,0.0038585949,-0.0055298837,-0.0034587909,0.0043697484,-0.0013620617,0.0082527613,0.0076220504,0.0047110444,0.0083377021,0.0981022892,0.0081790639,0.0077364839,-0.0006760535,-0.0027008176,-0.0073172076,0.0044214456,-0.0087097009,-0.0070004144,0.0060143348,-0.0056066813,-0.0015612761,0.0053014786,0.005518139,-0.0020475494,0.001382611,-0.0040948658,0.0051191623,0.0037490968,0.0047491968,-0.0031503141,-0.0051410489,-0.0033124843,0.0039432565,0.0002701343,0.0021370342,0.0132553073,0.0035767129,-0.0093029844,0.0011428296,0.0851681683,-0.0091175356,-0.0077300949,-0.0064231557,0.0036430037,-0.0111952444,0.0020784673,0.0107087827,-0.0042435867,0.0040885107,0.0001435193,0.0028923781,0.0086455637,-0.013743287,-0.0043688149,-0.0114529869,-0.0027307995,0.0124866373,0.0049077855,-0.0082421739,-0.0010704924,-0.0004138983,-0.0015265558,-0.009123899,-0.0117154801,-0.0025619985,-0.0051486602,-0.0078739235,0.0054712196,-0.0058834783,0.1583268954,0.0058086249,-0.0022986545,-0.0021011286,0.0019049054,0.0049955665,-0.0092454536,-0.0002912352,-0.0077457197,-0.0023378462,-0.001903168,0.0048465436,-0.0092599343,0.0007033441,0.0050191843,-0.0084841341,-0.0053915658,-0.0036277306,0.0018333204,-0.005596943,-0.0059919295,-0.0006773159,0.002579431,0.0038775937,0.0060713058,0.0006530287,0.0110440128,0.0067676391,0.0043826987,0.0080542848,0.0283146101,0.0075951901,-0.0023117255,-0.0062823457,0.0010679204,0.0013904993,0.0007218782,-0.0068311244,-0.0046926254,0.0022958163,0.0091317389,-0.0035008113,-0.0027435101,-0.0007755592,-0.0049600629,0.0186397726,0.0095845434,0.0039757356,0.0071091102,0.0067202984,-0.0060429559,-0.0006415204,-0.0014794198,-0.0039501061,-0.0030780165,0.0107919878,0.0105030272,0.0061880236,-0.0011528448,-0.0074073797,0.1433848536,-0.0035248829,0.0017266762,-0.0085191006,-0.0035123555,0.0059219815,-0.0036137615,-0.0084542185,-0.0029085311,0.0018677052,0.0004244799,0.0005673215,-0.0052229403,-0.0011454679,0.0022872413,0.0036086728,0.0027694414,0.0048771253,-0.0015839349,0.0082137019,-0.0017992744,0.0043401881,0.0069574106,-0.0079129461,-0.0056622838,0.0102421929,-0.0049314026,0.0018474907,-0.0043502278,-0.0036594015,0.1506412919,-0.0024722225,0.0036665425,0.0080590341,-0.0012100111,0.0100676977,0.0050291797,0.0005806534,0.0137050473,0.0059388943,0.0026950444,0.0041432885,-0.0020862597,0.0016902683,-0.011495938,-0.0096278564,-0.0023699533,-0.0034994881,0.0040456558,-0.0084339267,0.0027382146,-0.0113216032,0.0036739603,-0.0083087088,0.0007314121,-0.0041223151,0.0049739514,0.0009829846,-0.0107486617,0.0003554054,0.1318229999,0.0000008569,-0.0000006108,-0.0000001555,-0.0000004875,0.0000006902,0.0000001531,0.0000002684,0.0000001796,0.0000020011,0.0000001632,0.0000007054,-0.0000005893,-0.000000211,-0.00000013,-0.000000448,0.0000003777,0.0000000891,0.0000001372,0.0000006021,-0.0000001574,0.0000013946,0.0000018792,0.0000011209,0.0000003012,0.0000006621,-0.0000003574,0.0000001088,0.0000014295,-0.0000002747,0.0000083057,0.0038619681,-0.002250929,0.000114766,0.0123921668,0.0026271187,-0.0055037641,0.0022240869,-0.0030495071,0.0075885205,0.0027924404,0.0082197119,0.0030435798,-0.0066665318,0.0041541966,0.0026661295,-0.0015673398,-0.0031598775,-0.0020100348,0.0008602382,-0.002350472,0.0101045123,0.005468977,0.0044256103,-0.0011485105,-0.0070886063,0.0049905745,-0.0002665855,-0.0041379927,0.0017398537,0.0571109227,-0.0083148749,0.0026334643,-0.0030463149,0.008637515,-0.0049589583,-0.0053057604,-0.0015610886,-0.0026108335,0.0122657182,-0.0030354867,0.0045837119,-0.0078284583,-0.001381281,0.0061070209,-0.0037439332,-0.0000734077,-0.0011139132,0.006336051,0.0044762664,0.004614359,0.0053073141,0.0188081141,0.0003292413,0.0032970163,-0.0045249748,-0.0039446598,0.0026551911,0.0008832366,-0.005284228,0.1347559627,-0.0010593589,0.0013056371,0.002923844,-0.0066031702,0.0089076962,0.0094110079,-0.0009558427,0.0055157473,0.0071401335,-0.0023444716,0.0022902662,-0.0073247202,0.0030906933,-0.010196899,-0.0037099486,0.0018072647,0.0003658666,0.0002618825,-0.0022263992,-0.0014111679,0.0070857974,-0.0133923409,-0.0022623649,0.0078697353,-0.0046631316,-0.0008473541,-0.0072561046,-0.0019948769,0.0035972401,-0.0090064956,-0.0009392287,0.0062540056,-0.0041538309,0.0052686999,0.0094650554,-0.0023652704,-0.0011434203,0.0029644869,-0.0051931402,0.0036611721,0.0014710027,0.0036127619,-0.0218789485,-0.0007299632,-0.0086591604,0.0043968801,-0.0017246281,0.0006143768,0.0079901279,0.0136002172,-0.00188769,0.0039342207,0.0011797646,0.001886997,0.0003600289,-0.0142603226,-0.0046272236,0.0020880574,-0.0129542518,0.252742512,0.0000001516,0.0000000832,-0.000000055,0.0000000913,0.0000013416,0.0000009818,0.0000020034,-0.000001288,-0.0000005585,0.0000001708,-0.0000010002,0.000000012,0.0000006103,0.0000005923,-0.0000007969,0.0000034461,-0.0000008832,0.0000022225,-0.0000005649,-0.0000003335,-0.0000011175,0.0000005066,0.000001553,0.0000006111,0.000001396,0.0000010168,0.0000013337,0.0000013831,0.0000020388,-0.0000204835,-0.0032407722,-0.0037216992,0.0059331712,-0.0017480158,-0.0026492614,-0.0037434456,-0.0019219645,-0.0002182476,0.0038320272,0.011653987,-0.0055406298,0.0004255168,0.0097567188,-0.0041697815,0.0054988715,0.0083850484,-0.0039053448,0.0019912216,0.0046299962,0.0016635864,-0.0042185812,0.006783323,-0.0010402865,-0.0029318899,-0.009425901,0.0002867666,0.010579167,0.0131960802,-0.0107813712,0.2091161575,-0.0033461679,-0.0042420581,0.0005993907,0.0043036084,-0.0075589211,0.0014731673,-0.0049906338,-0.0035207703,-0.002515852,-0.0050608349,-0.0044833955,0.0032249157,0.0012501478,0.0018931634,-0.0022974763,-0.0041804942,0.0062945952,-0.0021472066,-0.00094211,0.002395547,0.0100790926,-0.009341604,-0.0005802883,-0.0042339551,0.0035029964,0.0036136491,0.0003002118,0.0010730124,-0.001724088,0.099452182,-0.0039906467,0.001041911,-0.0084892726,-0.0040401026,0.0072384588,-0.0024732325,-0.0086459347,-0.0024640681,0.0026981194,0.0035738794,0.0026118083,-0.0065156054,-0.0000708171,-0.0003725997,0.0022351259,0.0021906151,0.0064042846,-0.0010521247,0.0081952315,-0.0017471351,0.0032677249,0.0058231952,-0.0062566954,-0.0050359108,0.0098162215,-0.0053716535,0.000676581,-0.0050150629,-0.0042353949,0.1390683268,-0.004780437,0.0037547374,0.0026043139,0.0036204679,-0.0043114255,0.0053292353,0.0013980728,0.0001935699,0.0051416137,-0.0052298615,-0.0050563443,-0.0054051287,0.0057910745,-0.0011473939,-0.0050764385,0.0005137402,0.00091057,0.0041654603,0.0011087529,-0.0020336704,0.0010155036,0.0001246024,-0.0018591433,0.0060936096,-0.0106763867,-0.0086691344,0.0005099668,0.0001158344,0.0011236525,0.0014904953,0.010906793,-0.0019499735,0.0010660681,-0.0034584405,-0.0097535419,0.0024977935,0.0053329473,-0.0066634021,0.002233756,0.0089566645,-0.0016542521,-0.0028331192,-0.002161637,-0.0013271457,0.0110617052,0.0012574101,0.0053512155,0.0046371002,-0.0030370187,0.0005409029,0.0001737862,0.0008630964,-0.0045343895,0.0008687211,-0.0024078836,0.0023542968,-0.0014537439,0.0049366017,-0.0124927163,0.1147425132,-0.0021239931,0.0024367681,-0.001692595,0.0003083129,-0.004111679,0.0041770822,0.0015798998,0.0001282555,-0.0065298476,0.0026164986,0.00494034,0.0010199433,0.003314666,0.0038195215,0.0037119501,-0.0050943924,-0.0071701359,0.000535192,-0.0023018464,0.0024646027,0.0032838592,-0.001152961,0.0024050575,0.0051522415,0.0018890683,-0.0073798659,0.0049260306,-0.0014415692,-0.0000236787,0.0477437946,-0.0059069956,0.0045014729,-0.0032484661,0.0067794884,0.0018529119,0.0002936802,0.0080462029,0.0093740608,-0.0065446936,-0.0050440742,0.0037496276,0.0015396709,0.0030764869,0.0000666662,-0.0030663132,0.0016817959,0.0035089603,0.0028382398,-0.001992469,-0.0055610276,-0.0013652995,-0.0008288953,-0.0051026017,-0.0026076633,-0.0016070257,0.0011415103,0.0012965695,-0.0025436873,-0.0083301302,0.0601377446,0.0044186338,0.0102039931,-0.0033342053,0.0006512281,-0.0060658865,-0.0044152226,0.0036445588,-0.0077116884,0.0065801155,0.0130694397,0.0089715642,0.0061154811,-0.0032147668,0.0092690712,0.00737818,-0.0034258129,0.0026362659,-0.0031157951,-0.0006437555,0.0067834156,0.0072828171,0.0029483569,-0.0047732212,0.0062792907,0.0025339574,-0.0117061773,0.0012559684,-0.0027507837,0.0005721439,0.1584896568,0.0056007929,-0.0015426134,-0.0034258864,0.0047641388,0.0034638034,0.0015346922,0.0025557002,0.001068743,-0.0135742467,0.0030240846,0.0050432477,-0.0043354074,-0.0049869748,-0.0052936944,0.0031939101,-0.0091141437,-0.0136249978,0.0000352899,0.0044004424,-0.0137594284,0.0077866004,0.0112925358,0.0039843787,-0.0038474674,0.0121590434,-0.0032114372,0.0023533116,-0.0008677953,0.0015927734,0.2618693561,0.0007397893,-0.0059042039,0.0082551389,-0.0005397405,0.0032433044,-0.0031085332,-0.000785858,0.0008291962,0.001123327,0.0027818136,0.0013918382,0.0009068302,0.0091869932,-0.0040716634,-0.0031656656,-0.0009377639,-0.0105993681,-0.001828557,0.0026258653,-0.0005311894,-0.0136249029,-0.0015609191,-0.0048546423,-0.0001606591,0.0048703527,-0.0060759927,-0.0018286094,0.0032879187,0.0005535192,0.111242755,-0.0012904921,-0.0054478423,0.003540195,-0.0028503157,0.0002818909,-0.0035988044,-0.0024038444,-0.0013293066,-0.0011458901,-0.0001662716,0.0015926542,0.000939899,0.0050426746,-0.004744119,0.0035311991,0.0005269658,-0.0039946863,-0.0026332418,0.004619457,-0.0046280493,-0.0062993776,-0.0035053026,-0.0013039968,-0.0000724509,0.0004148014,-0.004443063,-0.0000781466,0.0073182984,-0.001642776,0.0709179071,0.001416553,0.0004166199,0.0015680489,-0.0053017221,-0.0111518794,0.0028111978,-0.0034947369,0.0081176636,-0.0141452148,0.0091562507,0.0074661934,-0.0050964032,-0.005967601,0.0043008215,-0.0083322839,-0.0040274135,-0.0068425564,-0.0104814211,0.0038211987,0.0018411835,-0.0009400274,-0.0030443504,0.0040127108,0.0068636703,-0.0020799849,-0.0016749802,0.0022348396,-0.0005092523,0.0055704625,0.1887243897,-0.0068448573,-0.0023451039,-0.0110335693,0.0028228081,0.0016746806,0.0063874524,0.0063548132,0.0045329431,0.0011281518,-0.0157219558,-0.003807406,-0.0007436948,0.0043481064,0.0064083732,0.0025431587,0.000584626,0.0046986386,-0.0023168942,-0.0045064706,0.0015582945,-0.0105961237,0.001544145,0.0065458368,-0.0106178352,0.002614758,-0.0023252522,0.0007152813,0.0012423745,0.0036733137,0.1220176439,0.006645706,-0.0092585135,-0.0027888745,0.0065522957,-0.0090467943,0.0135186062,0.0053041456,0.0043635462,0.0086376932,-0.010197499,-0.011571393,-0.0080207096,0.0113991021,0.002343474,-0.0119935809,0.0048858786,-0.0004012795,-0.003159256,-0.0055662008,-0.0017398596,-0.008684746,0.0032918015,0.0004101077,-0.0026246739,-0.0052454326,-0.0129428306,0.0099667491,-0.0097337533,0.0032002772,0.2342852986,-0.0102118515,0.0029556001,0.0087357729,-0.0070439017,0.0064171178,0.00601045,-0.0017627579,-0.0047283067,-0.0041872717,0.0047600801,0.0064984506,0.0018896444,0.0055062598,0.0030427551,-0.0035198038,0.001187164,0.0084381219,-0.0066184764,-0.0038206651,0.0072717479,-0.0070266269,0.0069998223,0.0082107384,-0.0024017033,-0.0061120357,0.0162903441,-0.0064013346,-0.0036404181,-0.0157105401,0.2547099913,0.0151615938,0.0042596933,-0.0079469341,-0.0046614659,-0.001872023,-0.0051049101,-0.0003111992,-0.0087758667,-0.0043865358,-0.0040909651,-0.0020551186,-0.0116513943,0.0067723979,0.0043698636,0.0034819319,-0.006392675,0.0066718691,-0.0062525719,-0.0049833357,-0.0050334073,-0.0112985551,-0.0017398688,-0.0030691338,0.0006169649,-0.0023716329,0.0030162471,0.002870206,0.0103254086,0.0086593619,0.1434933592,-0.0025421554,0.0057054246,0.0044099712,-0.0103723017,0.0126326003,0.0021241452,-0.0107905834,-0.0026177894,0.0042277306,-0.0059158862,-0.0056869855,0.0079854108,-0.0002594912,0.0069175529,-0.0059173929,-0.0098212577,-0.0046045346,-0.0009292418,-0.0031083668,0.003412554,-0.0044678238,0.002635401,0.0090125838,-0.0014940483,-0.0048505383,-0.0001927779,-0.0009485914,0.000771277,-0.0072231454,0.1812657595,0.006680007,-0.0051985346,-0.0113516778,-0.0003994524,-0.0046497764,0.0093149147,0.0064886376,0.0087925768,-0.004516833,0.0095089298,-0.0098226967,-0.0015714597,0.0038957613,-0.0021963955,0.0146820748,0.0051086023,0.0001138094,-0.0031089382,0.005375238,-0.0003679409,-0.0032360167,0.0040020686,-0.0005220208,0.0006311104,-0.0042230993,0.0031607834,-0.0043358261,0.0054526717,0.0003522332,0.1456263202,-0.0000011431,-0.0000012483,-0.0000002039,0.0000007162,0.0000004944,0.0000016078,0.0000027901,0.0000011465,-0.0000003904,-0.0000001257,0.0000006388,-0.0000002589,0.0000003753,0.0000002912,-0.0000000163,0.0000017538,0.000000781,0.0000016385,0.0000008953,-0.0000013698,0.000001068,0.0000016486,0.0000006254,-0.0000012631,-0.0000006966,0.0000010901,0.0000004176,-0.0000003039,0.0000009267,-0.0000030047,0.0033861831,0.0048073845,-0.0026150541,0.0005167459,0.0035930809,-0.0049125571,-0.0005775958,-0.0058770152,-0.0041380751,-0.000009836,-0.0025875202,-0.0038091821,0.006706214,-0.0051916385,-0.0021550536,-0.0008401902,-0.0030097302,0.0004076563,-0.0071965557,-0.0044290524,-0.0015822224,-0.0003562693,0.0013611374,0.0011812607,0.0046734565,0.0015865418,-0.002425,0.00272904,0.0032398749,-0.0127562861,0.0067506287,0.0079205612,-0.0003642859,-0.0043069982,-0.003376853,0.0021150726,-0.0087499359,0.0041024258,0.0065751311,-0.0008874391,0.0050669572,-0.0036557541,-0.0087794851,-0.0057394045,0.001119978,0.0056967093,-0.0037293493,-0.0030376958,0.0028064629,0.0071773379,-0.0043928539,-0.0110482759,-0.0016543705,0.0045461072,0.0022955601,0.0192844625,0.0008047791,0.002990679,0.0075803981,0.172115147,0.0002320824,-0.0039679411,-0.0037094425,-0.0046744418,0.0005941116,0.0095876852,0.005953726,-0.0024338681,0.0065158375,-0.0035121456,-0.0010306429,-0.0006390435,-0.0007611414,-0.0061739036,-0.0128533439,0.0020115065,0.0052057755,-0.0002177344,-0.0069544929,-0.0034598116,-0.0018302332,-0.0038752019,0.002756987,-0.0016528932,-0.0023190809,-0.0087770489,-0.0018703943,-0.0053060228,0.0022097398,0.0204055522,-0.006580907,0.00097621,0.0045367382,0.0139208015,0.0041671507,0.0005960656,-0.0005778037,0.0073686475,0.003348142,-0.0006962595,0.0036019321,0.0071529261,0.007237707,0.0121610079,0.0002176057,0.0015265874,-0.0006472022,0.0004015398,-0.0062733555,-0.0033785464,0.0041199109,-0.0030388178,-0.0063188862,-0.0055043053,0.0078534309,0.0026499257,-0.009646541,-0.0023802124,0.0036672449,0.1335477697,-0.0024340333,0.0023248343,0.0032426541,-0.0039876141,0.0024282911,0.0025188776,-0.0034741672,-0.0020221379,0.0025924235,-0.0009935301,0.0004957987,0.0029763082,0.0013823056,-0.0000360361,-0.0027095449,-0.0085087116,0.0033566348,0.001059009,-0.0021093334,0.0001492638,-0.0063133569,0.0051580122,0.0001222382,0.0013352622,-0.0038109224,0.0025331488,0.0007412172,-0.0049761431,-0.0020157595,0.0463779874,-0.002551221,0.0017705452,-0.0019689881,0.0050122535,0.0054717744,-0.0070594724,0.0004060023,0.0012848832,-0.0077341212,-0.0021255883,-0.0051583343,0.0030810689,-0.0082829872,-0.0012619282,-0.002762214,0.0018464517,-0.0041116404,0.0054484063,-0.0023418426,0.0023724646,-0.001610611,-0.0041733575,0.0008099752,0.0033302584,-0.0054941373,-0.011253709,-0.0011993255,0.0014185721,-0.0065083047,0.0422413284,0.0002209035,-0.0036395321,0.0060932015,0.0030999615,0.0003065899,-0.01000027,-0.0008270173,-0.001459361,-0.0003119312,0.0032267659,0.0098694853,0.0076621486,-0.0001999976,0.0014275354,0.002304036,0.0039496962,0.0060427981,-0.0055184622,-0.0017937624,0.0021244868,0.0095920185,0.0043830732,0.002809451,0.0046608768,-0.0038907175,-0.0011682937,-0.0062835786,-0.0063691586,0.0078387706,-0.0099683153,0.0059166182,-0.0001772814,-0.0005880378,0.0004163835,-0.0062802464,-0.000158862,-0.0023516308,-0.0042087143,-0.0048513749,-0.00315116,-0.0013885119,0.0004662799,0.0032623351,-0.0026697665,-0.0046338287,-0.0019728704,0.0022840412,-0.0029565257,0.0021244334,0.0017041743,0.0049154665,-0.005582857,0.0021300934,-0.0034097594,-0.0010617621,0.0000912481,0.0036725758,-0.0052856947,-0.0010864446,0.0371684346,-0.0054091294,0.0009427997,0.0053532085,0.0078488867,0.0113231941,-0.0044127653,-0.0043449622,0.0070091384,-0.000668175,-0.0070632448,-0.0036699376,0.0205402506,-0.0049727256,0.0157326593,0.0020295108,-0.0029122591,0.0009407834,-0.0016916349,0.0014502347,-0.0011132245,0.0165822084,-0.0045710032,0.0061083509,-0.0087282965,-0.0004938208,-0.001020534,-0.006113573,0.004542842,-0.0026890256,0.2288839586,-0.0039946588,-0.0040418873,0.0031064896,-0.0008394937,-0.0170430008,-0.007275966,0.0010221007,-0.0058319643,0.0081133035,-0.0037054292,0.0007722984,-0.0028972632,-0.0002669369,-0.0107187493,0.0004966168,0.0011639563,0.0028035158,0.0018885587,-0.0042827359,-0.0007820541,-0.0105935255,0.0066518631,-0.0007832624,-0.0098411647,-0.0067571041,-0.0159952103,0.002356765,0.0096524942,-0.0019619916,0.2211666846,0.0000521292,-0.0044888795,0.0020136957,-0.0059789532,0.0005851851,0.0056760434,0.0005603573,0.0100073104,-0.0011348834,-0.0120248451,0.0041010314,-0.0087110854,0.0030150755,-0.0041667902,0.0104470481,0.0065884498,0.001684915,-0.0061631586,-0.0021717458,0.0072271169,0.0021764618,0.0072457747,-0.0021812023,-0.0028071928,-0.0052038894,0.0063760587,-0.0076866014,-0.00099751,0.0058990642,0.1598099229,0.003561134,0.0039345309,-0.0029153864,0.0000174358,0.0014448666,-0.004588362,-0.0056642567,-0.0027362695,0.0037414899,-0.0063155655,-0.0073011784,0.0030139197,-0.0044433422,0.0032641716,0.0096298799,0.0020797363,-0.0057168893,0.0104818588,0.0046168109,0.000440136,-0.0032145443,-0.0052192478,0.006983999,0.0024464807,0.0055819925,0.0000277299,-0.0017842635,0.000587869,-0.0026470997,0.0600985824,0.0032749795,0.0049551428,-0.0024149639,0.0008038727,-0.0020692188,-0.0008191749,-0.0018724392,-0.0030157384,0.0073760723,-0.0006164678,0.0005159496,0.0035018451,0.0011689395,-0.0010496316,0.0062034621,0.0028296854,-0.0000583647,0.0049093505,0.0055428015,-0.0010616638,-0.0050931692,-0.0034546758,0.0009902186,0.0019042137,0.0082153623,0.0091302828,0.000558704,0.0012501006,0.003814113,0.0013596859,0.0009995565,-0.0057990538,0.0059039692,-0.0063382515,0.0110210803,0.0069615844,-0.0031153154,0.0001905722,-0.0101647662,0.0030960072,0.0031400681,0.0024941169,0.0052046087,-0.005536653,0.0035517618,-0.0024175615,-0.004222702,-0.0022247685,0.0096260705,-0.0141549102,0.0008925984,-0.0090637275,-0.0024725181,0.0041845424,0.0041572338,-0.0190545648,0.0055845387,-0.0026073512,0.0046218893,0.1289250122,-0.0071368887,-0.0029112083,0.0053101164,-0.0031396634,0.0024375549,0.0057203728,0.0043230321,0.0100144392,0.002989302,0.0099564173,-0.0055550766,0.0045943253,0.0023751618,0.0057890226,-0.0092228578,-0.0040685351,-0.0066626895,0.0008101867,0.0053639243,0.0035998465,0.000313413,-0.0002460496,-0.0004550997,-0.0107350762,0.0065145562,0.0091163687,-0.0050786522,0.0062452927,0.0010408006,0.2153476543,94.3018902201,-0.5824705958,-43.0608024472,2193.4182477787,0.4946377947,0.8680519035,2048.8665335479,2.4163277666,-9894.7712782658,0.0293327343,0.5242406829,0.6997662849,-5285.4458302891,-0.1917727511,-4.7810438512,0.9517989502,-0.2144916627,-0.7903101406,-9894.6950175436,14687.9177988134,16726.0913635262,0.55021689,-0.0217628224,0.7237619391,-1114.5994551112,-27082.7252559674,-19651.1145454963,1829.2976913361,-4.8305863849,-0.1883785212,0.2055143613,0.4122700494,-321.7884398604,4653.2344489594,-0.282419403,126.8569599065,0.4272815395,1527.9287492192,-0.1998232938,0.9906978326,-30.8909575492,784.4606073248,-15.4255627187,0.9067712849,-4323.338004323,-1731.74104984,-82.0875448517,-3298.9934393856,-25.1887944795,-5542.0626963777,0.4794185908,-0.8719963928,-304.967747608,-2562.8367197587,1548.9334155515,-8825.8347759824,-3625.9295577507,1787.539965193,5266.4532697372,0.3226169766,934.4973020062,-6496.4305622892,19.8795832117,10.8234975362,-3860.3097051994,2511.5630735885,4032.5827072835,9518.4615477496,7204.7264443839,-3937.9053307548,4979.1341229406,-420.4936899758,-3913.9534665421,271.0329885658,5944.2087613235,-0.6992291061,170.7204169537,1776.9905958652,-2874.4581126031,-2091.118659957,3238.4290992358,43.3371439765,11431.3270368791,-11167.6330011161,0.8773429034,1385.0399516929,10542.1572095953,-18799.9160977388,-1.9925437919,1067.8099491884,0.8650405211,348.4283480791,24158.6600539431,-7532.7954207005,1.5797313924,0.5373407118,-0.2057238912,-22.9705819217,-0.759024121,643.767869017,-30721.2611579064,0.2179075628,-1391.3622051582,0.9954530913,1.4680950904,-48.8465881561,-0.1922435534,0.9116124393,8.9054372039,0.0416396152,-1.7639472363,-1.573249193,0.445716802,-1.049351236,0.9975147615,-11502.9205884696,-1.0221838478,33.8470509398,-2338.5881561364,32806.4950879213,-10115.0525674699,0.1511377131,-3949.2875934306,-3516.7249511516,-0.4970683957,0.5172929455,-31139.3516842551,-8858.7895495737,-39.9596483544,-2.8510133727,0.0369031321,4345.3356576623,-8164.9512351872,1163.5799734558,769.9979906247,4403.473400502,1654.5417843149,1685.0907203689,4058.5368252242,-1716.8413568868,21747.1931774823,3302.3820765857,-3.1680874888,6595.3075463539,4565.8784685666,512.7487444726,-205.8875516828,3.817645794,13019.2582376301,6684.9780742174,2251.3897424473,-13338.1345503333,-3770.4882948465,-1461.0654500925,-842.7704677581,-3.5392151195,-4178.373131544,-3354.6819843312,-4008.7412080631,-1.3619059089,2460.4725278107,0.87370446,-0.4624334161,-922.5349830713,0.0111532795,-0.3198348228,-9618.9126816619,-0.6705546476,19156.6644518834,-2826.5946256336,0.5254849357,-0.8424432898,6918.9216240332,-8785.2546637131,-0.5524899133,0.4998749845,1632.742847464,-2156.2914895101,19155.861713824,-1.3654216566,-19956.1169175508,1660.5777393217,830.187288044,0.2953033494,-1.403925254,-0.4435389,-0.4745735317,1.067897444,2002.0157337065,2198.608817632,-2820.1343897763,-127.5414332665,-5347.892269494,-6538.5850843389,-0.0118306851,-13551.8320300802,-1.1322569578,-0.9057103961,-6.9554463906,-39678.3777240757,1356.0433497877,-2.2042605846,99.8968728452,-0.4981501213,60.0105821076,1558.0423086269,-0.1818640788,16671.1712413861,-1.3516499401,0.9025951214,0.4638672462,-1851.4814601344,-8197.5291030385,229.4600433348,1.7873012737,-1270.2326327652,15543.757480097,-64.0329127302,-8756.3313358695,6474.1692619151,5717.8472405124,-11186.8626552772,-7.5075594646,49.9234346826,8757.0741910361,-66.2511159794,-7523.7391333103,14027.9008871631,10476.3984400339,583.9661779873,6476.7651020928,1673.420229572,662.3321182526,5939.3237981149,1604.8443657607,-2710.9138181308,8421.668135767,1561.3467848473,4766.9313813239,-14827.9803834671,-0.2216377371,-1080.0832050275,1.6981502553,0.7758102418,-45.5287765204,-1.0175616041,2460.264832872,-3800.6712885862,-24834.720361371,0.8051804343,0.568780516,10540.4278944231,1.4622704927,0.6610290817,-0.5983098482,-0.6812601811,22665.9988906018,-74.9334836307,-24835.064598867,17273.097258546,0.3593617033,-6865.6197378449,-0.0769774683,-0.7689843919,-0.0796839268,7713.4248332908,9985.3141229309,163.9706029737,0.6812536714,0.2271095623,0.5064328926,0.0270658653,-0.0551307818,3814.7408366415,-0.191768184,7418.0720769386,1474.8922400801,-29155.3732996129,0.8435467805,21.1915193948,10.1945590556,1.2824361846,-4715.0484293784,0.5395430844,1019.5250702427,0.1724903513,0.1518745579,-4197.6191332864,-0.2239551737,-0.5191940987,0.1423198221,-1074.8604804228,3231.2246949796,3371.0872907737,-2833.4159062921,-6327.8224317341,-3637.7680420947,1605.6249576639,-7604.6716901802,-11838.6723750262,1601.2426715857,5280.7505122645,-7036.4242588296,3585.2558135727,873.7202518717,662.7141751422,10.8840025889,4528.9347338081,5136.1499436687,-0.523816926,-5.2147882106,-3203.474916186,1667.1086809091,4730.4328195277,8384.7684604183,61.3493638103,0.607690967,-664.9646252499,2.047193118,-4484.9467523393,-11305.1341069407,2035.7222680284,-200.5165505118,4107.3213292881,-6.4176213454,0.3353153521,-242.2730683108,0.7948591936,3018.8450114791,0.1078551066,-0.9370604122,-11552.9548897997,15592.6135784708,-19773.5293467794,3301.6221636151,0.1912956996,5.8861652992,0.4971320684,3019.3848090442,-5535.7733809836,-4221.4277061126,8418.4681933092,38769.6964352787,-0.3530752942,17.1391766883,-2772.2895767091,-0.1039019259,5248.9927708839,19878.5994387,-1202.1562212051,0.2870310759,23.1786737725,-0.3771907044,0.0297832718,-0.7880772486,6682.9042161754,2.7513760461,-8663.6856535675,-24491.2202585719,159.6402530532,452.9286653476,-26953.5212842292,-0.495957678,-807.7838642836,0.4211662433,8419.5116207961,-4446.623121846,-4.6116376448,-37.7746574437,0.773882776,-0.8227033101,-2499.6195976655,876.2925401558,-5802.349832233,-10911.5257674872,6549.0964654994,-2047.4064082502,3735.3196387644,-1002.7180034563,-2646.4199479601,58.6246480299,1331.4845054441,395.0834955952,47.8670809913,5157.8746963961,-1334.7805905786,6512.0906639936,4.3068898092,0.8053501823,-5656.6948488529,760.6006517546,8211.6554115652,74.1324391491,8751.454720176,-66.719690059,44.5889398022,-328.7844959766,161.5126005693,-1001.4555700623,-5595.4214740911,-1221.5737735174,-1450.8022825934,-1368.8601717047,5512.6442562836,-453.0925290677,16430.6344022989,-4776.7148264294,-0.197317703,10.6429345892,1.2666319734,-0.981657071,0.4269006386,0.1847836326,0.4263133346,-2340.8921645004,-0.3328965922,-17.2786637747,0.3294233702,10.1026536952,-28086.4618299093,0.1786263605,31540.2501165693,0.8306002487,7970.0104142711,3898.7981518027,-947.1166936952,-3163.6575442337,0.7089619478,1461.691408303,-1122.0202058567,-691.6228317661,-30590.0464368923,0.4353029769,-265.8889538048,0.5432237724,-27765.339468045,-0.9521507886,10452.4047996292,-0.2180294297,-8812.5204844827,3722.9993582576,0.5204929905,-0.0396240936,-0.2424848815,-0.3980492424,0.6878266143,9.6152282289,14.3098265002,-1.2666503865,0.3135494533,-0.7707725986,-110.4696664489,-1568.9802989723,2957.8551292082,-10.0769407265,-3305.8840372131,16246.007033938,-4168.6221483049,-1840.1532891426,-1.8399296699,-2397.2190121479,-984.9904348067,-4239.7651286119,848.1626472799,1.668415971,-669.5682900147,4063.4374460494,1363.1142441103,10046.6185135866,-6211.6359074065,-5877.97381069,562.0445283122,-3.1144882314,9107.4536950041,1171.4922363714,-3304.9892239979,1121.8459118054,7443.9838386636,4789.5933779325,3.0178431937,9685.9486211934,-0.0532738352,-11312.6356508009,21167.8381526926,-10803.0830595834,-1.6114010689,31965.7887620204,17703.3897943047,-1006.1045272654,-0.7368432212,-0.137180845,-0.2205292319,-3154.3941118644,24805.2022130706,-0.0946284438,-0.1898032569,-1994.8353499964,-137.0206050809,-1004.3275526107,3772.346574061,-0.5644298335,569.0512366772,-1909.4565400698,-0.3905656521,0.65843546,15.7320980043,2236.7200334591,21641.3644066046,-24492.2946561498,-3842.0107329773,-0.5745038398,5.3933987115,0.3517824476,17.6056364296,0.9762519293,7273.7819840891,33215.5220586433,-5998.1332389458,-0.8292450768,-6770.8355399662,24173.6176539739,2.5169161081,-859.2583924904,-0.3265481185,0.1602547993,2990.4240366484,16999.4550385829,17552.3679289624,-7.5770704894,2095.1828316768,-1.1842731211,-9009.5244150438,1862.7143387794,2781.5161569149,-9.0591090639,13409.0730905415,-2124.7048432013,-4.2811348936,7202.8931220523,-3941.7365498781,10751.5028393919,-2315.0924388225,2712.7594707976,-339.7633398426,-3.1061407326,-110.8580247257,-1934.1088066752,3132.747595587
   -1828.88326764,11897.4918260446,15498.5641305097,-1382.1926639493,9951.2268774441,-4094.0523245101,-860.0524694188,7908.3248595327,-10628.7001275681,-9603.8709509603,3823.0489655684,-8.9163603708,-2316.5709410101,1163.3399585185,569.2071892761,-164.5468452084,5525.7209855602,6047.4916487701,7665.063799591,1.760272282,-1655.7524239379,982.8423234205,-0.4797259264,-0.2896829412,18.4947574091,-5.5212973292,-0.2696032793,-0.8831861762,2072.1686228121,10440.615437989,-1655.1634572867,-3744.1783361049,-1.6788794914,0.5795758661,-133.656517564,0.2714955607,-5.9365379412,0.6037904819,-0.3051552144,-12606.0322425793,-0.6959823265,0.7708947519,-1778.181894238,-1.0762601786,1.5047695337,-0.84631513,0.2908660417,29281.2678326308,-3.4820132368,-0.3838566259,-13760.3886364189,1.0638342424,6051.5583283074,-3661.9437870989,36835.9560558362,-3844.5718933203,0.1062087564,-1.0358028961,0.0582762699,2099.196383185,-12785.2255225643,9368.2933459184,-0.2982743565,-0.3529430878,-3632.8902685524,5505.7413202703,-5.5124966457,-14599.135600148,-9326.2220760534,-6459.5040684041,-2751.1744362433,1389.8640743246,3996.2951543527,5555.1142131905,9112.6202699919,-3574.2739574817,7142.3523774775,-4640.27763508,4999.9961496462,10493.485229464,-6781.4175826821,9465.6678951091,1.1346022275,2415.3334217176,-7682.8337162839,-11461.1202348055,-10160.5430395504,-2.3045905916,1551.2937810355,780.414270826,-20.3880020903,10.4502714283,-2732.7962718024,3903.3290544326,-106.3902048671,-6172.9060344562,0.5864013856,-13874.1524578068,-8616.008706562,-3602.2976845426,-15.5315196582,-0.3148845672,-0.4758919678,0.0669271057,-0.1840365366,11.565598354,659.5371998173,0.0258856133,447.3317885718,-12506.7643564178,-14.5892859993,18334.4962751705,-187.4220018465,22136.1276811188,-20019.5450579043,-0.3727648499,0.0741202707,1589.6016723746,-5192.1973106451,4146.2444978272,-3341.5937788542,15858.1374123649,0.3786052706,-2487.7895474168,11816.0650492017,-5852.6540293853,0.8285063443,-15574.4349076328,-13908.9739412009,6885.4795864674,2186.7124729115,-0.3559021071,1.3031625441,-4.0228704995,12178.3700607951,0.6391201977,20.4494058062,-9100.9319927558,5856.1583270732,-17207.6619250863,4978.8829580904,4255.676083132,1.0945100166,6924.0050472905,-7847.9961596886,-30.8352575801,5426.6925305546,3661.4693892893,-17723.4937218327,-7509.2184203067,-1672.0498564691,-6118.033664658,-1405.2297091872,-603.9504139265,211.8652729221,-104.2800129856,6028.8190232003,20454.9574870757,-1767.3967285866,4862.2186908563,6164.3344354057,726.2841020799,-4550.4692463041,1242.9713526844,-2341.3782885677,-14566.6250797715,-8031.7903368335,76.0906550503,-4528.7332780043,-3376.9349219694,-2300.005483747,1581.9924278624,-1935.2717297181,-2002.6029147813,-0.6893097999,-217.3362739647,-0.0244266156,4.9889565011,-14534.8879372579,-3490.9634681932,6678.4506978084,1087.5149859067,-0.7744545358,-5296.7603136281,0.0159857674,17504.2188877149,-147.9544228617,0.5034272794,-74.6388110397,-1.882183485,6678.555583433,8071.3573541816,18003.9229636113,2.7499299936,385.9603241107,5507.5438127523,-129.2925441458,0.3767758628,3258.3892011701,-2944.5782406746,-3.0702335478,-3460.1217922576,1011.1773231474,12453.4837864574,303.2953945028,-22517.630314355,0.0435880996,6576.2055509724,-8.6406455313,-4495.3156044705,0.4873735642,0.4340298321,-808.7107577524,-2.2596836972,-9583.3989507142,-0.7795398663,5622.7485537034,5219.323689663,-13705.880060473,-6874.9422880305,2708.4713417231,0.0813341904,-0.1274967001,2635.2009248407,-4732.4165637874,-1.2377873505,1187.5168726259,259.7666130501,8791.9479448806,2599.6828751599,-6835.3058758154,-1271.2901428169,2269.5788692783,-2234.0118129053,-5898.1718621915,129.5473086273,9543.4789549778,-9749.5161215124,7.8425518956,7694.9855848632,4684.2537700614,516.0166968296,-4101.8781255584,-3253.4808436786,-6838.6376603682,-2044.4021427205,-355.6103979809,-5659.9648851749,-2062.8415569784,16345.4311022149,3059.8453248457,18.781002123,6873.8967537816,5.580187421,0.2445901586,-11730.2663838374,3339.4012354762,3223.8241092527,1724.0975574638,2949.6319347966,0.9260235257,-0.9021767693,0.5361975676,-8326.7234370146,-919.4514493905,-4261.8934437103,-1201.515140509,-0.852094538,-628.12145079,33832.528104975,-0.7097422104,3261.4400664618,-7111.5342171588,2.5914580045,1004.644709859,-7982.7692107693,94.2375164456,-14943.5497939798,0.7216655707,930.8814942835,-46.7250174366,-2.4152035506,-0.0793893476,-777.180222871,-0.6461773182,-26578.9922037433,0.4902599904,11627.5876837631,0.7820598771,-0.5568553479,-0.5392173146,-3.7165608925,3.9713080685,-8123.7088007502,14058.7002451802,-0.123248486,0.8616100577,331.8744530402,5710.1902949566,17813.0825946839,0.2786220491,-0.6173460123,0.7562249915,178.582001819,4996.6138635193,894.47824809,943.8624156485,2326.5929151247,-814.4072727449,637.5673384691,-2612.6239580644,6679.772289799,-11366.5450718206,7880.6911373958,777.1933466273,3561.8131499516,-1519.4507445283,21.0803851083,-844.6798662572,-3039.5127117813,0.7491622155,2846.3004005024,12858.5199824699,-950.2884027039,6102.3830302416,1693.4725936907,-6063.9463276058,3564.0836710253,-11923.9162915538,5500.1586287244,83.5240677632,-7.1642146211,-5486.0388711904,-5132.5022998067,-5.9134569847,-11899.042688933,-21.0030623618,0.6272992539,-654.8409138774,0.8882961682,20158.6254293145,0.9340648763,-0.2598635292,0.9144399088,14503.2025740969,0.1964685141,10655.4350926544,0.6279125542,0.6517763592,-1.4793704696,20159.4555290084,3.2681765899,-3253.1741370725,0.6936987486,-0.4131004822,0.2910229106,9037.2631769016,-0.4991135905,0.9153431432,-7925.701313038,985.4538800541,1181.6057971789,-6782.8031246995,702.4048051931,0.6219980141,5.3291606813,0.1644573024,-7786.2387763641,-36.580813689,-1.1776274314,0.9923715174,-1095.923260277,0.0913769077,-0.1322305282,-3316.0202434883,0.5977428401,5400.270535811,731.4559331186,-0.6561025601,-0.1650121142,0.6003950736,-0.0142842994,0.5556544344,1169.1328809557,-94.9455615311,4059.0566429038,-4296.3994103761,-8.9649586067,6189.4264628343,-3681.4111959773,1470.7175406695,19292.9162293484,-7209.4890236643,71.7551414884,4687.3002020605,-3274.6927127903,1117.6539052102,8843.4851731069,3529.2098910104,-327.4601273456,1981.5616882911,-2858.4976926462,-6675.6557866987,-2975.492786773,-1846.0782167752,-4115.6506517656,-1121.0854367477,4969.7544128215,-2477.9255720809,1293.5060773512,-4032.7627023208,0.2366060634,-24570.7018105904,-89.3927121636,-5451.0008354719,13376.9955001613,-99.7369813859,-0.6642440278,13008.7814382481,28843.844184331,-0.510560618,-0.0345785354,-0.0247453783,28635.3130223283,-0.1128016626,1.1066599244,-3226.4930471642,0.858124021,0.3543257317,-2849.9763774443,0.1264305796,-555.0372399023,36553.3024748761,7403.289726529,949.9955240135,12668.0819461968,4694.116395904,-2.7108746128,-2841.2369533502,-46.913656319,-0.5742374336,-0.6625252224,-0.3488804176,-16062.913458544,86.5314070382,-9850.674074224,0.7018984344,-25352.4123862302,-0.1090564985,5539.3064523846,3182.9151060905,-5440.082700944,-0.2815118655,-0.1723245154,0.1585181808,2930.183501177,0.9783436395,-15074.6676775259,5906.2077941691,3934.9508709988,-15.6335668186,1558.8494907309,-0.0265277687,-26.4434933282,-2649.2610507919,-59.1857817686,4212.7380800498,784.5876141286,-3358.7150343425,-1058.019050044,2902.3636039275,2.6258376768,624.2816018687,2633.595341584,-4340.2124759315,-246.5381656969,-4101.7155204497,-7694.0916804135,-5206.4205294815,7893.7004819137,-3715.7363972813,-462.1379916819,-3201.2713416547,-81.6730745703,5079.9240521118,-10298.6264125507,14927.3091453407,3664.714635374,-255.6184344164,-8315.2196467518,8600.0353497353,-377.4563640581,0.2697740495,2567.5300597793,-532.8780356403,-0.2253048394,-73.526398733,1.4304337009,-1231.1222605531,-9135.7889344666,-1513.7551243869,-0.5426470291,-0.6148748266,11636.8216139762,33192.2810324185,0.734643745,-0.4370889379,-0.9129184868,24863.0510149246,-1169.477445083,-1513.0173776841,26992.4287831438,-2585.7261167021,-4419.3447300698,-11648.136254159,0.7141407799,-0.429873763,-0.3605375485,231.8634484807,5.9550044119,-0.646758557,-1.2990557611,741.7476050686,0.7745416368,2474.8837129412,-2009.5128350822,0.0039302648,6755.4463853895,507.0687565172,-0.2437669951,-5.6057211775,2850.7187290768,-6627.7944462314,-2.4557869023,-43631.7516576337,-0.189935114,5206.9116550322,0.5842232368,-1942.1340749961,2891.5821014639,-7408.5444117801,2883.3143529132,-0.3710793017,2493.3561240738,-1799.399934542,-469.1686233201,72.5036569898,-142.8519047998,-2837.4525270145,332.5706923738,12.8156153656,5514.5026211078,-2838.3949543281,-231.6752736313,-4898.7010509332,-44.6095615462,-255.4705682129,-6771.9666315994,1001.8327396646,6551.5987574081,-3747.9759573418,1282.6226137669,18147.5564875241,-326.2847901334,-0.9607714926,2942.3366136962,-9526.1198637034,-3895.9338204604,93.1375295948,13754.6295265961,-261.6366561726,5169.3838502873,-10308.3351183109,0.4484880196,1287.5219947925,-0.361496186,1265.2063397862,0.8021617384,-8981.7431631723,10665.9141186336,0.8556161925,396.9525401363,0.1811161173,-3825.1633186606,-0.5383111425,1173.6936107583,-675.914075823,-0.1087655386,0.4759005036,-0.2437449103,-0.6929134906,11133.2825447107,47832.4757064091,-2440.2505581131,1024.9987047921,-0.0020319386,0.0710676355,-0.7868874408,-3164.473687974,-2379.4442382207,-1035.8608083842,0.8424236982,-1.1403490787,-0.2607266019,-4134.0994225158,-1.6659950032,0.017941373,-14431.9875201492,-0.2594625882,-7268.9881243489,-0.1875118239,3017.6264951731,-5476.6270082996,-27991.7437785804,1.0565083343,-9.7972084789,1840.4115885078,-0.3827205851,-4734.2717033133,-987.9347860268,6.001561201,-0.1040100885,0.7547064926,-835.2232692808,-1265.3781184887,2.9001357662,-5463.5788638673,2510.8948031845,5805.328630397,1379.976268613,91.7142260215,-6574.2948778804,-6467.7937314074,-1308.2938048913,-16.2440706212,8982.3877171688,5678.1857555313,212.2512308396,-6957.1681822926,10.0401532896,224.7705733095,-1326.3268031592,-1407.226676372,-10775.1785431827,-0.609558316,2814.2166834588,-6748.3007108275,3538.1891633356,-6914.1530510765,751.4426632599,3.2725808685,5449.009284521,25906.5958764036,-0.473200354,14464.4210125724,-22393.762304039,6222.3178986045,-6006.1025490184,-4870.0050409027,5359.8286491529,-0.4815572574,0.564015732,0.9638529973,-620.6474657992,-0.690123669,-11897.6771276802,77.3786028369,0.2782332404,-0.0386716599,-66.7217697169,-0.5677946597,-1.0462519591,0.4098357409,539.7218761678,2805.956573347,0.373318605,0.9042456678,-0.7945467159,0.5421660594,0.1691601733,-0.40733415,0.9353935159,15.6327942675,1.0566723025,0.7248755945,-0.700338968,0.7360326045,-1449.2313671976,-49.2319300812,-25088.8989921785,-30.8456196996,-0.7837842356,1.40355235,6725.1725763904,1.1794376976,-0.691315206,-1414.3894808639,-1.0341418654,11284.5550708376,32941.1080897744,0.1718299052,-843.9479427789,0.1143713749,7386.310807898,-3935.7809786369,-5809.8873686735,5718.6074086683,-1195.6696274281,1232.3442987086,10384.1686720451,1430.2272219195,4458.1271276162,13.0673992498,-3492.8005648867,9699.3569811788,-1518.5096505202,36.7981724606,5138.1641261333,5.4601919751,-6244.9865709044,1421.156829468,20995.1257206672,6089.9697580003,1132.2824729184,-526.2854766868,-4526.4682270532,14657.69798123,108.3514135945,396.5798917077,6908.7506336317,-5228.0208561266,-962.7542309507,1586.9402798741,-2467.0849277085,2500.6427597027,-21229.1692951855,0.4890285093,-0.8126018074,11976.8450613323,-0.8767349724,-2882.3770045737,-1.2380984275,-0.4393071666,9769.5434390152,-0.3396498281,1.0306971131,88.3909112729,0.4153645321,-3298.8004052664,-2931.498412079,-2883.0643050831,-0.7796159022,15369.7154765214,-0.191169723,0.8728548171,1.1709936803,-2.5527423089,0.8704282484,13932.4587676487,-2925.7677750951,0.6252737104,0.0976778079,2468.9635799589,-4611.8346558117,-649.1028222312,1735.3676768431,0.3004168533,-7469.5658441262,-1.0798029814,12192.6513295303,0.0922631391,-2.3406051696,0.2736460891,0.732597899,-2.380713696,-0.7195742273,1144.5025227995,-4.9245280241,7428.9131386581,12702.0939833653,0.147136607,-19934.0898005988,0.0042208281,-10726.0294045129,-14942.4231367645,-1935.0294858286,5543.6515852902,-8237.5380306394,5520.399216073,507.4356463363,17.4157077666,-1956.3264387112,15444.4012345285,9912.6111893876,-1572.6898834583,430.5886582523,6446.8514463446,-1681.7175550149,-0.5139729704,3006.7245128288,5990.3445873414,-102.9652328769,1692.3696956054,-5341.4455331896,1346.2260521516,5545.861724903,0.7200304882,98.4931249064,9811.0480864084,-1796.5144058998,7220.4231963121,-2998.6421135221,-33361.3220881586,-4040.4346328793,-1.4597278965,-988.8911731571,9.1152213229,-3759.0006081449,-20.7938415778,-5156.2587106001,-0.4484546143,2.7542707635,0.9365068191,-1.5922196437,-7889.3242346014,279.1594911666,2169.2063172053,-0.0643080299,-5090.7922379583,-5516.7300386152,-0.3299176653,0.0026268536,-5668.7412327532,-8500.4029500072,-8998.1191261627,-0.9183855747,1047.5987087417,14694.1516206301,20274.3079038167,-6354.9184584396,25862.9713814808,9666.7927598227,-0.7106522822,15522.913807856,-1.0780896288,4476.5820334361,-0.0818064388,10206.0939339649,13.6446711764,-0.4805184092,1264.8799330145,2025.976499855,-181.209029,1.1495955548,0.4166006954,87.8972075775,115.7227667124,-1964.435365549,-3.8435024723,400.2387073493,3731.6817894501,-2.409768733,0.9639559585,1963.1569222042,5726.885022221,7658.5985325906,866.0094892101,23.7830430702,9874.7371289085,-1452.3426248992,2036.6672054687,6971.6392823784,-8144.8673016413,3335.3573418232,1932.8302262756,-7515.2392414413,582.9916695422,5188.2817390996,206.3777561605,5273.9318007746,-2071.8719071856,-9278.1037018141,-3526.6970561796,1338.5523495595,-140.4969142801,1415.3134515189,-144.7764553766,2766.6549107602,16694.5152149247,19432.3462106955,13959.2035859092,-3381.2524306886,-2252.7238163,-542.7102709047,1374.5913186739,1436.2873967474,2608.1562451463,65.5047851651,-20330.6330636248,1101.3042278206,2163.1931549434,29976.5485327702,-0.1794870073,-1348.7406208364,-0.3075333388,-219.6246536918,-3378.8248518968,0.5695680421,-3.9929403594,8.4802946358,2161.8151391526,0.3328765717,-4761.0695522475,0.2111188459,21748.4861314932,-0.6438096724,2910.0091489975,-22.3554063878,-0.0666086524,-556.1461360032,0.4693497451,-21381.1148238342,0.9940234334,-798.8506757039,-732.1391869366,-4.1611777224,-0.3162240176,7285.3037571738,1599.3167627661,-19071.3622539706,1419.7369970568,32728.8788270735,-12982.632258434,-3.5587416868,-10316.913780978,-380.7473614483,0.5181129173,8974.5341599416,-22939.5119379712,2214.2870745285,5772.3083742158,-0.5968957308,-0.5744353482,4211.7554700593,-3879.693738816,399.3749373992,0.4213645348,4853.7193981397,-11872.2406874817,1690.4649996264,13845.4631429122,2663.6417975643,16919.4425277462,4513.1380419213,12353.2148195977,5.3087115549,-12266.3377720446,3634.4600988186,-3510.0740422873,-7056.5251311794,10289.8691054139,1508.5331153862,-2635.669746447,3208.6367523319,9223.0256072602,2988.9720867628,-5767.8389343661,708.5075577318,1783.7839151752,-7885.8910078441,3912.9298421516,-2940.6022102227,-0.082980003,-1.2114188973,-0.9951685761,-16963.9458507225,31274.742166433,-1198.0621670409,-2764.4885552689,-0.3085912616,-0.569640695,0.8221121822,-0.6160452753,-373.3142281736,-0.2212764908,0.6447010203,2.4198063344,0.6374860773,-11.2202739505,-0.2177073859,-0.0794233692,-96.1051382495,0.7544240377,-78.0873563589,-24956.8839759274,-0.8869026319,-2199.5418685429,-0.7897717934,-0.9103398668,-14810.7646058482,-1.7347233037,2.635910039,-0.7511885132,-1392.6699409344,2116.6519464069,1611.2451045412,0.8164256333,53.0800296457,0.7412030729,-37.5746630525,-0.8582370247,1991.7780655323,0.6705125013,-0.7580630205,14891.4870334478,-1.0195133593,-1151.0280778945,-0.5303641936,5322.8778736865,24642.8838280657,-551.4905558639,-0.1383816507,0.2446500858,937.5920418252,2336.6773722412,1118.6798093947,-7115.0527209848,246.4597701586,-3214.2497771705,-4344.7367444931,798.3706205886,-1654.2169220318,-5027.0753505368,188.9163176632,2271.3362781301,1768.9227672752,-4057.031535247,-7846.08891057,-2329.264490994,2866.0139628288,-1894.4774531117,-5784.9312147262,-2755.670747603,2735.8914775295,-3412.3064536161,-5115.7553636226,7448.0937630829,2.4575169871,-806.8029516158,-4008.6510350764,8863.5610925915,-419.6047531573,-3611.4350897407,11166.9552505349,-4800.4841648773,-0.8024461631,-0.0020138819,-0.1992989069,-18223.4413301296,-8813.1784518562,-2439.7340808501,404.5286526508,0.3766279324,22090.6963943013,10779.4638669816,-0.4714875813,-1.1712980281,0.3875382303,13.6905877767,430.2286502902,-2439.3417455915,13229.1418913621,-19392.7284905402,40.4618584029,7270.4638688468,-0.4601532439,0.1885991201,-0.242411572,16748.0965909878,15530.6891022103,-0.9918940605,-0.6245243039,0.1471750627,-0.0796072415,-5679.8238030726,1564.4150894876,0.3004062186,-8894.127201898,5218.9095285605,-14154.5844548908,2636.1921533852,6503.7100055873,-41.4277303726,1613.8657383207,-8558.0887431428,0.1315908692,3743.021812937,2047.6550083817,-1972.3907351963,-1045.3410567959,-0.1542961523,-4505.9095827878,1.297081515,-10011.9138629109,4420.4385614387,-7927.7413354929,-4918.7703060882,1300.1283212849,1318.0295486083,1623.2762399489,6387.0704552029,-404.5120607912,364.6068910643,-8523.7609360589,975.2344721548,387.9081226512,-4175.2853039129,2994.1171268022,-79.7223944268,2462.6977275767,-11.6503386232,-32.7532964237,-1464.4188467146,1620.47110302,2864.7577677589,4800.4551364348,13692.7488021841,-4390.6152616483,14524.7095577312,-9158.6613902528,4900.6892563199,-8530.4501108502,59.1469986574,4791.0847910804,-17612.1644408548,-3538.7475953899,0.1989711516,-0.0241197592,-461.3494043819,9312.887223239,1355.6388272606,6638.2975724905,-0.3517320269,-14478.9712823826,0.2214392357,0.6563377275,1535.542359759,0.8715060553,-2168.0101606008,0.3968916806,1355.8657010283,9247.2193967819,-112.7078968739,-16218.8085341303,3167.7080999053,-5695.6182076863,-16866.8862952072,-0.7319613688,-2.1791108211,9284.5687544141,-5006.5470637626,-0.5337253014,4005.690275892,0.6467520294,489.7095991225,-5156.0875146183,-0.3552901671,-2471.5778368063,37056.0451596803,0.4638399812,0.3683152618,-0.6029631096,-3.9727893913,-2802.6007961117,-17894.1058656724,-9054.1550050623,0.629505942,0.8699864392,0.9280994203,20099.5304617378,-11096.9376262135,7169.8146912815,-3.3084520162,-3076.1795601912,-7851.7575824081,0.7094941525,6910.4310044193,-3913.9375998508,5960.0618408914,4861.1265499671,-3.012028897,-586.6599932024,1697.0343629885,4460.3135348589,-7794.0056808348,-4371.7408728654,-8713.8975548839,3412.804029506,-26.029465342,-5375.0479835102,-5211.1310896362,-940.4677257664,-128.8707409748,-164.4513412022,1347.933323822,6930.0157726438,3741.5203675946,-9829.9998769838,7149.86681837,-5988.0253114547,3090.4064292968,8316.6764959854,-5966.9916465461,4749.254933788,-1903.1038905258,10336.2824606082,-173.8120811724,6677.524101268,-9102.4915904622,-1860.371016944,-0.2200488403,-0.6375370225,-0.0181254772,-0.0779495667,9393.7317547114,0.6488911512,25550.8986222474,0.9903687016,-1932.4770906543,0.6928916831,-0.2199103398,-3899.419498243,-9.6508597992,5166.9595918966,-9958.0381802856,5214.1100539964,-558.5846299239,-949.5464798934,-10404.9568446204,9542.2838367327,5151.7143531687,-118.9116460173,-5692.8724210804,-445.9123554945,-4736.7644063603,22239.0957180004,0.4985564317,-26805.5487038566,25525.3058488832,1.2550581378,0.0976387255,0.4020540996,5.9660876034,-30.1947617773,-33785.3453093877,0.8816698838,0.5479390488,29385.3424756346,1.2469349545,9435.8690551915,-20751.1208981281,-0.2095764617,0.5464908895,3326.656192224,-27939.6796233585,-786.1894394236,36262.3752033145,-13677.8754731104,-13991.385280857,-10262.9192729682,0.3979071776,4114.0499565264,-2568.1626415215,1015.8711104859,3638.9182798116,7495.7247384215,16505.9604601975,20115.8386661631,1618.1241964364,-15240.0671342802,18324.2616056616,12636.5970853346,-26.9477695121,1.368316344,-52.0931430569,-15057.7568932114,-0.4179405133,1169.4198462963,-10293.0800264355,9440.1233653064,5014.5831076222,6549.6904382087,23422.5797694287,6671.3190227631,5697.3261939654,-3607.7107207593,15593.1512114617,5073.1137989278,-6887.7017011538,-1903.8023940124,-10812.9155109473,-103.6446466953,0.8357325357,-12132.9034039983,1.5605054449,-1538.6859468989,-8317.0209720509,-0.8043912414,0.5874086875,2110.8914093515,-10811.9037757815,35.8942298585,-0.4769038008,44562.9915094162,-7857.2036133817,1.0694489323,4.1544574833,-5795.19592369,-29210.4767094276,27590.8702799513,-3966.2769047649,1483.3758359235,-0.710849053,0.1078398508,-0.6358260916,-1.1748689404,0.5694534304,22281.1986814807,-0.5002058232,0.5800074252,-0.423919731,0.3538235945,-7954.6080649898,0.2144652367,2424.2393516366,-4.5129099021,0.0765381833,0.0974916094,-0.8334322876,25247.7747925335,-2.715718843,388.5749609469,-0.0278002413,3648.9896389087,-10357.1036872152,5286.0191918967,9542.3434458864,-2667.3141779043,12332.3967298428,-12936.2691183149,16499.3558399681,28.2311786959,2609.4356195622,4212.9803934968,20768.2019893056,-2935.8433034583,-1462.0242860188,11882.5369184893,-24182.4241387807,-6569.9733198104,3671.4107699151,2196.8412190802,-1965.3256634022,-4754.0467027975,9826.3788150812,25.8592992904,-693.5536195159,6840.6475864315,1585.794110928,-877.1640056107,6805.4709534736,4066.6861338629,-1538.5780200724,4.2446256004,2583.3404033485,10369.6848229724,-0.1424688353,0.5484303672,-7754.7101871736,-1.3438228888,-2117.0178231149,0.1422199273,0.9171349352,0.952255281,-1.3307277631,-0.7174623904,662.8295580336,0.3369474065,1451.4596700154,-0.0836976946,-2118.6777492936,0.1198998498,-13372.6837562853,-7.2399911386,22734.3643203854,-10508.2831754532,33.6145737363,-100.7013242326,-325.4354643607,0.2918226961,0.0339097132,-16896.0173382308,707.7934593837,-1290.9870317268,-0.3525040292,0.5330164797,0.7138538707,-21515.788693048,1634.0180262252,-2418.188985268,-1.059858217,14493.5741239417,-10221.7542157489,-464.2864335337,-12299.0152190635,18738.846769278,10.8151745514,0.8895522229,-1803.6227261813,-955.4929455912,5297.3904923017,-2040.029972367,-0.9050109791,-2490.6481878948,-8031.7189889378,5502.6616231038,16875.8687000734,7208.3552719304,-3109.561903495,-2775.8828591131,-28.9083049545,-3488.3326055436,-6269.2520598843,1468.5660952886,-673.376052471,-1198.1195122533,3942.9570444959,-2.396655742,-2548.3412804358,-4188.7235824136,460.2496708673,-4664.2307844181,9990.3736821901,-873.3041213741,-3878.2132378646,-2955.4748918821,-5697.6420168065,-1080.1235383885,2046.5096822862,-3439.6290428303,777.3034522334,-6121.0995576287,6136.4912464421,42101.4578894844,30359.1286798479,3427.9620464376,0.053631717,684.2659170089,-14106.1304001334,-77.6311169976,-3772.2265254416,0.3861877482,-0.5614189855,-0.4622962582,2941.113636912,-10887.4272238246,30028.1527936828,-0.3488512784,4204.739233846,-10438.1270300241,-3773.4135072689,-0.8906123477,-8.689261794,-28287.2788886817,471.7761945008,-0.8330269115,-3877.6076536495,-2305.5018562319,3342.6776700801,-6.3795138095,8.5944450903,-0.5225445911,0.9889519225,-6080.179821507,-140.3912420141,-9.389008648,0.1042003351,-7940.8548945813,22302.3698698183,3722.566842698,-0.7306899797,-1135.1917623502,-31218.4939511925,0.0966964656,1847.2027068548,1.0021737079,9034.995019351,-0.111226962,-14153.3862378442,3795.7574837063,-918.4688144023,-1739.0584317959,0.4531086879,26.2845285984,-0.3276481305,-14.4292222048,-102.6748085329,-8158.3410111993,-2745.7039458998,3259.5119928821,-3401.2138471602,4.6264620047,-8312.1670106491,3971.9432469929,0.9077410163,-10022.4217682753,-7708.3622390378,5298.3586821387,12.074663002,-5709.9161140535,2542.0104305558,11.7004910113,-6928.4993889822,5325.4578266139,0.6731732819,-1702.1679226721,2169.8894806041,-8.476143765,-1720.3457316023,-4560.5886676864,-3.5111040923,-6.7842615896,-2093.4402296371,-1.2147852151,6806.0870416969,-129.6138513604,-113.6362376236,-0.2258657003,-0.1495588885,-20.4631554971,-7.2782028238,1.1268768538,0.4124487301,1.210812757,-3223.8142830821,-6360.8724648597,-1482.6973664151,-0.291123909,-768.4320869499,-0.0185377441,-7.2214456071,-8543.5312079278,1117.5449355832,0.2004314231,-2138.287859329,1.9379138698,2897.1922347237,0.0179043335,-30906.6047502688,2.8809767085,-0.7752043475,-0.0392597024,2093.2664172037,-4.5258615843,-0.654622318,-16763.9892186353,-0.1151805829,-1443.2265312226,-7798.413925803,0.4698474963,19885.9861195278,2.9824240415,0.1166670854,0.0348490461,-1.4317991646,0.8420419641,1.3093337813,-28029.9038825998,-0.4381538127,-27208.3873232887,-1809.075439606,8761.7014061588,0.1303977653,-2789.1612365012,924.5460446004,-5170.637880688,-7705.2195814027,-6567.4071498151,1881.6800720897,-5342.5092791276,-2338.6992348795,4408.573498653,203.6419491486,-0.5226541111,-4518.5195729546,-5127.8207896229,789.4859231226,1239.4630602726,-3007.3729459599,-15674.337816373,-2968.4689502876,12760.9654205414,9418.6695152513,4895.0397459022,1184.274009992,6387.9965939993,-1700.6743796493,2766.1729647473,-1250.4561165845,-16367.2347836572,7276.1457893292,2724.3785159457,-0.5950537604,-0.7801340165,746.135752305,12212.2455859719,0.0691359295,-26.1241116386,7047.5069018253,-1.2502089488,17344.7435104451,-0.5731675559,0.5082927527,-9408.3174578182,835.4116888305,-0.0621375133,3.578838536,0.573441285,4.1521230284,1.598876963,17344.9297708929,-360.1182290182,0.6721037879,0.3796657328,6079.6845563102,-58.4538796811,0.7049485079,16625.4468532364,23064.9959160219,-0.704644144,-5252.4659234648,-0.7433559425,-7520.087403129,5336.5283906737,-14.6727918865,2347.6637517438,0.7107033364,7436.3890298091,-1329.0658178116,-2135.6052704981,-3823.8866294929,-1461.1188517516,9.3335676954,-28116.2078500946,0.0343001972,-6059.4743928367,-6686.0361672261,1.3761412737,4.2994622809,-10751.0276389984,6420.5967347377,-0.6928619859,0.4606306443,5812.3009293225,9664.679147004,-9583.0571952876,5291.9463069015,-5704.7593574863,-1563.345272173,-7927.0257252325,-6422.1007130327,2158.7930735128,1742.5815366216,7417.9218037975,0.1905710966,-1894.3177542508,9461.0086719989,1279.3804198544,25678.483559181,4575.7858472878,-4880.4917940437,7420.4243962803,-12168.4838937521,4726.3504379759,-16864.3533368347,-5469.6675748631,-575.9513056012,2.1243908411,4313.342323186,5147.8598781402,3519.9719072961,-4362.5084523984,3515.6901203327,10916.4842972768,2745.7882221576,33409.2139541626,-1.0575066303,0.5692278577,-358.3011484443,6223.458129883,-409.5564833686,-2.8170541539,0.174953143,2.7946452914,3665.2473798009,-5560.3481705565,-1384.6474067812,0.6835458062,32481.4672017324,22549.5173469857,-409.7542291856,0.0150703598,-12784.27062202,-2620.3595535456,-311.3911190331,-2985.1657075724,-44.7873555645,-5353.0392906981,0.0098473039,10503.729548259,-5312.9522569196,-28.3146786825,-0.4171907509,-35561.393663718,-2.1115693232,0.8322352189,-0.6177089946,23718.3764220634,652.3602061153,0.7363853573,1.8545965027,0.6687595921,1.1413143068,4693.8387417707,5.7238199285,4052.5137714444,-173.5149646447,0.4182507412,0.7511195629,1211.0586361019,0.6482466726,-0.4075179694,0.2781962889,-19477.9279370342,-2457.7727317369,-1069.4072954135,187.2665617927,-1920.0697455557,7858.6888504753,-6741.5448283502,-1838.0466124088,-6940.0689069887,2571.0781835598,-13711.5312413129,-19426.2882506129,-2417.3085366038,11181.5157166337,-2716.7810303622,13431.1138063706,236.9651854108,3261.8539272287,931.6546785987,-283.3665533937,-1.1765194344,1088.8110500686,12358.1882405069,3503.8242943375,615.1439352225,239.7331815484,4854.2300234895,9972.5567204968,744.0656419972
##end
biasActivation=0,1,1
[BASIC:ACTIVATION]
"org.encog.engine.network.activation.ActivationLinear"
"org.encog.engine.network.activation.ActivationLOG"
"org.encog.engine.network.activation.ActivationLOG"
