encog,BasicNetwork,java,3.3.0,1,1425324957494
[BASIC]
[BASIC:PARAMS]
[BASIC:NETWORK]
beginTraining=0
connectionLimit=0
contextTargetOffset=0,131,0
contextTargetSize=0,29,0
endTraining=2
hasContext=t
inputCount=50
layerCounts=50,30,80
layerFeedCounts=50,29,50
layerContextCount=0,0,29
layerIndex=0,50,80
output=-0.0625566067,0.2213478349,0.356753212,-0.0642512067,0.6662969303,-0.2944468268,0.4569132761,0.5920440102,0.0113502861,-0.1525469557,0.0000617016,0.3635931199,0.3420035446,0.2326534758,0.0073099092,0.0000003047,0.0732742267,0.0392010878,0.0300373306,0.3088517565,-0.01628559,0.085981744,0.167134046,-0.0075151564,0.5976064615,0.0193912458,0.186813618,0.1635599752,-0.0173135779,0.0190302369,-0.1366183878,0.0658632759,-0.238333346,-0.0476887881,0.000038157,0.2912570888,0.5351563941,0.0911816772,-0.0061287863,-0.1083538195,0.030203082,0.0171549885,0.1516914198,-0.27051043,0.1024947778,-0.0803700035,0.5595310209,0.5774503558,0.3325685296,-0.4324274541,-8.2045362626,6.9015597007,-6.7887326204,-9.3140802288,10.2804615283,-9.5725093151,10.7281707277,-7.9755212384,6.9812210335,6.5889312441,9.629022822,10.0676592419,-9.6345488062,9.8941091965,-10.4803001121,9.9684823914,-9.5536615818,-8.5152715043,8.6419483738,-9.3717833929,9.1154663272,10.4014148207,9.8229082434,3.0951079072,5.2058527364,-9.8188558971,-7.2957733044,-6.4681836277,-9.847033714,1,0,0,1,0,0,0,0,0,0,0,0,0,0,0,0,0,0,0,0,0,0,0,0,0,1,0,0,1,0,0,0,0,0,1,0,0,0,0,0,0,0,0,0,0,0,0,0,0,0,1,1,-0.0625566067,0.2213478349,0.356753212,-0.0642512067,0.6662969303,-0.2944468268,0.4569132761,0.5920440102,0.0113502861,-0.1525469557,0.0000617016,0.3635931199,0.3420035446,0.2326534758,0.0073099092,0.0000003047,0.0732742267,0.0392010878,0.0300373306,0.3088517565,-0.01628559,0.085981744,0.167134046,-0.0075151564,0.5976064615,0.0193912458,0.186813618,0.1635599752,-0.0173135779
outputCount=50
weightIndex=0,1500,3820
weights=##0
##double#3820
   0.0045505992,-0.0005426943,0.002765098,0.0056485216,-0.0038364427,-0.0079033692,0.0008594193,0.0053324532,0.0035502263,0.002624658,-0.0039615701,0.0007261812,-0.0000766185,0.00052558,-0.0037735102,-0.0034506852,0.0007517774,-0.0038863402,-0.0018113924,0.0020419706,0.0026859877,0.0005462385,0.0009430836,-0.0043999393,-0.0024944965,0.0037098413,0.0017864511,0.0034244195,-0.0058196711,0.0350276754,0.0034415545,0.0066852889,-0.0077259835,0.0005048106,0.0073694594,-0.0035313619,0.0021593335,0.0020586863,0.0025166833,0.0018437167,-0.0023759917,0.0045479686,-0.0024260004,-0.001598668,0.0027733177,0.001590845,0.0009805301,0.0023686463,-0.004775686,0.0033935164,0.0037619797,-0.0042880822,-0.0007439898,0.0049226404,0.0108684916,0.0012057647,0.0080514588,0.005633651,0.0038993106,0.1862407758,0.0047021174,-0.0003379923,0.0066766716,0.0179759297,0.0052101682,0.0015404008,0.0005945343,0.0036274957,0.0066327642,0.0086454853,-0.0075801284,0.0036293088,-0.0034723838,0.0012443475,-0.0082161529,-0.008431239,-0.0014475124,-0.0064187555,-0.0024882426,-0.0033253795,0.0031357487,0.0050069647,-0.0052148508,-0.0003868378,-0.0025464227,-0.0059490147,-0.0040203124,-0.0018263494,-0.0108585657,0.1798947569,-0.003128419,-0.0034317408,-0.0066646683,0.0013134629,-0.0034821121,0.0055535192,-0.006160082,0.0029770361,-0.0047596904,0.0053561348,0.0012407704,0.0004708867,-0.0052928804,-0.0040361547,0.0018011877,0.0028966551,-0.0018487625,0.0053677089,0.0005100916,0.0023124294,-0.006926958,0.0038912397,0.0013366097,-0.0092470381,0.0019977207,0.0026593634,0.0046312964,-0.0028454689,-0.0043054852,0.1119014973,0.0000961327,0.0044749988,0.0043803873,-0.0076636279,-0.0016574826,-0.010998226,-0.0010698457,0.0006223658,0.0011926159,0.0042794374,0.0065672002,0.0110263699,0.0034373326,-0.0135751624,-0.0023517504,0.0011291266,-0.0014094506,0.0009452362,0.0009383406,0.0008876507,0.010410932,0.0053693331,0.0070944834,-0.0003722601,0.0050628042,-0.0108911755,0.0049455704,-0.0011492554,-0.0030054301,0.0847857017,-0.0015495933,0.0080515443,-0.0033370264,-0.0087441522,0.0000650342,0.0094211597,-0.0108762896,0.0072727018,0.0161636147,-0.0075169825,-0.0004235871,0.0038494215,0.0042391933,0.0052657614,-0.0012817881,-0.0115473091,-0.001589476,-0.0028340745,-0.0025667533,-0.0068543804,-0.0023862698,-0.004936502,-0.0080622506,-0.0019135842,-0.008947756,0.0003224189,0.0007314114,0.0046169148,0.0115336067,0.0651640651,-0.0045347365,0.006441453,-0.0044132078,0.0124597388,0.0059667111,0.0049781496,0.0080272408,-0.0011251119,0.0028648206,0.0011926013,0.0036000621,-0.0025932665,-0.0060286651,-0.0052812652,-0.0030985293,0.002133317,-0.0015777945,-0.0026312847,0.0062614774,0.0043112599,-0.0072664057,0.0052414187,-0.003008768,-0.0063103144,0.0022830985,-0.0047845042,0.0009246394,-0.0020909976,-0.0061129823,0.1403601174,0.0007316762,-0.0056476407,0.0016831019,-0.0076465923,-0.0147438474,0.0037900362,0.004431038,0.0018732513,-0.0007107076,-0.0011093848,0.0025938473,0.0018723801,0.0020294239,-0.0007963745,-0.0037188349,0.0136689676,-0.0014492988,-0.0066640001,0.00849978,-0.005731256,0.0021632271,-0.0045316026,0.0069804491,0.0012497233,0.0109581365,-0.0098314239,-0.0005662297,-0.0015101472,-0.0062758925,0.0810734806,-0.0018922783,-0.0063753429,-0.0035442565,-0.0040691638,-0.0081115104,0.0006763412,0.0060497505,0.0022771118,-0.0100546081,-0.0013735065,-0.000472348,0.0010653252,-0.0018213394,-0.0031459336,0.00674011,0.0011158639,-0.0029576191,-0.0077967957,0.0045297445,-0.0005720827,0.0044272196,-0.0021205467,-0.0001240004,0.0032414486,0.0040520321,0.0038064563,-0.0028124046,0.0033241881,0.0035106802,0.0527097781,0.0056230846,0.0059951813,-0.0003054771,-0.005133192,-0.0048992883,0.0028769886,-0.009777269,0.0027017331,-0.0003433972,-0.002801159,-0.0044218285,-0.0040298387,0.0024076942,-0.0056673579,0.0048107027,0.0047761365,-0.0024669383,0.0057605397,-0.0010982483,-0.0021376847,0.0079360521,0.006289799,0.0017836485,0.0023571539,-0.0129502086,0.0028951386,-0.0040465421,-0.0025786705,0.0013818841,0.108364838,-0.0000000717,0.0000002972,-0.0000003984,0.0000000351,-0.0000009163,-0.000000984,-0.0000015726,-0.0000006924,0.0000010204,0.0000000609,-0.0000011995,0.0000012342,0.0000004353,0.0000002689,-0.00000028,0.000001152,-0.0000005045,-0.0000002784,0.0000020044,-0.0000002987,0.0000011694,0.0000023561,0.0000010282,0.0000007281,-0.0000006795,-0.0000001849,0.0000012806,-0.0000007444,0.0000019299,-0.0000028279,0.0052618791,0.0051789277,-0.0057641752,0.0058430919,0.0039434952,-0.0049570964,0.0074661156,-0.0077922687,0.001659484,0.0025360269,0.0039153759,0.0032589776,-0.0054943787,0.0040196107,0.0074547525,-0.0033361252,0.0038356154,0.0000284922,0.0067506933,-0.0053577636,-0.0068613692,-0.0027183491,-0.0006339085,0.0040203218,-0.001310839,-0.0051327089,-0.0058692416,0.0042789151,0.0005885959,0.0359640854,-0.0105108124,-0.0029887045,0.0019828579,0.0030748223,0.002480653,-0.0031957956,0.0145323051,0.0000990584,0.0020536347,-0.0047533618,0.0009190301,-0.002188635,-0.0121582271,0.0048072316,0.0106999846,0.0000740862,0.0103838806,-0.0038209612,0.003702477,-0.0024736035,-0.0031804994,0.0053012169,-0.0024902057,0.0046290012,-0.0049192848,-0.00412587,-0.0023967349,0.0016109243,0.0026558744,0.0838092968,0.0047570764,-0.0014184119,-0.009118202,-0.009298239,0.0002170165,0.0070374779,-0.0045075093,-0.0006805363,-0.0068775258,0.0067714729,0.0018789129,0.0006094564,-0.0038945964,0.0042250723,-0.0036886122,0.0004036555,0.0002372945,-0.001572314,-0.0061773102,0.0050942371,-0.0052534883,0.0083174297,0.0110191481,0.0020070249,-0.0024109525,0.0039591471,-0.0018684994,0.0003677645,0.0001894783,0.0771581396,-0.0040373245,-0.0050246307,-0.00323045,0.0063259958,-0.0016812579,-0.0019570851,-0.0002701835,0.0050056888,0.0016085808,-0.0100305492,-0.0072957,0.0015029202,-0.0159726885,-0.0030153148,-0.0083236589,-0.0045097611,-0.0005783151,-0.0022239731,0.0068620487,0.003130777,-0.0009582314,-0.0025648784,-0.0079053037,0.0170558175,0.0025272194,0.0086385035,-0.0004256353,0.0018675677,0.0147974022,0.2630726283,-0.0000011852,0.0000003584,-0.0000008401,0.0000012752,-0.0000015923,0.0000000165,0.0000000255,-0.000000706,0.0000004118,0.0000000812,-0.0000007016,0.0000015837,-0.0000002931,0.0000005265,0.0000006904,0.0000000427,-0.0000009136,0.0000022734,0.0000010684,-0.0000009013,0.0000013235,-0.0000002601,0.0000012408,0.0000003046,-0.0000001631,0.0000009617,0.0000003967,0.00000019,0.0000012364,-0.0000118663,-0.0105148904,-0.0080470845,0.0018627911,-0.0013368345,-0.0017563026,-0.002492535,0.0056823711,-0.0016285972,0.0002742039,-0.0013858785,0.0027686418,-0.0232684319,0.0017043383,0.0137020361,-0.0028393159,0.009538298,0.0037833353,0.0059483738,-0.0023492352,0.0053599231,-0.0081137357,-0.0058107648,0.0038118238,-0.0012931002,-0.000880313,-0.009847277,0.0073707164,-0.0028502402,0.0020818335,0.1558336036,-0.0026239357,-0.0003189109,-0.010961283,-0.0052348255,-0.000668963,0.0023179632,0.0003317276,-0.0000760225,0.0082250987,0.0006386581,0.0029491361,0.0033093398,0.00601245,-0.0036367504,-0.0002266625,-0.0048821116,0.0074124149,-0.0035022663,-0.0035691707,0.0037292352,0.0005431456,-0.0050256795,-0.0007775882,-0.004459842,0.0074096486,0.0005539945,0.0001660509,0.0013269328,-0.0011490182,0.0793595009,-0.0026174311,-0.0071111046,-0.0032929146,-0.0045673467,-0.0092214491,0.000737286,0.0056924675,0.0021853058,-0.0095869315,-0.0018278362,-0.0017602801,-0.0000587915,-0.0013860879,-0.0020424568,0.0059832907,0.002428053,-0.0029661972,-0.0093395787,0.00651809,0.0011013005,0.0031154903,-0.0019998636,0.0009394197,0.0034907459,0.003971032,0.0014305327,-0.0004260077,0.0023793236,0.0043106596,0.0594306849,-0.0033093653,-0.0049634169,0.0001592092,-0.0071192334,0.0049712957,-0.002220399,0.0041764032,0.0014986453,-0.0020301229,-0.000845186,0.0026338269,0.0001535558,0.0009111329,0.0075568889,-0.0003417011,0.0040433061,0.0017779345,-0.0007690195,-0.0072675221,0.0088988257,-0.0038163637,0.0110398091,-0.0007185372,0.0065654117,-0.0036441323,0.0013857589,-0.0017236433,-0.0002285604,-0.0015060739,0.09549959,0.0033164505,0.0037216125,0.0058206239,-0.0021166828,-0.0062490668,0.010537037,0.0020625425,-0.0024197292,0.0006033874,-0.0013889827,0.0039108781,0.0006620678,0.0027053989,0.0062151821,-0.0059429939,0.0007515658,0.0012089081,-0.0051487515,-0.0000999492,-0.0023561663,0.0021794591,-0.0000742585,-0.0002669121,-0.0006902404,-0.0037917387,-0.0028152526,0.0120518266,-0.0029475541,0.0056036092,0.0324240544,-0.0011988274,0.0058495137,0.003790515,-0.00644446,0.0025825132,-0.0022514101,0.0024426637,-0.0016227374,-0.0038003308,0.0007155637,-0.0012848876,-0.0034932611,-0.0017680751,-0.0009794099,0.0010373328,0.0016794981,0.0016127747,-0.0006147605,-0.0025340585,-0.0043358908,-0.0050806162,-0.0033938588,0.0001485492,0.0041319994,-0.0003399174,0.0056788512,0.0050161958,-0.0047780199,-0.0044414561,0.0486660897,-0.0022666133,0.0012422675,-0.0052424621,0.0021750442,0.0037707358,-0.00243689,-0.0056188504,0.0075998518,-0.0012886331,-0.0040022706,-0.0050836016,0.0024049239,0.0011142229,0.0039973754,-0.0026428925,0.0065136308,0.0007850687,-0.0003924971,0.001132487,-0.0089958254,0.0029790118,-0.0018571906,-0.0026290019,-0.0011566834,-0.0059532904,0.005758338,-0.0071760369,-0.0043386273,0.0024380244,0.0848466988,0.0052807741,0.0078289692,0.006302507,-0.0056567477,-0.0009076857,-0.0071637906,0.0071936392,-0.0082728245,-0.0145524682,-0.0014773677,0.0071971783,0.0033985049,-0.0078866079,0.0050624877,0.0057539598,-0.0105004244,0.0003368007,-0.0047156529,0.0061577415,-0.006073946,-0.0081509987,-0.0045455315,-0.0102855538,0.0042623435,-0.0022665577,0.008250922,0.0098952578,0.0007586134,0.0061579521,0.1090920017,-0.0033735195,0.0026643162,0.0003110755,0.0008031738,0.0023941286,0.0087275301,0.0080789799,-0.0003941792,-0.006523777,0.0079267474,-0.006091613,-0.0023515485,-0.0010993222,-0.000661804,-0.0023693644,-0.0017649896,-0.0045647703,-0.0047701723,-0.001317954,-0.0098403416,0.0005299729,-0.0014129002,-0.0070323669,0.0059900217,0.0068696338,-0.0030363621,-0.0054526189,-0.0062427796,-0.0142990975,0.2034154457,-0.0001632836,-0.0019356178,0.0068682119,-0.0054459248,0.004196653,-0.0037036477,0.0029508685,-0.0125543275,0.0035541684,0.0012197988,-0.0097680724,-0.0084806679,0.0012825245,-0.0023874187,-0.0014638784,0.0042507047,-0.0013870861,0.0039131271,0.0049971701,0.004864222,0.00737657,-0.002612587,-0.0053083678,-0.0052636259,-0.0049095851,0.0022576308,-0.0029018268,0.0009505612,0.0004495797,0.0297522562,-0.0042922908,-0.0053882657,-0.0010946682,-0.0050878113,0.0047876193,-0.0044125775,0.0017071332,-0.0050620121,0.0028134714,0.0010210629,-0.0047630516,-0.0081346697,0.0015969921,0.0042400106,-0.0012805936,0.0005236347,-0.0041990315,-0.0003352646,0.0057342565,0.0011955711,-0.0012449897,0.0000238181,0.0005103539,-0.0043049336,0.0014325975,0.0021086809,0.0020025852,-0.0016083748,0.0021350751,0.0165746193,-0.0026978378,0.0036212209,0.0057965478,0.0040663003,0.0036674178,-0.0017295337,-0.0046267212,-0.0057761104,-0.0017186602,0.0017848555,-0.0036438903,0.0001053609,-0.0063849844,0.0034048887,0.0084993748,0.0039388408,-0.0080056562,0.0009994211,-0.0051500305,0.0011239015,-0.0088391429,-0.001864179,-0.0083840423,0.0033822483,0.0130315329,0.0086463252,0.0108754024,-0.0087116075,-0.00756068,0.2563591027,0.000208088,0.0028205401,0.0028352559,0.0057566544,0.012333706,0.0054177716,-0.004645034,0.0129405112,-0.0054851217,-0.0064318047,0.0019336523,0.0069748415,0.0054207904,-0.0032956797,0.0056234743,-0.0001389986,0.0023856964,0.0032737035,-0.0021596276,-0.0089797092,0.0010585273,-0.0028663604,0.0107879293,-0.0134191464,0.0006413181,-0.0005690784,-0.0057244385,-0.0024017457,0.0035989012,0.1630061296,0.0055741348,-0.0025742844,0.0064915885,-0.0057220881,0.0187808733,0.0060352613,0.0048438499,0.0105662651,0.0029385491,-0.0064272691,0.0058388223,0.0030084263,0.0045584484,-0.0075965781,0.0081621307,0.0079648458,0.0036844583,0.009178871,-0.0103110441,0.0099922168,-0.0009614171,0.0046022227,0.0009740689,-0.0046966567,-0.0024907828,-0.0029312842,-0.0029610621,-0.0000395687,0.0066036439,0.3201819563,0.0005816195,0.0034858872,-0.0002473282,0.0195487039,-0.0099152756,-0.0095127448,-0.0023681969,-0.0001045703,0.000752824,-0.0036109593,-0.0033261043,-0.0009828096,0.0132212446,-0.0013873816,0.000167049,0.0056160255,-0.0009493958,-0.0036259219,-0.0108885757,-0.0040334021,0.0037826348,-0.0050543366,0.017138967,0.0018643426,-0.0070702717,0.0035528682,0.00735034,0.0022807339,-0.0027341301,0.1807401707,-0.0038218761,0.0109020752,0.0040272647,0.005737387,-0.0001741491,0.0163445829,0.0066859747,0.0043098376,-0.0018629315,0.0015058211,0.0129918115,0.0006141784,-0.0020500989,0.0014865275,-0.0046452247,-0.0071503027,-0.0065086624,0.0036125783,0.0025969798,0.0100142988,0.0072420806,0.0020582942,-0.0049574711,-0.0125195546,-0.0017643631,0.002113092,0.0046518924,-0.0014865251,-0.0021582688,0.0938904315,-0.0012711555,-0.0024892096,-0.0006619589,0.0071776979,-0.0077730598,-0.0073171606,-0.0068287446,-0.0026332513,-0.0007415026,-0.0049733411,0.0082495299,-0.0092905035,0.0074762862,-0.011183852,-0.0041500069,-0.0055394307,0.0028379238,0.0035682279,-0.002146927,0.0018840152,-0.0041685773,0.0078067732,0.0058205423,0.0064537368,0.0019030349,-0.0034707408,-0.0002417939,0.0026546625,0.0024594785,0.1083519785,0.0042013841,-0.0086643662,0.0106794017,0.0066886481,-0.0017143844,0.0154323,-0.0025032603,-0.0008234691,0.0035371561,0.0027141684,0.0101366055,-0.0008381471,0.0004490747,0.0080495425,0.0087089284,0.0043531751,-0.0013074227,0.0038703829,-0.0017920725,-0.0038041384,0.0057651774,-0.0077842565,0.0044721826,-0.0030517916,0.0032838666,-0.0008175068,-0.0035804332,-0.0098928345,-0.0027329228,0.0599211448,0.0000000441,0.0000012739,0.0000003566,0.0000003862,-0.0000013789,-0.0000013283,-0.0000009108,-0.0000005375,-0.0000005273,-0.0000005135,0.0000006146,0.0000002802,-0.0000007452,0.0000007329,0.0000003652,0.0000014732,-0.0000000538,0.0000000703,0.0000004173,-0.0000003496,-0.0000000124,0.0000012473,-0.0000000928,0.0000002756,0.0000004604,-0.0000000487,0.0000004096,0.0000008969,0.000000807,0.0000099887,-0.0004652607,0.0033286822,-0.0040141761,0.0013202019,0.0039492895,0.0036485794,0.0029232428,0.0030162559,-0.0000266754,0.0030179484,0.0018902984,-0.0008697613,0.0002337377,0.0034617115,-0.0051716057,-0.0024587605,0.0009792857,-0.0013313774,0.0030192518,0.0023637973,0.0066345072,0.0017123085,-0.0010871587,0.0015480552,-0.0022310343,-0.0051729113,0.0012510365,-0.0007892699,-0.0027291924,0.0053503459,-0.0029183873,0.0048046212,-0.0025122893,-0.0018838686,-0.0053687842,0.0023038528,-0.0066974579,-0.0009502449,-0.0028239852,0.0045734928,-0.0036458594,0.0075620436,-0.0137129072,-0.0015974683,-0.0020103432,0.0057248237,-0.0076873034,0.0045784356,0.0006638426,0.0072206979,-0.0023303608,0.0033741096,0.0070861533,-0.0055171518,0.0101323103,-0.002831186,0.0065480479,0.0024334019,-0.0046929261,0.236926758,0.0039321487,-0.0031404774,-0.0006881696,-0.0057681122,0.0093609815,0.0027284722,-0.0065845867,0.0035486314,0.0003888279,-0.0005069431,0.0039537435,0.0065738113,0.0049900328,-0.0029008921,0.000914766,0.0001364955,-0.00417606,-0.0077082598,-0.0046218341,0.0008932452,-0.0077070583,0.0048737134,0.0083428567,0.0011766758,-0.0042652627,-0.0011213047,0.0006375866,0.0008089891,0.0087441445,0.0808515929,0.0022294697,0.0009136332,-0.0054466735,0.0017124227,-0.0022104686,-0.0041258063,-0.002756175,-0.0147181701,-0.000698882,-0.0090024786,-0.0079721222,0.0059598823,0.0131566115,0.0012784173,0.0036402761,-0.0012503148,0.0063901792,-0.0055509228,0.0071727424,0.003076854,-0.0008810382,-0.0034068305,-0.002440549,-0.0077706294,-0.0028862071,0.0013580069,-0.0124075104,-0.0021257065,-0.0018686658,0.1037355353,-0.0020871868,0.0025064268,0.00288991,0.0006244124,-0.003740751,-0.0034710105,-0.0033161572,-0.0015852675,0.0002994709,-0.0013396017,0.0014477812,0.0017700452,0.0096557188,-0.0067258375,0.0026177117,-0.0031021103,-0.005753014,0.0010431339,-0.0011267478,0.0026628069,0.006509508,0.0044680646,0.0056778883,0.0046475697,-0.0072516261,-0.0006351684,0.0035385964,0.000052254,-0.001524523,-0.0409708537,0.0002995064,-0.0037329729,-0.0047486692,-0.0007061435,-0.000466632,-0.0014124972,-0.0034401521,0.0043184555,0.0061534531,-0.0034115292,0.0015050246,-0.0030329587,-0.0080480837,-0.0002814501,-0.0058474384,-0.003373204,0.0043163875,0.0047258411,0.0029424763,-0.0037523374,0.0028798077,0.002242523,-0.0076989524,0.0070475186,-0.0019178658,0.0063760239,-0.0054001123,-0.0027699765,0.0062796152,0.0776158093,0.0113355529,-0.0003955313,-0.0003416795,0.007907943,-0.0024606727,-0.0158519772,0.0010527068,0.0033347853,-0.0015671922,0.0017814452,-0.0006094844,0.0020225412,0.000846194,0.0070888409,0.0003522376,-0.0062088758,0.0008298681,-0.0030481174,0.0065337565,0.0019775373,-0.0028823628,-0.0023425833,-0.0025203477,-0.0022407239,-0.0008024878,-0.0003338347,0.0034741502,0.0026882431,-0.0058249965,0.0740387595,0.0034099015,-0.0002557336,-0.0057847514,-0.0027517518,0.0046568014,-0.0033200737,0.002815729,0.0016428875,0.0019327415,0.0040315468,0.0022878282,0.0028388223,-0.0001155781,-0.0053009677,-0.0001449691,0.0000700385,0.0028505588,0.0006316547,-0.0019303529,0.001543578,0.0022426049,-0.0024788773,-0.0020529971,-0.0011614471,0.0046280677,-0.0018145087,0.0045645917,-0.0020218778,0.0030849128,0.079777491,-0.0025761763,-0.0053501653,-0.0130516108,0.0122381984,-0.0037246195,-0.0067349116,-0.0108343901,-0.0068314046,-0.0062805675,-0.0031859264,-0.002496473,0.0027445761,0.0103665642,-0.0020665927,-0.0084287917,-0.0098502742,0.011145955,0.0013283172,0.0013063863,-0.0014868976,-0.0070508368,-0.0046971593,-0.0049523684,0.0029385307,-0.0012886709,-0.0011869275,-0.0116440083,0.0070531958,0.0030496193,0.2286614686,-0.0090524251,-0.001906362,0.0043471566,-0.0118626698,0.0104113986,-0.0020311088,0.0043891408,0.0021476494,0.0077669575,-0.0014107921,-0.0048631411,-0.0049663311,0.002174307,0.0136180012,0.0024173601,-0.0081810232,-0.0005227217,0.0085812043,-0.0025674834,-0.0082662664,-0.0015680339,0.0050980977,-0.008492117,-0.0052593047,-0.0062039442,-0.0047446933,0.0097684608,0.0019466949,0.0089253171,0.080178244,0.0097477295,-0.000445388,-0.0005052601,0.0038451182,-0.0043437784,0.0035273216,-0.0001446367,0.0128909392,0.0004250985,0.0036849009,0.0023065196,-0.0011916853,-0.0053185315,0.0052752872,0.0010149824,-0.0035405881,0.0008119626,0.0059607054,-0.0013988309,-0.0000301198,-0.0003643594,-0.003416271,0.0126495923,-0.0096767122,-0.0010585806,0.0066960772,-0.0024907849,0.0029140928,-0.0112105157,0.0993001448,0.0018917297,-0.005009938,0.0033212203,-0.0035628873,-0.0032081462,-0.004806742,-0.0009716636,-0.0063213563,0.0030731481,-0.0021536354,0.0031489592,0.0034944538,-0.0110366731,-0.0067088075,-0.0111744609,-0.001281783,0.0058432543,0.0015369855,0.0058610823,-0.00115666,0.0032593307,0.0060302699,0.0010219317,0.0022837459,0.0061797827,-0.0050417557,-0.0046694457,0.001982567,-0.0031722429,0.0926348707,0.0004353529,0.0011253394,0.0049881743,-0.0052210821,-0.0041851916,-0.0029127235,0.0013687065,-0.0039567569,0.0000008701,0.0012968996,0.0008903363,0.0075697456,-0.0061027447,-0.0012543066,-0.0047932427,0.0040099768,-0.0000434793,0.0010068993,0.0029656823,-0.0034957812,0.0029564194,0.0014503982,0.0025066912,-0.0008567258,0.0047053839,-0.0078811009,-0.0032347972,0.0028403611,-0.0049911788,0.0269686254,-0.0049426423,-0.0067276111,-0.0014843846,-0.0163034891,0.0024156631,0.0001319727,0.0066043402,-0.0024191371,-0.0102175682,0.0015715331,-0.0070546536,-0.0080882328,0.0072805011,-0.0026475611,-0.0114027719,0.0062660265,-0.0134302765,-0.0064072966,-0.0008139841,0.0042461204,-0.0087606528,-0.0042023635,-0.0020004419,0.0035837041,0.0055593733,0.0103415648,0.0022114541,0.0002704469,-0.0078257404,0.1970192957,-0.001106783,-0.0002948795,0.0085137716,0.0016730742,-0.0047528343,0.0053551966,-0.0147413587,-0.012536505,0.0046560894,0.0031384306,-0.0035877687,-0.0082439418,0.0074801569,0.0005502829,0.0077368106,0.000136717,0.0028148124,0.0013811272,-0.0090215081,0.0036638133,0.0048324081,-0.003454137,-0.0073860914,-0.0047918132,-0.0006593188,-0.0048530393,-0.0122454267,0.0014926935,-0.0000702829,0.1085177252,-14592.7114717804,-3319.8130894948,-9798.8606706694,-0.2594660346,3944.9400906833,12.3855152437,1473.2714839292,8313.5553226843,-27407.2895194864,-216.625961743,0.2677275654,5809.5688053112,38.5393751142,-0.4709446134,-0.3643107396,-0.4745266825,4092.6514127835,-0.5517742371,-27405.8454018235,41.7942057102,-110.3276349155,4.5186072495,-466.5737589384,-0.1212246073,-11.6644751602,-31617.9322685284,-0.2624300901,-0.4564964286,610.3330186326,-3.6063010151,-0.9342490791,-1278.4441669016,0.5559186558,915.1505209893,0.2245750306,-25265.3215342102,65.9801570481,-7338.6802302143,-906.6852980197,-1708.4470072041,-0.9298113923,59.3925262865,2.1095661877,0.3644225316,1427.2904315619,0.2518497709,7293.6090541872,38972.6418182151,-4061.6795782064,-2624.1734955175,-0.0050990476,1893.9903008544,5835.1475784259,92.5405226451,11006.9267269453,-6087.5441035694,0.3285821297,-1778.9582286483,1307.7329753919,-9339.860667527,-10862.7319545269,380.7426835055,-5083.7629003002,-13007.6883540136,-88.9782901587,-4764.1517360707,160.4846714578,27595.437616287,-2587.2825937528,-6232.6903089696,11268.1735035201,-2316.5559962684,1048.4276096721,4950.9606139341,11185.8996169312,-847.7736464033,-631.363659368,-2624.9914843954,-2827.5054427646,-2249.3540986851,4916.7392716473,0.2334860517,5158.0746428354,10972.3112550759,-0.2803494846,83.7584225503,22257.8803205288,-0.0897094065,-0.2394970412,-9742.1681697345,0.4599615337,-0.6370860942,-1197.103230136,3548.1098868709,-0.4465532289,-0.347493936,-1.1687945448,1856.6226130575,-1.3492582058,3622.3933583484,-0.9376026805,-11535.2888593251,-10978.7911629006,0.7551801548,-11277.9294345488,0.5591737531,-2.680399927,2244.5837246066,-18087.9307997947,1.048496623,-1537.7820621426,-1086.395117984,-11.0183402617,0.5865729326,0.7588386313,14477.035264937,28.5025106861,44500.4673465798,-0.0826517875,-238.5684875276,0.1045050219,-0.3808139954,0.6745172994,1.3678695969,-462.8729852816,-8454.6113210359,0.1253191482,-6275.4935176802,2214.8085524961,0.679849966,0.0081227115,4029.2810667955,5.4948221417,11461.5856051784,1776.2555401961,-5752.7443957226,-0.5055214919,-11345.4300006273,-1323.0914005049,-2642.0165300542,-7223.7903190167,116.5035942453,-0.8509279419,1572.3442397243,1205.9525264593,821.3667424375,12037.0703676771,4547.854411787,4718.8666256754,929.2493491192,-13.0385149092,-7615.2105829214,3291.6163999993,268.8458565169,-0.584060667,-3376.6901328377,-4122.6718967852,-2024.9595347172,332.3236598336,-856.022839885,4953.1914422997,-3411.5205862351,-141.6699281979,20649.9997901516,0.068905771,-0.6388312173,-14657.3220618485,12526.1635146759,0.2413164338,2461.0037100511,-0.9246070107,-20790.392030068,-7662.4653387082,9590.7048873029,-0.6608552719,0.2019359192,0.187168805,1.1361680981,-0.7057658792,1406.0158339714,13675.5851265272,-0.7544321346,-3399.3786514902,-0.9121759658,-0.1022266352,-50.6335632536,-37095.4705217992,2703.287185986,-0.1950852928,-0.2281482009,3671.445273655,0.0139377438,7565.2554195023,-152.631864986,-0.036940951,-21514.7892673992,4740.0526707097,-1.0419643984,525.8253478473,1858.3316809402,-107.692445003,-4269.6199551748,-9958.1038860396,13.3818919552,-2032.6859085326,0.5687193256,1.9382717397,-29.9884010984,-0.9205428425,6417.3351498646,0.5060575904,-11478.3298859937,-12681.1020016147,-2386.4723099172,-1.0497138395,12215.2459788621,275.1886139483,-13955.828564165,430.5273256365,-110.6872971773,1687.0706492387,-0.5757308239,-1822.9706088912,900.2167905928,-506.8345588345,10488.237531353,10644.8759810622,-35.4796266468,-3265.1411512505,10383.3775970694,1555.02677632,3378.4594260946,1533.3215440467,-536.1238305476,-4125.6408172979,1884.173727087,-856.5323844771,10018.5197052719,-5924.3276074457,-4420.924478219,12370.9578972237,-556.6918754715,1346.0666374273,-4794.7312852895,0.3241650125,0.0445732587,13844.9684134543,0.3129301884,-1.7541626135,-0.6118086776,0.2632978058,2510.4721959848,9030.4765674549,-6.9324103596,7502.1159317949,0.041539778,0.6932237183,-6798.0879722193,-0.5811371592,-2910.6088297818,0.6244886899,-12058.7609540302,-4907.8808460092,-1769.3615036947,-19715.8312330133,180.4405412524,19141.306834148,276.6704909127,0.7679198838,0.1508481562,-0.58162601,10.19591267,0.3362965932,2922.4727679381,-0.2186388227,4399.696375003,23366.366586514,0.1630265744,-39682.05329993,-0.6327330374,94.2730482567,5137.4397027484,-1378.0941934238,-39450.4142539251,-496.2362601158,82.5967544251,3909.1577171516,33410.6521387009,-39970.3937921927,0.2112768836,0.3504698053,-10.4307793469,-4496.6569935081,6367.7149090028,763.1449160381,2362.9565755636,9226.5093534423,969.1097445185,-329.4526129798,-0.7791259713,-4750.8953204023,4139.7212019379,-8.1773466274,171.6369712767,3233.4053037934,-4921.3642355052,-426.9480320881,-7178.1415684723,-14979.9969338132,4493.9330406707,6.0611356851,6723.7462826918,-36.1127142812,-4260.833090208,-2050.377304446,-7911.3670864575,1820.1875985304,-6302.676766235,5786.3240759898,-4101.20027918,1992.3364885081,-10676.8142106706,-3485.0089192868,3442.2196847941,-33727.4895140462,-11968.3583742114,1247.472004104,4614.9421910309,-26.4545914903,-0.1083568899,0.1163532122,-0.1984005109,-0.0270786408,31.9574627725,-0.2963031623,-0.784260089,33.6701755967,-0.7016781434,-27.1723618027,3662.2527997265,0.664598028,26598.4735907691,-11188.164331699,-1906.9007140727,-5.5980280401,-0.4594201736,-19832.2714141751,27359.133634589,-23240.7635472454,1.037580543,1.5769733101,-13126.8328567272,-0.2114689311,4607.6757487136,-0.6669331538,6199.6194892762,0.2610625599,-3161.8809495504,2338.2494276891,-25.5322677215,19534.278009218,-0.1338009402,-19405.9064811931,-0.5973589614,-23060.518149068,-2541.9885677232,20192.5294486562,-23685.1488372365,-1051.4127033556,2494.580517467,-0.8669173817,-1.5746876655,14694.9575941252,6715.0624754006,351.1838839699,6190.9528070926,8660.3037983173,-1923.0928935252,-4388.4396501179,-0.5057653892,390.3860366746,3149.7588776737,-246.12235278,1489.6454867385,-292.620674394,-241.9055942974,542.2329003559,260.4164675774,2361.0355878424,-1628.3769254916,-13203.0414040529,-11031.0320431888,-2735.8701693339,-229.0219864779,-1151.6178465112,-7.9386222655,-5018.5410060787,2223.6771294448,-5975.7597175972,2239.4970644449,8269.1501749118,-0.4607792641,-12279.8291961506,22993.2525600301,-3311.8603388452,-1821.8649549124,9567.5092234141,101.5542618074,1089.3829277142,0.9589036298,0.5767171508,-9613.0563151475,-34755.2106243287,7338.5601382698,0.0171815848,0.0133423077,-13.2925405798,29.5891253905,1089.5751774706,-5440.0251924728,25746.3697428958,-24.8259335256,8522.5648227548,2.2525632774,-5673.4410742671,7.1693392545,2883.8003539433,6642.9258879488,-1.7633618382,-1.1434236911,-2.3544914993,1559.5249621964,-1.2549963926,5175.6551142743,-0.0497321147,14480.8497924658,901.5446262826,-1278.8544677437,1531.2637871785,-2647.5931067068,282.2661630575,0.6494532682,8743.5990644741,-0.5232471178,-8749.3212073278,0.2074532464,-0.2708372459,-31465.5441091923,966.5416611374,-1.0479962818,0.6174002536,63.6018554255,467.1756719371,-6602.9821749844,5792.0968739519,13580.3566211299,-1450.0082646501,-4274.2547802177,1614.4482245623,-9262.3546906271,962.6210196345,-1030.4185002619,8091.056853783,-1176.0483831381,4723.5988221966,508.2492023837,-1.0316786138,2255.3151114523,0.2512452905,773.3018977403,5225.8899931636,-12584.5233128806,6784.4724597428,9741.7032928432,-74.1365757271,-1298.3151699573,-9746.5270238679,12513.1382027773,10.6214228695,-10167.9404660359,4103.1376881631,10296.2861150967,-812.7498199757,-4103.0551373496,-15.0673519791,-9633.4934755167,-905.5255467465,13309.0237543783,-0.7126522968,970.2562100655,0.3964757484,117.6066151785,0.4326457253,-13245.876062903,-0.239578336,-0.3385189558,-0.4067028631,-14087.3249610213,-0.0738529299,7154.3587666369,-1929.2945485736,-6510.2567836027,5859.9653751783,-1548.6767195007,1274.3248426167,27.9676355252,-36972.9389092315,39636.9791930976,-0.3084875117,1.3686274584,7025.1018815836,-2764.977068789,-19.8943406331,0.8073374662,0.7600977802,-42524.5915928515,5942.7474911943,0.4688040286,29124.968552065,17368.7435721649,-0.7334085842,0.3363579117,-28314.8002557115,-0.1789152343,-1614.2503467453,-6930.626001411,-2764.4917021776,-3172.8142756582,1702.3252493949,-0.4680568828,-0.8006722132,-9591.991980099,-3579.159804608,-240.8198285806,7244.1557752164,-8.00254932,5274.0787170902,2758.8453104178,-4115.6554960653,2721.5357687586,4669.1026591075,-0.3197500448,-11224.3258975549,-0.5551020517,4014.8859088268,27.3534675591,-1806.6596449419,3.4312862719
   33.2704941422,-3994.1151858403,-47.4508579955,24438.7676910404,521.7118691603,2229.8059578841,-2737.7202868173,-5554.9959083276,6409.1519796016,-180.1929194428,3813.1530863637,1008.3104206386,118.6791640554,-0.3645950904,-79.5379065108,-3585.4003969173,-0.2661994251,-278.1248267892,6936.0712646066,4509.7204482455,-17142.1262529067,-0.0733474871,0.2134972268,0.5732516282,-1099.9592914131,-0.6836028167,3.4944264739,-0.4913998456,-10345.1275831437,-0.9566885254,-17141.1819878502,-284.6847476259,1330.8919583501,5478.9546637901,9389.0441560588,0.9272301088,-0.3466328591,7.084225205,-20447.5260181564,-0.3314309902,-2.3850587502,-0.9000768781,-0.0351271422,-0.8167444191,-0.5376340341,1309.4984219457,-0.5632559163,8532.5132852132,-628.8148974166,1749.5804246151,5152.6211327592,-0.4430865442,6983.18873641,-0.4350884118,-0.7313465946,0.1490253829,-3593.1520357547,-5506.8372112073,19560.2027535229,16134.0903660428,-1635.4318304824,-0.5085714538,1.0778899071,-9627.2504151623,5617.0226314691,249.2626845518,-1424.6179358553,2.5813374764,-1410.2476969405,2370.4288709106,7490.3641594131,-9.6974026586,1508.4852460908,-758.4810112441,-4570.2243139415,-249.443268206,-310.2846546586,-228.2303946429,1767.0232839241,333.4238056093,-7623.1274456043,-1585.9829820022,-2499.1744481289,4970.8921580509,-1116.6588551718,4478.9464955196,-1514.4311524366,-4391.470225881,3313.8927273108,-56.0715763485,-2646.5343079382,1942.3501485415,3087.5568415259,0.8715415964,-0.6644617454,27.506038127,-1.0005689872,-2319.3181811844,4321.631000751,143.8688846146,4031.2872341978,0.301436289,0.5921131695,0.8717042605,-32215.8105673467,0.3935529759,5297.7824294836,-0.7253266152,-0.8783822205,-3800.2710800774,4031.5240297484,-312.7507047465,-0.5805993219,-6323.3416223096,-35162.8328186563,2.6094850274,-1.9328253021,9252.0263712818,19033.4554103717,1.179404633,-6962.7462806187,-0.2318321513,-0.3007119253,1147.2094201268,177.3217714054,-8.1978029698,-0.1599733568,28864.03600723,6354.5254056505,0.6652402776,0.0800903436,-20870.9254631235,2772.9548846719,22600.0828002916,0.2709067972,1442.2732573659,-0.0483699759,-0.2460534129,15803.3412883315,20817.2183556017,2682.6532877847,1.0302683438,0.3498821568,1846.0797161482,-1519.9836735556,5601.6143374054,-1655.8372070403,-1.5135747958,-3403.5245495832,-4814.1771710854,1468.7210092195,10012.0921840679,-11401.4861278848,-1388.5108552815,-152.4467008407,305.9494658512,-1.2839636394,-2598.719407671,-9493.5927927721,-3192.3368761794,-2058.9294838802,-2585.4667167111,1478.7312916654,732.558572701,-2799.1649207878,4592.7529484459,13166.1683501464,1071.4614011103,-4501.6618926205,5575.1751704439,-944.1739402012,20431.7657256616,-2256.464990081,43773.0193921825,-2513.4956123963,31090.5128850377,5152.8451217175,0.3514466122,-2093.6241687457,0.5391773891,3654.9554829649,1.0937541617,0.9652559312,-1.5668423521,-0.4201891254,0.6542341242,2031.3293738633,-0.8502512845,0.458628487,14213.8352163746,3655.480450382,-0.0747109047,-2918.2227378999,-871.8637139471,1075.1194356088,-3887.3809138749,0.7062327323,-0.1058243731,0.1729915817,14991.0277358555,-1804.882748527,0.9150953052,-4.5878477653,-1039.6222261453,-6567.4617029436,-1209.6744786337,-0.5475362485,-25107.7156315401,43126.5894503034,556.0775559722,2.0956341861,-1170.5078712355,0.3034792262,0.2910785643,27655.6211882186,-0.3996615485,-0.4459852056,0.6597539809,-5302.2225425088,8131.3544616781,3052.8867718445,-0.4910479718,1.0327306095,7693.013742516,15867.7966203888,-16916.8193499219,6194.9047297193,-0.0170208474,-54.4764670438,-10076.552766244,3265.9823982932,-3547.3747489016,5330.9174778111,2081.8452204516,-1227.235975204,5.5839588595,-759.7591774426,18888.0925416462,757.3555399904,-1766.7423286667,-3675.0383442859,2768.7120982548,1.6811453016,2160.8188792779,-3824.1382535569,4562.1714153495,14029.2693087844,417.1090422646,-10244.6968302885,-5342.3314163553,10706.0290817682,-6160.1202025132,-7327.5553751784,0.2636148328,-6912.5770342448,3.1496916776,0.8727675704,-629.7185625243,-4366.2746786544,-0.2667125568,-2732.3832177651,-10.3606788823,0.2545287705,-3636.2452425937,-1.2073488532,3022.6489030374,0.0992374375,-0.3753073402,-890.6327112076,-2.5638601636,-2731.7314759101,867.3056468599,51357.2437449109,0.4382693105,-21744.4714453775,24321.8251767627,-8557.098015982,-0.9416154959,0.0327051295,1046.8248848051,317.7485945032,3026.4061488246,0.1108345822,13351.2258697515,-1068.986916018,8291.8323639312,-0.8995035528,-4215.0537435981,0.4722937485,32928.923030652,27.5630843195,1.4358330959,-5479.8093004701,0.2264750952,-0.4362028036,-18.1438887555,8762.4159395772,-2.9078308156,0.6569253284,-5242.7875188314,438.4066263103,-136.5225206583,0.497915117,-4527.9196368061,-186.2520109917,16502.3330822096,-2258.4123970276,-5873.6621325468,-3187.4958498506,7059.4630464696,86.2078052233,4604.1416199014,-2569.4691041906,1147.7261082023,-4137.7720493893,308.0421279871,1.9323294634,-1.2113724456,-1304.9303814603,-6877.9055232202,1989.8736873403,-0.5047566912,3002.0992019869,13421.91052426,-2352.4617147919,-17.0507566776,-2.4587580992,10765.1796616989,-4383.2778452106,409.0237833076,-4749.9305289445,6440.0885788277,-10.6525149529,2995.4933349346,26877.5640727888,0.9656453257,75.2248273322,-0.5419138198,3793.269512837,-1502.9958737902,-49854.9230768319,-2462.8971275764,0.3816863136,21966.0684404918,0.8186748278,0.519864948,147.8796146421,0.1982151442,493.9962071872,0.1610996327,-49854.3819061714,-23.6477918122,0.9137082838,1718.2150194303,294.2949080311,0.7349080966,1.0366575773,-1868.3274069451,28.3872632985,2.2076402236,0.5803266394,-290.0437352687,1708.2819372402,-8613.5794386521,0.7505459075,-0.4082150487,0.4672333975,-25281.7612651392,0.9055824564,-8.8321361289,-0.3581035143,-0.9545220141,-9.4573702112,6165.6278996191,6104.9385378757,1766.7940049944,1107.8302206719,-2.3911651308,-0.1783262019,3354.8368493618,-3011.0843594937,-7431.4546851352,0.061754632,-11989.5607924468,-4026.12622576,-1227.3454553416,3170.3308886162,-2126.8490550296,-1528.9812125552,-4005.8832456719,-3119.8309123416,-18.1005436581,3920.1590517083,141.8529176417,1686.7128092851,11109.6100084979,172.0501476322,1056.6532972143,798.1630772906,-0.1604942945,3015.424652166,2955.69714827,-1.3343536358,5708.014393731,96.0480820594,0.8575277985,475.9983891651,8570.68218418,12112.9534548648,8096.4053552678,-3340.9127563556,-14251.2434290354,-47890.2937651264,-28023.5057994056,-16262.4616007658,-702.1734776713,-15496.0459936977,0.7560073181,8240.6186197796,5.8392595581,2485.3639382772,-4632.9858046395,-0.8990890009,24141.0709830687,32232.70826995,-0.4877039842,0.7158371702,0.1069122714,-0.7567272818,-8893.0656446291,2484.5500734746,-14.7089197592,-1485.4718619449,0.6363233855,-244.7020433036,8393.2478469072,8799.2212633668,6080.134457595,35184.6955316616,-2323.1014910983,7388.782651377,-439.3275102746,-2.3459297492,-2530.1198601297,-0.1429362042,-8277.7779547105,0.9668566937,-4879.1898787229,3.1218340757,4901.7401501053,1.6734425422,-32824.6898928796,-2014.2198635201,-29143.0086652704,-44170.4792542164,844.0334933685,27812.3372223318,-1553.9119242812,1.3709785682,11729.5367427148,1112.0530093632,-1.2570584454,1.3760772842,-8563.0960547524,1496.24990027,1928.4489490299,7550.0360925412,-1339.5067394946,8688.1654232845,-5874.1962424893,7772.4554461649,-5045.2089341765,641.8245927985,-2176.9916686949,5805.8214132459,8879.4491905956,-315.2199305088,1231.9609526983,-691.9400128625,2640.8890659362,-671.1265580303,-2430.156826421,3712.7314054657,11526.2009408631,-1450.732567157,12.5277990933,1899.2304694808,-6101.8234318111,-6524.1952292612,404.7244485326,1794.0711960397,-2773.8760154207,10376.8184031463,86.6213702007,-450.6335508754,-0.9375879739,0.3434723902,2470.1724301923,-4794.2723419877,0.7041756291,0.6228793571,937.3814357441,-0.3033069238,-0.5411641873,2548.2472847153,7778.3528668668,0.5125937934,-0.9216447684,-0.7708565352,0.7393971908,-0.2143977177,47807.0613821223,0.991239254,-3646.2450717383,-15203.7191106742,-0.2908799175,-40.3682200126,2509.1344615515,-9628.3040103953,-338.6632313063,-23693.88253201,96.7299383538,-2221.491732753,5707.3926376193,1.0060101739,-0.8480177228,-0.7910537815,-992.7511393522,-0.4765194091,-941.1445938332,3647.8829450849,-0.9089710195,0.9423461461,-2010.5874917938,-0.6703000974,-15240.1315851404,0.1604971964,15.1748477881,0.1311359288,-0.5991986978,-0.4986727635,4087.7829879306,-0.1429976362,-9020.5587921401,-4213.3283640613,11060.6559200417,-34.5301695973,993.623853348,-1.490484367,-1541.7492692666,7556.0718819278,4915.7641379285,-5386.6531616969,-160.8363370644,1975.6610376575,-1345.356421243,14832.0498669819,-2241.0721552318,-7332.03506206,1147.108165761,3870.6236648794,-0.2357065009,-1788.5767654174,7366.9509636003,5425.4830318034,222.2059867854,-5149.0495795362,7465.6402129837,9607.2303598196,4449.0714129066,-1.3559912456,-8442.7446105143,-5068.9505421263,2926.0701945739,-2598.1950013656,22938.5317902197,6067.0785673675,-10626.7150773373,-754.6805348524,-6775.4629189223,-3476.886837631,15464.8380900152,-0.7659101345,5165.7207676429,-0.1299859887,17880.8309327443,-65.9712588662,-0.9442933165,-0.9057568375,-5166.122693108,-3475.6371160437,0.2624194264,2848.9271965861,0.6887846668,-32672.1240476103,2478.8894316593,-34691.4357830564,2482.0073896436,-11634.8640783276,7008.5733396783,-6427.4272019642,-0.2450686142,29169.9904247847,-17997.0161612196,27637.0244213426,-5878.984665425,-0.1678726529,1833.5477263349,1446.5275210638,5192.1301350276,136.9569161722,26916.9009762334,-14891.9275751144,647.6729873376,0.6815443753,0.1426546933,-0.4517975152,-7597.0638520022,-0.3087009011,-16029.1407355362,-15672.9694786367,6349.1522120363,0.7053594137,10749.3073681338,2788.6154565075,-16720.6099714307,-5977.3744139626,16257.4438567541,4258.2687388897,-23880.5192642492,-7929.3515451867,0.3230433951,5431.4802441434,60.0717276163,-20466.0115530989,-479.3920640881,-588.9401145592,-1580.1841625979,-10711.1647396666,9466.468225934,13800.5073785353,-777.2559315939,-9369.1056261964,-22140.3062563272,-1789.0547400505,-4132.6026067655,-507.4272094354,6748.2299050965,23734.2060655801,4005.9910812615,9533.2465759167,21539.9513116884,1581.2096591255,318.0824132311,6438.9368003681,110.460352659,0.4570861246,-804.2930214684,1892.3045797545,0.8412448724,1.1692551571,-0.6096439199,-0.3994791152,-3696.4279964591,-1116.5947408106,-9749.9713525017,-2450.1993700261,0.6650469056,-2126.6431392065,-150.3937911722,-0.080965778,-36578.0265376923,13581.6186815927,21.6791778582,1207.6943577586,2517.2943123726,5133.2592434363,-0.3865760195,-33954.937934433,1.0209256437,0.2040501837,-0.7359831864,-0.9218984397,1199.6394861566,0.7425148888,-15179.3333231513,0.6605320064,22867.1354409628,-3.7374051605,-1193.162013632,16.1900819611,-47.0620778424,-19458.2729835017,0.1003609371,8809.7170658336,0.5718918875,3.1394719688,-33.0657802217,-100.5127369345,-8766.2287489367,-6598.4555385931,4906.0938907019,-0.5453419551,1793.7709587078,-9428.8256760447,5727.8287829645,-1336.8775872221,-38.6048017822,16.8883525629,-7340.2252557205,-4732.3782927915,-1572.0752972951,-16663.9033660573,10778.2193786611,2.5042632464,190.430841781,6732.9494609562,-6974.0049406563,-245.8121620524,-2965.5787535405,-7902.6622839616,-3666.3216050812,-0.0538241281,8437.291240268,11797.5083877145,-10142.9611263904,11588.983384313,10611.423130165,2679.3451284771,-6917.4111335306,4926.5239762268,-5781.4250053987,-16928.078121663,421.9139517683,-2705.4538449232,-20073.2639686327,0.0543522196,-5567.304890218,-4984.9429611076,-807.3858957627,-810.8782951027,0.0874712983,-0.4373604738,26229.1047237129,3503.9676889676,191.4124401355,3552.0591024539,0.3398267252,-0.535748507,0.4668378489,-810.3616965948,0.133438867,-0.2997221081,3653.8007331562,-25590.4886009555,0.2312003286,2.3805403845,8870.6906947012,1.1524270021,0.2081012935,-564.5691578928,0.4684158356,0.5428689672,0.5774782907,1568.0504699861,7539.246578064,-0.9980237018,-22387.2694142093,-0.7946675949,-7996.7426236201,-0.0909643042,-0.5440604512,-0.6608858587,0.9271128595,2.5852087413,-0.177157643,-0.1503400363,-0.1186606968,-0.2726503114,-1533.8782475691,-143.4866250256,100.3133374348,-2.0361350676,-24.5384823254,-710.8791174831,-6819.4264057269,-1.8357767191,2221.6142439012,3967.8226456559,4170.8872337249,4873.9876799785,734.8572009176,-3588.2864529869,8777.0659680224,-1192.2052708994,-2421.7029194078,-6072.2234717034,-10056.5692993626,12906.6433848017,2112.425634209,20.7710984318,-2244.158920867,4379.5361324616,-9234.7532835655,-5458.2807891013,-7868.2344754476,15227.3149004217,-6826.2069968955,584.1884019324,16998.7986685758,-13268.9782350843,-4174.4606280811,7346.7821445951,-390.3537082379,-4.5105222599,-1972.0335587418,0.5315747212,-3476.0065750182,-3813.9025731926,4769.086958287,-0.7018103458,0.0957011525,0.9970094416,-0.7765044979,-1.7206354825,-1.0293164464,0.6797540142,-0.2984724014,0.0601801669,-0.5857909247,0.5451849374,-11641.6740784587,-0.433289588,0.1565504686,-13764.2511955042,-0.7100227945,0.9119115305,0.2066292026,-6638.5796001053,-33204.7574674863,-0.7642459639,13679.9965377375,-1.0889154902,-0.1986873141,0.0489830882,21012.608484477,0.4153679804,1200.6317054411,-15362.5149384183,0.8708146087,-4.9281535496,-27027.5444716267,4186.4508191956,1.2752590807,33371.0240551616,0.3808575201,0.039834627,1318.3467622832,1972.9498523346,-4413.4621662242,-3489.2352953373,0.0667725258,0.8320505634,-18440.9511822847,3599.4376119613,1037.9524312852,-5030.6255640036,-99.0301728482,38.9320331922,1742.8404281302,4316.0326717094,52.85232982,-19387.2624427322,2674.6044596621,7796.4175238345,10061.5121420623,-2737.8013112093,-3884.7154897151,3434.3757778781,2906.1455476885,3357.5595329021,11486.788826135,-365.2284293633,15361.1415351147,2341.2256434511,5330.0971186891,-2.0923868593,-43.7958423557,-2140.5150074017,3761.2802831126,-206.300333519,-9443.3153427472,-15612.9884043497,21233.0477412803,87.2913446191,-1812.303438463,0.5761786581,0.896344127,13987.2233206507,-17.3162144691,-3927.2056626406,0.8839726355,-0.5309576443,0.2087656319,2340.3267045438,-3058.5415376281,1.0500566131,-0.9143179763,48.5540354705,-3.311310741,-3927.8269722471,27947.796391759,0.7654679826,-24219.1777171278,-12.0937429573,-3936.5152392402,-0.5487426587,0.4471621383,13908.703399111,-3275.2997279731,0.9291213124,-7.3611088222,2687.6313339153,24548.4364665167,-0.7955651011,7281.1948433462,-0.3822688809,22085.0619708141,319.5273736407,-1.4904360528,-3042.4281289348,32072.8582823746,-1476.8572233776,-11963.4052454642,-25309.6594112514,-617.1799966053,1.6019791464,22.6288463219,-5228.2814670103,-4279.4382796624,1755.1291649786,-2137.8918264937,1.7123112423,-25.0445486852,20269.4850969976,159.3329428549,-12572.4258090912,15090.0544841834,1409.0747812967,-5896.8773192739,28.6496816612,-1339.2726551967,780.5175123853,-2637.0986496844,-6990.5936613074,510.2677158962,-14980.7050971122,1724.2604378925,-211.6837788027,17709.4820719968,12802.7063638505,11340.3276815415,-8962.0376944233,-7299.02131027,9971.3242685525,427.7763338144,-6951.2007947932,3155.1618944904,-38526.683481492,-6284.8714373631,-5218.5713508133,-971.6552030298,7733.0804112944,-3.2055604768,-2835.1198858789,10375.8616757315,-0.7483692341,-2861.1782642631,-11784.2245826633,0.2078070093,1631.8030083945,-0.265643337,0.4522901493,-666.1730616753,0.8814200813,-16824.7108410857,-8072.3370353135,0.9512454698,13923.8064131061,0.1994161794,1632.1759220158,-12215.8498832724,-2079.9664620568,42776.9402318227,494.0621436407,-0.0292913581,-4132.1434104979,-0.4769012617,-1.1613837978,1110.0365746571,-0.4079656434,0.7765532437,-0.4971845056,-1.1160416971,1319.7239694854,-5.878474635,0.9249158758,12249.3261329299,-1436.1683836118,0.5415179806,-683.5761227139,-0.2818016125,1.8320638129,1778.4383162962,4500.27612546,-0.5486547455,0.0649186303,758.528454164,0.6811851711,2898.1722718511,-0.3673949212,73.9831792979,-0.1757553251,4368.7074864517,-0.3974696642,-12673.6122674269,-9.5183538422,1247.1652510312,772.5210731084,26.9942407448,-9359.2973854539,-2243.9105798403,-3209.4830871587,39.141774958,5436.600059983,2774.9995493942,-784.616729998,-1.4656019496,1.0109241082,2768.7413123408,-8900.5670574482,3907.9275921646,-4284.6111598497,920.6777143822,-3321.4506875449,2018.3093556138,-1012.1908263513,164.5541792332,18771.0445790404,-71.0337128743,6231.7124304692,-6707.6388878051,3887.0878256733,-1935.6030911316,464.6743790342,6654.03350341,-791.9219131068,-1017.5192063999,21935.5985363539,92.2476346915,-0.5849271947,0.5315576475,-0.7441130389,22958.479451051,-46.4531628992,2863.1111239474,21.7741144806,-0.5291756959,3260.1510788885,-9969.7240614952,-0.6430807013,-0.8507774751,3009.2890188942,-17649.8364719949,1358.8065299781,86.3146870803,0.477128973,0.6471491527,3948.7427718917,-8046.1756802276,-0.3161143441,-0.4418652342,1671.423869266,-2.3387012506,54.2219022824,303.2931702916,-0.513040884,-15420.3479984321,3312.6361152872,1654.6116297314,0.4053788955,0.3332497044,-12338.6769282478,18328.3383694968,1202.3158052737,-0.7179786915,0.1161109027,-232.4707728255,-1536.1052214196,-70.3576583437,0.5216900783,-0.2155011123,2.0040397371,1900.0005550917,-4797.9588965754,16295.7280604398,1.0215086545,2905.5411567441,10100.6052522973,1444.0973984769,-146.3020625796,5218.7755478417,-2342.6983759096,-12682.9563799847,-3705.882278189,-3932.8966441161,-1013.3296192398,-14723.0051452524,-23.1177429642,322.1458481273,-2707.9957668912,-51.0642082297,-5874.5495393189,-6575.0557946773,-18237.0120463125,-2517.1100819934,282.4768210907,1683.2112072223,-8046.474448806,-5543.6749995021,1860.2529937385,11240.5019739091,0.9187322602,5814.4829644256,2166.0970796668,4014.013297262,-0.8052050429,-4834.2304796819,1026.2693217922,-0.3109676688,-4766.943672161,1.106056071,0.0462088802,-2.2603327666,-22176.2097345711,-0.7805502909,0.380606357,-0.0434483821,-10.3906795641,1547.7188415678,-4767.9013692143,-380.8319085797,-9287.3466633978,37790.8495003955,0.7888667869,0.5912033799,2206.6237999497,-0.8414611147,-35332.5921319734,23230.1907729311,93.2693675763,24050.9994901851,-1.1214185909,-3387.6875099956,-0.6706938452,0.042257632,0.4157928005,-97.9203478731,-0.0074463496,13786.6265606914,-0.4865681082,0.6667758697,11250.1000195953,0.3953227619,30323.4686055433,-0.4445543552,-10192.2642368313,0.2728636365,0.8363886776,432.2048869502,2352.5059436667,-55.8278094501,-0.4938053236,-8226.5069374023,15554.2440307188,-1938.26857239,1822.8492627426,-1006.4160869959,-1596.8363617409,48.2803838708,8706.8496789329,66.612556113,-9498.0603377412,3876.7747907884,-6832.7869976854,-0.6569469489,-1165.2788510374,-12480.1743622337,2684.5705498941,3.5126604829,375.4512627089,-6381.4799030078,-7311.6097162428,-1263.8433757581,12701.7308520371,-12099.5669609086,-782.5332043583,4362.5649465681,-16221.4199639845,-5737.4600367899,-4120.9726611095,10893.8654168719,-403.6483942338,8.2439556023,9107.0684914566,1483.5578739322,5707.122370652,-81.1076079604,3625.7379074082,78.0707612278,-0.3395964794,-12.4964665516,0.4039061933,18.9132477611,-0.1393427806,-7975.2274457492,0.566671864,0.967189862,-1.1561150946,1514.2832383891,-0.8284485722,-26974.5009232521,18522.2047419263,1.0036961804,0.6253851791,5207.2228751516,6216.0447748227,184.1628125637,-13531.8249016912,411.1578856381,-0.522212882,6412.4242518889,-2331.7641501635,-65.7732095434,-3031.5098619244,1.1709297254,0.3912525265,-33479.3964141088,-1725.8588206194,6228.792862951,0.8467863567,-5130.8629954544,0.754072866,-1.0031507922,44012.0561067979,-0.6068019941,11182.102841714,-1055.6776093827,6059.7147248671,15380.2203646697,148.9094802323,-2.3060492434,1.048925337,-11.449904576,5916.629316071,1743.8712886411,-2258.2448811087,12493.657892378,8.2854430152,347.8876893985,7226.5264082299,5885.8532341415,-5043.2441801059,-4327.8907091115,-3183.5724240003,4296.1171609815,-13948.8870392315,973.8349106283,-2117.5060421765,33.5752318533,3378.6712833276,467.1557482936,-10829.7342619785,-6230.6114869172,2.6693448016,-9251.7826305591,-5271.4938543296,1705.9014155189,-14797.067309912,11964.9134477576,-3527.4333210056,5295.8870032956,-1445.6326104242,-183.7273161797,-7330.5634912943,-5782.0117571168,-0.3634665751,26518.4144533142,-4410.5059859237,-18359.2921709942,0.4193946789,1144.5709643514,0.353136135,-1630.7218661389,0.056312811,-4678.594358094,0.2633031658,-0.2843476357,-19333.9283187126,-1.3174769775,-0.7600551397,-0.6105940876,-39491.5518234969,0.7427295054,17369.0733914328,0.6969699472,3.8664033754,0.4383640963,72.6660588818,6088.7182163656,33498.79093439,69.1257413878,-0.5389557814,10449.5549779947,-0.3806243127,-0.4697920614,0.9158609779,-4727.8241810375,-1088.6558978302,-13737.4519761857,-0.0261564599,-0.4773898487,3.648354425,3.4187855021,-1.4203949746,0.2364027292,8233.5740856783,20800.664866517,-6644.7777648974,-2687.6194003414,-490.4253297909,0.1746736801,-0.4258622408,0.809116202,657.1266292765,3980.9200405924,621.4641035133,2498.2692123956,5776.9676238756,-4404.0464945164,-159.1393691311,-1600.3555913313,1736.445600002,-0.0631515653,-4022.4478055465,15928.7885969107,-3859.8061201465,65.2988047273,-1939.7365757313,5488.2182086471,-3609.1821621742,-10377.0917213422,-9434.7872027258,-3743.7612708181,-127.2415049247,4180.7031502595,-800.2830212274,2418.4732032109,-1149.6325740447,-3557.1724504754,-5390.9166584691,3667.112822174,31155.5304800195,59.799777881,3802.0111893104,17997.823035743,-2887.361208627,-0.2895766855,-13094.7096866144,5.8328842966,0.3486209277,-0.0099442659,0.598182437,0.7775608471,0.3388373003,0.8085559621,0.8580854307,-0.2523533429,1309.2919584326,1297.0309818674,0.071843434,-2069.8838123736,0.8060627463,-15732.3313060249,15681.0788681531,0.3044080044,-2297.0377484387,-2.1581634794,13987.2807976154,-0.4367405035,-4.3916230645,-18199.0979003556,0.2912956189,0.0279033548,-22183.8327454595,4859.9348216513,0.1931435543,-13308.3478925417,5041.0410746797,-647.7162940992,2132.6119063823,-0.7763813404,-2740.7052009877,33348.6549757554,-28737.3632922578,0.0691927809,-0.0034480141,11697.0268427392,-25691.5007221845,-8216.2770336384,5749.102406136,-70.0912201405,-0.4707534931,5507.5487097493,-4120.4292662727,16150.2432117758,9212.0712380184,-8206.9404952751,-1.8327749882,-17717.9618762994,54.6880822016,1951.5870029491,-3967.7963617447,5171.7158888715,6187.1638929461,1.0479778652,551.9278027147,-12593.0632274293,1142.7188146961,-7331.8051118891,-10948.6401650373,-9.8656687087,-0.6301199573,2897.9754219757,-9879.913707175,-2034.5557673558,2080.944087886,0.9526190894,-22173.2174512351,-4522.8686911551,-15991.8849573642,1860.524643952,13714.6342725205,-14380.0231763614,-7595.2155348943,2136.0863275301,11447.8067162224,-0.2326662896,15426.7016360409,6792.4373781959,-1095.4245960295,-0.6422197155,0.370863606,-28.2535977982,-3.3042133415,-2397.9978460053,-38211.4633089197,0.2077799541,-0.687150343,26253.9314598642,-1096.8858966641,-0.335217928,-541.5971641737,18321.50788286,-0.470574042,-0.8546328313,8345.9738266387,-3732.4588079263,2931.8717516429,-8129.2077041444,-0.1485045848,0.9900013335,1.4232469532,14.1491952797,0.3513414816,-3048.5677618798,-0.5240870921,34714.6465736961,-4599.92121745,-5765.7845824079,-0.6630038192,0.5150210722,14672.7548350991,0.6273767291,17253.5169890208,0.8616112547,-0.912597035,5146.7199367885,4608.269030149,7137.150757429,-15.8553899131,0.322339481,0.4006223225,-573.1181831662,-661.415706185,3885.1869542464,-6579.0706342913,2695.1758890187,-1796.0731423394,760.6480311926,6667.0024869167,2686.544975015,-12844.8409956117,4916.165483707,2438.486717224,1466.4345486922,12349.9822249401,1.5341195361,-47.047995717,-1173.1629830101,4256.803226365,7126.1675746807,1.066822405,6351.1830711202,2968.402297746,-4031.4128847834,-11.76211477,-686.357449158,1251.3128267941,-1644.9024353002,-10769.421932923,4583.2570971763,22354.9750995309,-0.9448156669,4421.6845066277,-59.6685430981,1.7801633091,5280.7231775821,-6196.6193642682,3130.5703345951,1626.7828804179,-0.3318115197,0.8721379657,-2912.2486261284,-0.0757135066,-6888.5473339859,-1.0521210599,-0.9127118514,-16140.806162757,-1.1855116813,1627.1200162237,18436.4984411064,6392.4975646793,-1.9174816818,-4586.4959363519,-0.6287517676,-1918.1567390456,0.0945880012,-30243.5691436308,3505.5734199686,-1.609420685,2.3197817833,0.2110128879,0.6464029888,-0.3521322315,-0.5624784135,-0.246803301,-8773.4226586297,-80.3018792396,28455.9960418321,3342.7358413728,-0.1288169038,0.800835291,12418.3010310256,-5318.9283355949,0.801149725,0.7131489146,-18.1751211006,4119.8844641656,-7083.3011765995,-0.4070842194,0.9845955494,-1.7845545311,-4122.717721788,-6310.131933002,-2438.4326300453,7456.4535257032,10249.6367869195,-2054.3248336506,899.4654489723,2194.4499414734,-4062.7314681224,-11893.5242346514,7356.4968175774,-5285.7740959444,-543.1204075423,12295.8665952231,-4696.4760658312,-714.857244726,-6810.3655200428,9428.4278236882,-2917.0600987856,1983.7005524147,5419.1748918025,-993.8596003998,-1836.3819973173,6131.8459637271,415.1895240451,-1630.4283456147,-1244.8056176487,-7841.2247370043,89.4334158126,361.3326106958,-1547.9866305363,0.3971384823,-43786.04976291,0.2907564422,0.1447651529,-21861.1432039998,-0.7232433955,0.5515128439,-0.2882535069,0.7782210149,1506.4969909233,3419.667734684,-3.2456270931,-0.0709587015,0.3961024705,10.3532161165,-4364.0860624794,0.6595126093,12.4305433831,-4665.3369611249,7495.8468648363,1.0711758151,-0.4569912315,-335.7910753206,0.9832180575,1.8744401078,-3468.7934392353,927.4423569329,0.8405649766,-0.8889341016,-46.9240006367,-0.914791261,125.110269787,-0.0118337334,-9716.7675676374,-1005.7965574971,0.2990567429,0.6871114093,-0.6038865758,4.6285220539,20.0719631851,-1022.3331828421,6.9521007947,-0.2879575941,0.2860106504,723.7086443156,21678.7182170168,2570.803720159,4428.25829812,1.2208611836,3056.2672923954,10547.8409420253,-2774.962398146,6090.8597570107,17699.936875893,-16360.8618952174,-1513.5861725258,-1161.2978362898,5621.8275154344,5037.5687441523,0.3845062075,-10905.2931741385,-2.7880226558,5093.9615153083,8802.394996848,4326.0447544342,-8458.117521221,-10643.0287770759,4359.5510147849,-1696.1606836709,7002.4064600212,17376.9713643388,-1.2259994165,-3476.9724966481,9638.4680737674,-5095.8326305202,15442.9606435519,-6363.1915245192,-1401.0098541306,878.0081386524,-26782.7956162089,-2107.7857474542,-47995.4349277007,-0.2155251998,-6263.2902706645,1239.3030598585,-316.1060263146,-1.4216277024,-0.4790577512,0.6722803533,688.8127292662,-4.3733299695,802.4240018366,-0.6871105998,-0.670535739,-2038.9842656084,-16052.1145308792,-1.883213051,0.4145026527,0.0924332367,635.6083511841,-8905.2596132872,263.079421019,-60.3466246791,2.2826822107,2061.2691296723,-13313.0581511572,-0.8190447072,144.028870292,-17.9628516557,0.1843971386,13531.2751319854,0.3882282372,0.8034533935,14316.9298002962,-52479.3536149657,3904.5229704961,-0.7515675693,4021.3170342268,14750.1906031742,1589.0472371771,-3453.7726508779,-0.6102409231,-0.9324494206,0.0125152699,18849.9058739578,-20761.3017902254,0.4760939493,-7828.4630198954,-0.2373115981,-2818.1080132281,-8585.1928580175,-446.2057514407,8535.2900559248,4728.6974842218,0.2099780629,-1769.2034438375,773.1225798755,3126.09173273,373.4880635877,-3951.7870260451,-1243.427798363,4665.0001306297,9973.7670065913,-3378.0979419955,0.6359621194,-2843.325167276,-4381.7492724534,10731.7409603175,4773.2358103203,10661.8040890473,3804.971652386,-1994.3994006309,4918.1214381929,-768.9535668135,-1982.2549185562,-1940.470803815,6913.586940455,1725.1324940522
##end
biasActivation=0,1,1
[BASIC:ACTIVATION]
"org.encog.engine.network.activation.ActivationLinear"
"org.encog.engine.network.activation.ActivationLOG"
"org.encog.engine.network.activation.ActivationLOG"
