encog,BasicNetwork,java,3.3.0,1,1425323583289
[BASIC]
[BASIC:PARAMS]
[BASIC:NETWORK]
beginTraining=0
connectionLimit=0
contextTargetOffset=0,38,0
contextTargetSize=0,14,0
endTraining=2
hasContext=t
inputCount=11
layerCounts=11,15,26
layerFeedCounts=11,14,11
layerContextCount=0,0,14
layerIndex=0,11,26
output=-0.4812529635,0.0000197855,0.265348848,0.3869623583,-0.0001024828,-0.1858883535,0.3032114514,0.1468689573,0.5715575652,0.9454538883,-0.3277133439,-12.1079281577,-11.201430509,-10.8330632816,-11.5188311623,11.7591609785,11.4379413078,-10.5324662409,12.2806393454,-11.3526848928,10.3705622391,11.7906096953,-10.4123712992,11.235949971,-11.1414127791,1,1,0,0,0,0,0,0,0,0,0,1,1,-0.4812529635,0.0000197855,0.265348848,0.3869623583,-0.0001024828,-0.1858883535,0.3032114514,0.1468689573,0.5715575652,0.9454538883,-0.3277133439,-12.1079281577,-11.201430509,-10.8330632816
outputCount=11
weightIndex=0,165,529
weights=0.0071577194,0.01845061,0.0066901358,0.0004977428,0.0058367234,-0.0036446021,0.0035155974,-0.0135066328,-0.001018095,-0.0109790045,-0.0143802641,-0.013699661,0.0170672038,0.0101091285,0.1163134538,0.0000025047,-0.0000049568,-0.0000009691,0.0000006686,0.0000000063,0.0000001914,0.0000019516,0.000000391,0.0000013861,0.000000285,0.0000015756,-0.0000003726,-0.0000001225,0.0000002032,-0.0000007544,0.0084125253,-0.0014422471,-0.0084660241,0.0259164154,0.0039746311,-0.0019287035,-0.005165808,0.0195123358,-0.0033568648,0.012808324,0.0057496246,0.0016335154,-0.0005581833,0.0117220538,0.1543053219,-0.0014619977,0.0258890191,-0.014207901,-0.0179015938,0.0117394354,0.0184072489,-0.017479383,-0.0572932617,0.0018244432,-0.0003021891,0.0054265783,-0.0101084974,-0.003391685,-0.0178566487,0.1638146582,-0.0000018302,0.0000021834,0.0000002447,0.0000012603,0.0000002487,-0.0000013013,-0.0000004164,-0.0000012876,0.0000001178,-0.0000007384,-0.0000017943,0.0000009243,-0.0000021158,-0.0000002095,0.0000015836,0.0265643701,0.0007188641,-0.0099612351,0.0014453518,-0.0046478018,-0.0023665367,-0.0008575015,-0.003592231,-0.0061702718,-0.0093022203,0.0221110893,0.0119759829,0.0058198905,0.0035876379,0.0343419715,-0.0024113644,0.0319379437,0.0027301733,-0.0249699554,0.0229284842,0.0305668241,-0.004505788,0.0049647012,0.0155508056,-0.0214050694,-0.0275588292,-0.0002559053,-0.024116883,-0.0251565211,0.3575426019,0.0228831722,0.0224470029,0.0078443986,0.0130010162,0.0033619386,0.0000536427,0.0124290811,0.0106578152,-0.0538171063,0.011135998,-0.0011238915,0.0021488703,-0.0025551968,0.0092314878,0.310720507,-0.030868611,-0.0305806183,0.0125764871,-0.0032328272,-0.0296174079,-0.0078271692,0.0143694627,0.0228007971,0.0102946318,0.0048378986,-0.0051793494,0.0109076119,0.0140103644,-0.0097625387,0.2385530915,0.0011244678,-0.036074487,0.0025748038,0.0035460247,-0.0191956766,-0.0107181427,0.0006414358,-0.0017641699,-0.0159256734,0.0161922031,-0.0017892331,0.0037434932,0.0292573813,-0.0012285614,0.3693926564,-0.0378339749,0.0012146978,0.0058945017,0.0019653572,0.011333606,-0.0070072006,-0.0128820193,-0.0064266569,0.036016961,-0.0118929822,0.0019728536,-0.0002182307,-0.0345068646,0.0134414051,0.2485806828,-30475.7004578983,-0.1806115683,36100.6027039075,35070.3543727156,0.3365651752,109302.6814008156,-63043.0028454523,57774.6172905392,-25537.5821610121,-75471.395951187,25056.7644165569,-1698.1178601441,53405.4400460202,576.0467947275,-9729.1145633868,22611.2964566355,67279.6977133648,-7563.0152207296,4269.1783121057,-30411.2240876412,47180.7189967377,-7804.985323829,5648.6531600552,-14639.6563484475,4098.116658539,-974.2896692173,-32281.707555872,-0.6870300238,-67372.0131801352,-28188.9182613644,-0.1970937807,-17337.5776740151,39496.2026207604,-53267.2640199855,74743.8938682677,70645.904156898,20248.7745206503,4649.6255019864,-27563.6463673508,39119.4443267626,4506.396365984,-18412.5274887312,-15269.2105211803,-57043.227944018,-5549.8203242244,7716.4301651434,43839.9459790273,3877.0225156153,10795.2910616441,-9929.3170088835,-15312.4437208783,-3464.1774377783,-21468.739483637,-0.6876375495,80168.8707855085,98245.5371540799,0.0077461928,-40884.4715530119,-38809.9462696931,26125.7972815577,-94869.9188136836,-49263.9360616369,55031.7185281765,-5856.6160324408,27222.1500178316,19076.2797492811,18857.3007841254,51178.564306269,19153.4665195378,50668.443007964,-23381.1798705041,-17941.3116215669,-25811.6602957806,-10413.1338118947,-5196.2373175175,20712.4947505661,7236.8835976204,-23650.1384920444,-44826.9301257969,0.5050815223,-39898.20072373,80211.300084559,-0.4663310326,-46175.2066824454,-37484.4122596568,-18955.2360565159,32928.2371866392,60591.8171093997,34520.412313599,1792.6428655211,-25057.3835429391,36260.1785125825,22547.5248035628,30965.4405038217,-26235.5430253278,30865.5759140719,-1819.4247117926,2387.5676353997,4832.2967263831,8857.2749740365,-11818.3609180114,-1962.780605962,-114.6683308781,-2983.102139801,-50990.906299055,0.8626163795,28489.2420914861,106876.9265742271,-0.4719544005,11166.3863306146,-87142.9987527085,-6093.9591886058,16250.4635162452,4181.006490985,48658.7237146427,5635.9943418031,43182.4835424691,-39686.3530385496,-7254.2214348451,-25559.2834698534,85829.5749683286,-36810.8763847477,32790.9197532828,7615.8686608701,32623.2819694806,-12890.2778551882,6349.2472464758,10352.2276495617,-2143.8544617931,-4932.3638591906,-12137.7336903866,0.426400516,51235.7437097234,115027.1385995555,-0.986777814,41382.6641927462,-92935.6050138534,23386.7392342099,-44358.4494880236,-33929.1183035168,10672.2610165095,-11541.6362106992,30195.4705568134,-34585.7084273033,-479.3762320519,-16795.9218755657,91908.0303320705,-26512.6643423017,-13799.5435644988,-18606.7480847925,98691.8650930977,-15141.119757967,6322.1179067857,-817.9917725414,3907.4099584428,7803.9643872074,-95900.0172728635,0.2673683679,-69517.0159591067,20933.754922892,-0.238116573,20137.4204506967,-1770.7650352265,107834.7289393998,1902.3584778564,-21810.1632800411,48429.2634502325,4183.8801190545,7965.1786113975,-13446.9142918694,7113.0951815446,40818.8547522322,318.3094539325,11269.1112220348,-19216.1356958349,-45845.241502388,-32860.9849921807,6583.1890443317,506.1514991482,2351.6839771044,2640.0662421904,5.7943043914,-54757.4831187192,-0.4177651905,7914.2435800868,-58155.8219294652,0.8323675092,129027.3490797267,21054.093836403,48189.6081935092,-74094.3894772825,-87853.4875550222,61211.3476441504,3201.793238864,26167.9986875512,-8296.6838209056,-4717.8858276349,-2948.1178868825,-26498.7772227593,-152.040383736,2820.1795761498,-15903.1658740924,-38296.4898559686,-15282.7020241657,-2392.783368083,-4364.8765121695,-19724.5982372686,10979.6367782957,3530.9241271051,0.1869739212,56457.8453011025,106883.997144967,-0.8028982348,-102864.5632312372,7280.7238980686,-31182.2942267544,79486.2158684021,11683.1652185955,-64869.8184459628,1307.3143100346,-13947.9039976659,35008.3566596564,8267.6301371917,8157.3732775214,20324.9484240207,-28145.5573469437,-1317.1760342814,18469.6644813059,29365.8801908809,3344.7174604619,-5681.9980243257,-273.4107658113,191.4468040919,-877.0286948483,-30469.0104188735,-0.3004317632,-108787.8402858992,-93029.0075118935,-0.7353922739,149629.951704122,-18230.7478617749,31659.5843307816,86798.5061924799,45163.1821381401,36799.6265408977,-6812.9230180997,11538.9663686939,-7045.975285299,-26922.5126339031,-28283.5780270564,-21611.9230555772,-52118.7929091999,4728.2195463205,-21674.1731228083,16723.9103130274,4731.3565660535,18444.94884266,7767.2758311205,6772.7855625278,-4760.7548606136,41241.7652198296,-0.998731099,26042.122669503,90597.5543996916,0.8586895259,-16252.9681302107,-11548.5565969189,-35713.8114510676,-41133.5857698724,20758.0260529443,-38729.0720550274,3143.582844218,17266.2352260347,35907.0187167818,-666.1475065174,-25018.3803976191,16989.3072229939,12194.2792249103,-23652.1441777137,1615.9385463627,34330.1728626092,15706.4025465653,-21633.4744860986,-4843.5580611373,-12907.4391779439,7644.8318193526,4441.5392488266,-0.6493151218,-63499.5489770077,-77715.0257052732,-0.0020841884,74852.8428179096,10673.2033453651,18084.4041072223,114185.1462132193,-18231.8876457238,-43462.2860974037,-4622.1935941907,20033.2456758087,-34126.6593723693,-5391.6195718235,-39048.5068966638,-30896.6267663864,2857.8442729705,-12302.2951975923,-16788.0869361408,37752.0493154661,39.927660639,17353.8737847715,2750.6971298328,4855.2979299981,-3360.0348477654,2418.2447673532,0.9735271126,79352.8665553082,91537.2025697147,0.7686222195,-156128.4922854806,-224.2839788813,-98625.6210852422,-37872.0927612398,98003.9754541954,19875.1543497156,-1024.9607056327,-37271.0489996204,19230.9682864601,-1764.5461425352,1493.4402861551,81197.03967137,10256.68827811,-35427.563761025,7069.8746509075,79526.2254919478,19038.144977343,-389.669516533,2150.6632705594,-154.557833652,2651.8607441062,-101586.8899171342,0.588919314,-11943.2083724376,79844.4690059282,0.5324752119,-16878.0359430153,-48774.3740567442,10142.6678095666,110547.8705978929,47623.6837422945,23169.046899679,1834.9583090227,5485.6441256467,-36078.5707709624,373.0975148405,1308.6856393158,54330.2122185088,10720.8640748598,-1689.9875437128,13049.5336013002,-3910.5038859947,4453.6427934261,-4900.8855648638,6115.1679698278,3261.4731194504,-3998.3370421039
biasActivation=0,1,1
[BASIC:ACTIVATION]
"org.encog.engine.network.activation.ActivationLinear"
"org.encog.engine.network.activation.ActivationLOG"
"org.encog.engine.network.activation.ActivationLOG"
