encog,BasicNetwork,java,3.3.0,1,1425324988416
[BASIC]
[BASIC:PARAMS]
[BASIC:NETWORK]
beginTraining=0
connectionLimit=0
contextTargetOffset=0,135,0
contextTargetSize=0,33,0
endTraining=2
hasContext=t
inputCount=50
layerCounts=50,34,84
layerFeedCounts=50,33,50
layerContextCount=0,0,33
layerIndex=0,50,84
output=-0.1220121105,-0.2725504412,0.1248873507,0.1373609731,-0.0686639754,0.180989658,0.4816094394,-0.0199831575,-0.3897462381,-0.0368879898,-0.0000196593,0.3757342624,0.3053205359,0.482663644,0.4877066163,-0.0000220869,-0.6166768914,-0.2571735958,-0.454455923,0.3528645268,-0.1018191278,0.0889079986,0.1969616573,0.0363548924,0.5470945817,0.0140732389,0.0605632628,0.400126769,0.295538383,0.3218907749,-0.3990109378,0.3732631934,-0.0835534267,-0.1418527238,-0.0000698942,-0.2251855728,0.7136363122,0.243169335,0.0786356252,-0.1820726619,0.3920762288,0.0325340349,-0.2090325469,0.2868214198,0.2685587434,0.2108047979,0.6074942441,0.1868558763,0.2714563751,-0.3491006187,-8.8834878732,9.3624873264,10.1434734357,-10.6090397535,7.2372069929,10.0040793765,8.1628370362,-7.0208105243,9.8920916539,8.6668736082,10.1267210403,10.4263246014,-9.0141216382,9.8753085116,-10.9716177359,9.4172460386,10.295943168,10.1249993261,9.5478850912,9.1192571141,-8.2424509892,-9.9129479106,10.2461974354,-9.8047073356,10.0140231015,-10.149479847,9.6812579412,9.8726713725,8.9886785916,10.7769552769,-9.4011820717,-8.7421184767,9.7576902887,1,0,0,1,0,0,0,0,0,0,0,0,0,0,0,0,0,0,0,0,0,0,0,0,0,1,0,0,1,0,0,0,0,0,1,0,0,0,0,0,0,0,0,0,0,0,0,0,0,0,1,1,-0.1220121105,-0.2725504412,0.1248873507,0.1373609731,-0.0686639754,0.180989658,0.4816094394,-0.0199831575,-0.3897462381,-0.0368879898,-0.0000196593,0.3757342624,0.3053205359,0.482663644,0.4877066163,-0.0000220869,-0.6166768914,-0.2571735958,-0.454455923,0.3528645268,-0.1018191278,0.0889079986,0.1969616573,0.0363548924,0.5470945817,0.0140732389,0.0605632628,0.400126769,0.295538383,0.3218907749,-0.3990109378,0.3732631934,-0.0835534267
outputCount=50
weightIndex=0,1700,4472
weights=##0
##double#4472
   -0.0035348291,-0.0030065308,0.0005563686,0.0055503831,0.003205896,0.0007819277,0.0022316386,0.0030426,0.000453024,-0.0003080816,-0.0025841669,-0.0018226556,0.0015125305,-0.0030388545,-0.0040497146,-0.0034545729,0.0005807379,-0.0025328735,-0.0034277755,0.0026266242,0.0013774165,-0.0033981486,0.0020289959,0.0063459452,-0.000799916,0.0026845797,-0.0017427527,0.0050747835,0.0025227796,-0.00060283,0.0036552128,-0.0034855629,-0.0019106858,0.0311258665,-0.0040257726,-0.0043382811,0.0013093034,0.0082316688,0.0027523237,0.0023757967,0.0014306811,0.0005502412,-0.0029709101,0.0061456677,-0.0079714188,-0.0011684865,0.0043638286,-0.0059129008,0.0041487876,-0.0008798117,0.0009908569,-0.004922662,0.0029052524,-0.0014828639,0.0018044595,0.0157430261,0.004917809,-0.0025886793,0.0042311474,0.004370717,-0.0039251125,-0.0125128225,-0.0026071072,0.0087538832,-0.0059513042,-0.0010482574,0.0065715708,0.0593840993,-0.0000064585,-0.0116457532,-0.0096494168,0.0048569569,0.0131939119,0.0004765979,0.0044467595,0.0003970161,-0.0045951852,-0.0013025171,-0.0044477372,-0.0038894306,0.0015543962,0.0026131757,0.0028043664,-0.0068125177,-0.0014761279,0.0003394779,0.0048416103,0.0023558558,0.0013343245,0.0065308689,0.0004681076,0.0002015211,0.0056844565,-0.0005967582,-0.0001334904,0.0070080058,0.0127163105,-0.0033714369,0.0070397512,-0.013741923,0.0042173415,0.1879904706,-0.0017388939,0.0088315074,0.0039035282,-0.0017297443,-0.0076842039,-0.0102701177,0.0031027214,-0.0040655328,-0.0011177688,-0.0046131655,-0.0034918337,-0.0015446221,-0.0032542435,0.0036020463,-0.0059694824,-0.0024801991,-0.0016674962,-0.0062173111,0.0009449186,-0.0004483992,0.0035254725,-0.0038121517,0.0014230859,-0.0022083678,-0.0003931251,0.0008938225,-0.0033646494,-0.0008044117,0.0032147823,0.0001765009,-0.0056833735,0.0006393343,0.0055097218,0.0325711034,-0.0006325768,-0.0096845971,0.0026999286,0.0027114411,-0.0059021649,0.0031606137,-0.0027431583,-0.0039849202,0.000722169,0.0083376995,-0.0074024003,0.0005118647,0.0006832673,0.0048587199,0.0025002363,-0.0000165231,-0.0012178765,-0.000237583,-0.0030606195,-0.0076231728,0.0008813289,-0.002059914,-0.0006144206,0.0058655984,-0.0031153321,0.0002663599,-0.0094268063,0.0049207064,0.0003028524,0.0142820207,-0.0028511622,-0.0008714073,-0.0030271619,0.0786583367,-0.0014214018,0.0001386873,-0.0050993826,-0.0003452234,-0.0037686522,0.0089321631,0.0095408097,0.0013457403,0.000582533,-0.0035731107,0.0077868193,0.0017757692,-0.0113463831,0.0103492447,0.0020810005,0.002599641,0.0057880867,0.0013145917,-0.0100301127,0.0009161078,-0.0020059265,0.0038232875,0.0017283495,0.0095478855,0.0063021715,0.0013011341,-0.0041679094,-0.0055970117,-0.0005540045,-0.0050394927,-0.0090200488,0.0069419441,-0.0080890434,0.0779101973,0.0042867315,0.0027669746,0.0002819324,-0.0036114876,0.0044275834,0.0041129487,0.0001393493,-0.0035626105,-0.0093590354,-0.0010301741,-0.0034332189,-0.0007905056,0.0070530374,0.0094827197,-0.0035385341,0.0015182815,0.0011997815,-0.0024992289,0.0027251897,-0.0007353023,0.0037113116,0.0016599289,-0.00503772,-0.0005353595,-0.0005592943,-0.0119739993,0.0065685945,-0.0010711621,0.0087745961,0.0016640934,0.0006175636,-0.0032232319,0.0108724742,0.1074366062,0.0043033854,-0.0089251021,0.005565452,0.0112745049,-0.0019511803,-0.0004506044,-0.005195889,0.0010532102,0.0066986245,-0.002257589,-0.0093371954,0.0067374764,0.0015887681,0.0095057919,0.0020649698,0.0013873249,0.00151239,0.0069863298,0.0019030472,-0.0104120961,-0.0016311489,-0.0065034931,-0.0001744172,-0.0007755745,-0.0022718107,0.0009918159,0.0006649118,-0.0012624662,0.0018516142,0.0045071269,0.0018820221,0.0017416456,-0.005089967,0.104006663,0.0073022228,-0.003278846,-0.0055541055,0.0045601684,0.0014638747,0.0016350577,-0.0033360646,0.000174897,0.0030422257,-0.0005881734,-0.0033850139,0.0013413857,0.002418044,0.0037128402,-0.0018252941,-0.0027866574,0.0018803241,-0.002080529,-0.0000632411,-0.001768011,-0.0008113535,-0.0052518935,-0.0101702284,-0.0034839913,-0.0034052234,0.0062508595,-0.0044654974,-0.005272817,0.0039786818,-0.0010701909,0.0043314569,0.0081448496,0.0009196763,0.0999720402,-0.0019775303,0.0019092995,-0.005812862,-0.0091309282,-0.0035491504,-0.0051061274,0.0072907504,0.002887141,0.0058989498,0.0007295112,0.0050247585,-0.0057573202,-0.0102748065,0.0118702717,-0.0003510923,-0.0090341536,-0.0010858113,-0.0088993951,0.0034543632,-0.0066461299,0.0060023631,-0.003201468,0.0029898839,-0.0008415334,-0.0019207521,0.0031566163,-0.0049860668,-0.0040779435,-0.0100364286,-0.0030484471,-0.0049958177,-0.0004162752,-0.003497311,0.0972928845,0.0000001134,0.0000019832,-0.0000003997,0.0000036793,0.0000020761,-0.0000014572,-0.0000013436,0.00000112,-0.000002067,0.0000012461,0.0000052833,-0.0000018465,0.0000019892,0.0000031823,0.0000004398,0.0000042125,-0.0000018988,-0.0000025519,-0.0000008261,-0.0000024665,0.000001363,0.0000022048,-0.0000010167,-0.0000016327,0.0000001054,-0.0000014014,0.0000018867,-0.0000007751,0.0000001111,-0.0000030341,0.0000052723,0.0000010213,-0.000001175,0.0001303434,0.0008585434,0.000943999,0.0053179697,-0.0054511691,0.0071751479,0.0078648247,0.0019215421,-0.0036086133,0.0010376239,0.0038003205,-0.0003784996,-0.0070497791,0.0049364606,-0.0019198043,-0.0025718847,0.0000352577,0.0032183185,0.0036690866,0.0038026084,-0.0051246432,0.0023548577,0.0029871441,-0.0052766094,-0.0051791235,0.0004232566,-0.0013452894,0.0064301147,-0.003367613,0.0072540833,-0.006410328,-0.0048500705,-0.0067193115,0.0024655228,-0.0188038062,0.0067934954,-0.0030524371,-0.0001896441,-0.0112802179,0.0144116436,0.0052393556,-0.0085794356,0.004447966,0.000128183,0.0083648958,0.001608946,-0.0040504884,0.0067498897,0.000726348,-0.0025080932,0.0039478585,0.0015287585,0.0015354611,-0.0003387307,0.0064908233,0.0008342436,-0.0015035856,-0.0011437895,-0.0015533281,-0.0064672921,0.0037900372,0.0020200166,-0.0060613184,0.0077722496,-0.0038128531,-0.0047861999,0.0095025144,0.0078889753,0.1392538571,-0.0086474961,0.0073952141,0.0077645558,0.0022959013,0.0014634459,-0.0089566196,0.0074132931,-0.000345978,0.0075431583,0.0051315089,-0.0035289584,0.0051424213,-0.0045552976,0.0021023167,-0.0029366327,0.0008454221,-0.0054985498,-0.0072058106,0.0093573168,-0.0008971783,-0.0000053015,-0.0028875515,0.0020478851,-0.0062819153,-0.0000996918,0.0008930176,-0.0016245046,0.0011798177,-0.0033711743,-0.0027390818,-0.0033727128,0.0095257562,0.005184289,0.071408196,0.0051365364,0.0013147384,-0.002681621,-0.0005698582,0.0027501035,0.0111553904,-0.0000576316,0.0008632663,0.0053090858,0.0025527908,0.0247957658,0.0040357913,-0.0002622735,-0.0029770249,-0.0008323024,-0.0073438606,-0.0002410284,0.0030192878,-0.0028903244,0.0117176113,0.0087208865,-0.0013939103,-0.0041860896,-0.0068584487,0.0074858221,0.0083033158,-0.0093619053,-0.0095375538,-0.0010444436,0.0014589396,0.000147308,-0.0020672551,-0.000004655,0.2339456834,-0.0000010489,-0.0000021821,-0.000000954,-0.0000019807,-0.0000033339,0.0000000417,0.0000013322,0.0000000947,0.0000017614,-0.0000000359,-0.000004077,0.0000006038,-0.0000013473,-0.0000010225,-0.000001215,-0.0000008242,0.0000013175,0.0000008771,0.0000015937,0.0000019102,-0.0000018086,-0.0000008316,-0.0000001977,-0.0000014191,0.0000001601,0.0000013123,-0.0000006502,0.0000016248,-0.000002604,0.0000013276,-0.0000017242,0.0000003305,0.0000000035,-0.0000909558,-0.0023413666,-0.0087892668,0.0032338471,-0.0046595633,-0.0006688268,-0.0098268252,-0.008030819,0.0073341117,-0.004234183,-0.0077294061,-0.0048008842,0.0034369868,0.0024976389,-0.0083992174,0.0092003587,-0.0019300968,-0.0111775818,0.0000061328,-0.0108736755,-0.0031540903,0.0014506254,-0.0051869144,0.0062333774,-0.0028222791,-0.0035713992,-0.0065186854,0.0102304986,-0.0108521397,-0.0050754802,-0.0111353424,-0.0073688613,-0.0025708948,-0.0012813149,0.1096873537,0.0001855339,-0.0018379598,-0.0028594681,0.00192054,-0.0013794249,0.0055311848,-0.0000419736,-0.0030143824,0.0015187741,0.00060214,-0.0004650482,-0.0040349281,0.0013360723,-0.0014490859,0.001122392,-0.0024580583,0.0000704071,0.0002300404,-0.0056255501,-0.010446902,0.0014976901,0.0072946189,0.0056593534,0.0070836103,0.0046507044,-0.0031156399,-0.0100839416,0.0006927118,0.0035230604,0.0015397336,-0.002993303,0.0049086339,0.0005008811,0.0495053069,0.0077468536,-0.0040235702,-0.0071936643,0.0036124972,-0.0017591736,0.0026942942,-0.0023677351,0.0001773235,0.002348772,-0.0007269651,-0.0029544999,-0.0005980217,0.0021674639,0.0024848442,-0.0011098564,-0.0017315848,0.000560179,-0.0028685668,0.0008068051,-0.0012284826,0.0007614825,-0.0049218213,-0.009992501,-0.0030370883,-0.0029890194,0.0064786872,-0.0029815711,-0.0058414261,0.0033743822,-0.0013563412,0.0047564446,0.0075308506,0.0024391408,0.0981584309,-0.0045308296,0.0000812006,0.0023164777,-0.0042270506,0.0042303856,0.0010703316,0.0014034058,-0.0011829015,0.0087846689,0.0025950316,-0.0028079311,0.0029587322,0.0020477207,-0.0024213249,-0.0019476603,0.0046302105,-0.0082917668,-0.0013408827,-0.0006495664,0.0078313787,-0.0027828368,-0.001269384,-0.0010653883,0.0007185181,-0.003618815,-0.0061083709,-0.0013943026,0.0038590527,-0.0062530484,-0.0054565665,-0.0045418595,0.0031412737,0.005975441,0.0553052082,-0.0002512351,0.0070170609,0.0081219261,0.0068645784,0.0029010568,0.0086694067,0.001702808,0.0042041614,-0.008928291,0.0015346603,-0.0068856337,0.0037666194,-0.0081789865,0.0039736331,0.0041915424,0.0036325916,-0.0018950083,0.0025077242,0.0028664006,0.0023404338,0.003670949,0.0037027068,0.0014649874,0.0020551685,-0.0021862181,0.0002601475,0.0010218893,-0.0104671483,-0.0032128516,0.0000051992,-0.0003550312,0.0095838752,-0.0068458659,0.044431988,-0.0008781674,0.0061770381,-0.0032084841,-0.0026602231,-0.0029804129,0.0027134067,-0.0014587374,-0.0022370958,-0.0017807069,0.0026258443,0.0007379972,-0.0012581603,0.0085954279,-0.0013635045,0.0031358055,-0.002866992,-0.0010894418,-0.0000337535,0.0065411119,0.002315257,-0.0024626256,-0.0008917344,0.0035337559,0.0023983348,0.0000753389,0.0034782145,0.0014466408,0.0058505656,-0.001569359,0.0017937325,-0.0002494219,-0.0004324296,-0.0054240558,0.061593052,0.0005705335,0.0062945848,-0.0052251385,-0.0016786605,0.0084412788,0.0006529076,0.0046438623,-0.0032409577,0.0069806548,-0.0037823249,0.0013814154,0.0015930034,0.0001567476,0.0006855616,-0.000020019,0.0022655083,0.0046397948,0.0001631405,-0.0020181725,-0.0033048649,0.0033033087,-0.0049475715,-0.0006101882,0.0070118839,-0.0003199765,0.0017039887,0.0026229745,-0.0022496147,-0.0083496164,0.0007593971,-0.0009813825,-0.0016000969,-0.0006739529,0.0769354012,0.0024035215,0.0099203903,-0.0038879306,-0.0058250119,-0.0059789097,0.0140898826,-0.0053350837,-0.0022626541,-0.0033121205,0.0050857144,-0.0029025397,-0.0002079151,0.0019646744,-0.001633048,-0.0000152604,0.0012611874,-0.0048862779,0.0055593462,0.0018505165,0.0118033765,0.0015317325,0.0066057363,-0.00946411,-0.0007019037,-0.0047444831,0.0142495762,0.0037725094,0.0009302787,0.0055630249,-0.0029127583,-0.0008454168,0.0003477134,-0.0050435868,0.1235171339,0.0108320121,0.0031122866,-0.014119864,0.0046852332,0.0079217616,-0.0059458354,-0.003202587,-0.0062288016,-0.007113416,-0.0022390954,0.0038137512,-0.0028743816,0.0073032635,0.0047629481,0.0059748879,-0.0006523715,0.0085532382,0.0079973944,0.0241512617,0.0010474099,-0.0089995604,0.0001266875,-0.0003290696,-0.0018964479,-0.0021458872,0.0004116035,0.0017675116,0.0071570649,0.010676354,-0.000518848,0.0004059159,-0.0000375987,-0.0025086066,0.341448928,0.0023566497,0.0013261435,-0.0089965756,-0.0026142715,-0.0041914218,-0.0035837778,-0.0025716565,0.0052520227,-0.0036821671,0.0037726496,0.0047476692,0.0059474131,0.0001724639,-0.0004987562,0.0010748139,-0.001813206,0.0031727182,-0.0047588297,-0.0030944013,-0.0040515118,-0.0021167507,0.0031317022,0.0064794171,-0.0076177065,-0.0052670374,-0.0077880445,0.0071432208,-0.0030390092,-0.0015720563,-0.0043898207,0.0028376415,-0.0075145424,-0.0003090028,0.0536668274,-0.0017121047,0.002144925,-0.0048871788,0.0008330553,-0.0034949647,-0.0021640848,-0.0044171973,0.0047849466,-0.0039496884,0.0011218256,0.0001332481,0.006874963,-0.0025466561,-0.0037346427,0.0011343182,-0.0001830179,0.0035224157,-0.0004475386,-0.0018818216,-0.0009598644,-0.0017338401,-0.0037110685,0.003607017,-0.0033427683,-0.0027846388,-0.0043576312,0.0028577435,-0.0020187347,0.0019509389,-0.0031891861,-0.0030943939,-0.0057636007,0.0020169671,-0.0475404348,0.0070651444,0.0092011441,0.0012950054,-0.0033349477,-0.0040599409,-0.0023501708,0.001443236,-0.0024051233,-0.0027900636,-0.0039785273,0.0003446784,-0.001872668,0.0099317815,-0.0053535425,0.0028732954,0.0005949408,-0.0001888631,-0.0049846371,0.0096989583,0.0122794178,-0.001778713,0.0054886752,0.002673627,-0.0039267959,0.0000908431,-0.0036674729,-0.0052333011,0.0044849943,-0.0043891848,0.0102917733,-0.0014158625,-0.0143079053,-0.0040888237,0.2188670343,-0.0063276379,0.0034220039,-0.0029509278,0.0031976662,-0.0019611289,-0.0012615797,0.00657635,0.0019387829,-0.0005802804,-0.0018308859,-0.0038098876,-0.0064660001,-0.0022571684,-0.0026210551,-0.0053768653,0.0082418949,0.0100490796,0.0041930506,-0.0037274559,-0.0001374634,-0.0036657333,-0.0067917979,-0.0025029542,0.0024922499,0.0081628011,-0.001251045,0.004448334,0.0026390963,-0.008968649,0.0020376376,0.0006613693,0.000084112,-0.002433725,0.0236850641,-0.005642689,-0.0011829758,-0.005529462,0.0012504891,-0.004437372,-0.0014301186,0.007638988,-0.001695226,0.0037223619,0.0122446291,-0.0018905827,-0.0082737793,-0.0015562649,0.0003669661,-0.0095023976,0.0030492332,-0.0042996966,0.0025745687,-0.0095899841,0.0040637298,-0.006855521,0.0045291721,0.0036924097,0.0014146762,-0.0012311504,-0.0115406819,0.0005257236,0.0000218131,-0.015276548,-0.001400094,-0.0084786762,0.0036905735,0.0051218444,0.1182084858,-0.006797128,-0.0108911685,0.0084384976,0.003074317,0.0069855053,0.0084216594,-0.0046624774,0.008866342,0.0003620447,-0.0176535402,-0.0132897724,-0.0047676072,-0.0077892861,-0.0055127113,-0.0022076549,0.0025773341,0.0006164615,-0.0057723104,0.0010960016,-0.0010319501,0.0129813723,-0.0047679522,0.0004891958,0.0018718945,-0.0088967941,-0.0004598541,-0.0020508407,0.0034927286,-0.0129186395,0.0050801039,0.0036838818,-0.0130768242,-0.0096021079,0.0938375586,0.0072863366,0.0100450019,0.0096371697,0.0024821753,-0.0045311744,-0.0123327244,-0.0009705492,0.0024155084,-0.0141107702,-0.0078105685,0.000558342,0.0015153073,-0.0008144288,0.0058061756,-0.0014890247,0.0033847039,0.0055909192,0.0095040466,-0.0014195117,0.0103157162,-0.0079387696,0.004729488,-0.0089033903,0.0126354818,-0.0038140889,-0.0042756636,0.0078273771,0.0045006652,0.0026211771,0.0023749629,0.0023928271,0.0094738543,0.0074860162,0.3464621774,-0.0011578391,-0.0088875502,0.0071623442,-0.0087903288,-0.0007494181,0.001683706,-0.0044949813,-0.0039365308,-0.0088407981,-0.0019350162,0.0109958785,-0.0010955752,-0.0064122068,0.0000449872,-0.0007630902,-0.0017667433,-0.0057312898,-0.0022204621,-0.0053350676,-0.004538791,0.0011434199,-0.0037299137,-0.0041779957,-0.0043194684,-0.002882046,0.0010460736,-0.0090468642,0.0044027454,-0.0062081117,0.002050658,0.0076597946,-0.0035128151,-0.00383924,0.1182030561,0.0093945304,0.0046492978,0.0016596405,0.0085403473,0.0046398508,-0.0070858683,-0.0005410438,0.0043107854,-0.0043241677,-0.0036115746,-0.0071439855,-0.0065103579,-0.0091753915,0.0019752548,-0.0024099733,0.0010392836,-0.0041684606,0.0083692972,-0.0027377224,0.0013647224,-0.0034035597,0.0004508342,-0.0002928452,-0.0038547367,0.0052016276,-0.000813851,-0.0030133053,0.002839613,-0.0095654299,0.0012796703,-0.0007426641,-0.0046310816,-0.0104002168,0.1001797575,0.0000012719,-0.0000020993,-0.0000001245,-0.0000026851,-0.0000032475,0.0000011653,0.0000016903,-0.0000007008,0.0000011411,-0.0000006128,-0.0000040266,0.0000014421,-0.0000034097,-0.0000022354,-0.0000003236,-0.0000019781,0.0000014504,0.0000019332,0.0000014474,0.000001669,-0.0000019744,-0.0000024141,-0.0000000161,0.0000018595,0.0000008967,0.0000031787,-0.0000021868,0.000002082,-0.0000014457,0.0000006904,-0.0000029802,0.0000002509,-0.000000332,-0.000125341,-0.0019021705,-0.0030417326,-0.0017343601,-0.0023721072,-0.0035401945,-0.0024229999,0.0047726708,0.003319011,-0.0028464604,-0.001379572,-0.0107098985,0.0048836543,0.0022024415,-0.0030773119,0.0058355544,-0.0031263578,-0.0081890856,-0.0057300671,0.0055393709,-0.0003487155,-0.0032211961,0.0002552623,0.0005555798,0.0018593421,0.008268656,0.0020066223,0.0118951588,-0.0073877443,0.0051419312,0.0006832281,0.0051168036,0.005787513,0.0064191714,0.0133477191,-0.0000163353,0.0013108908,0.0144846914,0.0017825285,-0.0118088173,-0.0049354227,-0.0017349619,-0.0027981377,0.0058301347,-0.0019565335,-0.0006248724,0.0055404273,0.0028582123,0.0061402386,-0.0040092369,0.0036625161,-0.0001135481,-0.0058503558,-0.0001327243,0.0037212837,0.0047122633,-0.0027659686,0.0071068098,-0.0080016404,0.0011937685,0.0017703467,-0.0011117339,-0.0012093477,0.0055709194,0.0072077326,-0.0030390121,-0.0061298416,0.0066688688,0.1386720455,-0.0056168682,-0.0154807748,-0.0012078724,-0.0044480819,-0.0052251629,-0.0196953998,0.003962782,0.0040163624,0.0060968199,0.0097855162,0.0066101599,0.0043593656,-0.0037572442,-0.0055253948,-0.000193864,0.0011323405,0.0019219466,0.0023186206,0.0076326205,0.0041903974,-0.0060753183,0.0055773531,-0.0036279841,0.0126741856,0.0006503868,-0.0013574515,0.0115220151,-0.0001733533,-0.0044404074,-0.0027670074,-0.0064076011,0.0059286475,0.0014874052,0.2133500795,0.0040285911,0.0083917028,-0.0053368297,-0.0057707225,0.0005583831,0.0079060277,-0.00011356,-0.0046610178,0.0110228922,-0.0060354874,-0.0016453599,-0.0031062415,-0.0042973379,-0.0091183702,-0.0029473231,0.0027003754,0.0012831859,-0.000887927,-0.0001950284,-0.0128745968,0.0038098477,0.0060638238,0.0048228943,-0.0008940062,0.0033125766,-0.0011972641,0.0072329852,-0.0014666452,0.0056239064,-0.0054805443,0.0039216601,-0.0029942435,-0.0064704823,0.0295501509,-0.0016030788,-0.0040256307,0.0006101793,-0.0036374583,-0.0004334244,0.0028948409,-0.0011752715,0.0013474137,-0.0033842065,0.0011151655,-0.0019178022,-0.0008033605,-0.0032452399,0.0016422982,0.0021405252,-0.0000259402,0.0007001913,-0.0040885477,0.0040488652,-0.0023870133,0.0035842637,-0.0015126533,-0.005003381,0.0035263227,-0.0019939786,-0.0018284896,-0.0057463612,0.0028384392,-0.0040416086,0.0010245079,0.0010422909,-0.0006372121,-0.0041307961,0.0362212154,-0.0007714561,0.0018506825,0.0000118145,-0.005155404,0.0061528514,0.001594873,0.0013627686,-0.001376989,0.0022318107,0.0044320107,0.0173031176,0.0027970177,0.0001011057,0.0043068377,-0.0023235017,-0.0079884987,0.0009179739,0.0039046794,-0.0062017171,-0.0011557126,-0.0017565677,-0.0025270965,-0.0005085079,0.0019900753,0.0054150562,0.001661477,-0.0061156569,-0.0040869972,-0.0049090917,0.0000074575,0.0011802379,-0.0014945083,-0.0018129196,0.1029665892,-0.0075195087,0.0011271402,0.0045549443,0.0041809421,0.0042857707,0.0046348164,-0.0010813283,-0.0005115428,0.0055145698,-0.0010867594,-0.0012211881,-0.0071926811,0.0046039565,-0.0057387136,-0.0029164859,-0.0044965746,0.0004089267,0.000742203,-0.0012358522,0.001463465,0.0028273139,0.0025025642,-0.0031313692,0.0040441871,0.0008856007,0.0048070713,0.0041724259,0.0035328919,0.0080528895,-0.0047220096,0.0040576193,-0.0064399778,-0.0026100517,0.0889771324,-0.002818528,0.000479675,-0.0023870497,0.004074218,-0.002185331,0.0008766249,-0.0004643173,-0.0050778152,-0.0014748929,0.0037070144,-0.0032478078,-0.0051851543,0.0010794925,-0.0033364531,-0.0019645666,-0.0030305087,-0.0008508811,0.002899464,-0.0026721758,-0.0045753135,0.001541404,0.0038037714,0.0018215797,0.0039905492,-0.0020532048,-0.0023398676,-0.0045170775,-0.0038933716,0.0020398248,0.0062968584,-0.00549862,0.0020141867,0.002007078,-0.0202332156,-0.0001439553,0.0056646564,0.0010822005,-0.002669945,0.0010541054,0.0095474104,0.0004022844,-0.0155777511,0.0007911123,-0.0106838179,0.0147199461,-0.0013599338,-0.0077182936,-0.0183217266,-0.0010288255,0.0028076493,-0.0023280577,0.0060051531,-0.0054242478,-0.0094647282,0.0071117303,-0.0010476773,0.0009207859,-0.0043771905,0.0057328629,0.0045987874,-0.0018949945,0.0034729197,0.0081416296,-0.0043643549,0.0055239647,-0.0016313446,-0.0047875934,0.1296382533,-0.0117702949,-0.0001126039,-0.0028125812,-0.0003777604,-0.0018386648,-0.0012166595,-0.0029579701,0.0066887843,-0.0073264222,0.0032996475,0.0038178216,0.0034306305,0.0010506502,0.0045522805,0.0053899517,0.0132313696,0.0052632589,0.0004433556,-0.0113412574,0.0094999916,-0.0059688101,-0.0008967953,0.0000306991,-0.0001804899,-0.0024166674,-0.0083457559,0.0016231547,-0.0099202335,-0.0012466065,-0.0095865763,-0.0049745706,0.0019822392,-0.001571636,0.179590816,-0.0022270326,0.0080489095,0.0087132647,0.0117727648,0.0034271325,-0.0095235867,0.0056412104,0.0081893041,-0.0044068557,0.0011038103,-0.0031242611,-0.0084592079,-0.0062842689,0.0018578121,-0.0080842149,0.001552716,0.0038471231,-0.0024265854,0.002670509,0.0008309501,-0.0044094532,-0.0038949661,0.0079959043,0.0026436766,-0.0000277036,0.0146943052,-0.0014887844,0.0055332037,0.0009360015,-0.0004057392,-0.0001647461,0.0087039668,0.0055017351,0.1565894901,-0.0009607985,-0.006341551,0.0064343031,-0.0024798303,-0.0013575236,-0.0022135056,-0.0052911815,-0.0029567481,0.0002435174,0.0079720718,0.0075885101,0.0105160461,0.003639982,0.0030709619,-0.0020620829,0.0019727317,0.0004006343,0.0071364369,-0.0083260958,-0.0040625588,-0.0035892451,-0.0046399179,0.0022186723,-0.0063873973,0.0044519056,0.0017736999,-0.0036773705,0.0045138601,0.004312826,0.0093605336,0.0088384457,-0.0021949536,-0.0014209988,0.1062546304,0.0028350794,-0.0088135502,0.0072633786,-0.0004304366,-0.008166697,-0.0069458519,-0.0010542459,0.0001676567,0.006692942,0.0022994394,-0.0023750809,0.0099156274,0.0068263351,-0.0001555992,0.0016751288,0.0006580726,-0.0026295435,0.006097362,-0.0039140924,-0.0011108621,-0.0027206952,-0.0068694197,0.0045848471,0.0006308884,0.0032373266,0.0027317691,0.006115083,0.002835012,0.0027875484,0.0015981375,0.0039146162,-0.0006659325,-0.001793218,0.0603145435,-0.0008245147,0.0058173411,-0.0132550098,0.0103050654,-0.0083974364,-0.0028631933,-0.000308429,-0.0029449931,0.0019550122,0.0017405668,0.0044752533,0.0137076724,0.0075901891,-0.0073294748,0.0047361208,-0.0031075106,-0.0000035797,0.0008767178,0.0157492997,0.001227282,-0.0039593962,-0.0050057393,-0.0012654384,0.0002495032,-0.0054303414,-0.0020319284,0.0030034059,0.0116906552,-0.0002524609,-0.0090932226,-0.00248116,-0.0015232523,0.0015299076,0.2247756799,0.0128241146,-0.0034056825,-0.0037465617,-0.0063585265,-0.0028886151,-0.0014981666,0.0006114011,-0.0093228791,-0.0014225867,-0.0084509618,0.0016916694,-0.0026778767,-0.0119634005,-0.0043694542,0.004185499,-0.0059442104,-0.0047918757,-0.008385758,-0.009248544,-0.001264908,-0.0052328782,0.0059900824,0.0110988008,-0.0074266432,0.0016619825,-0.0019510167,-0.0022430571,0.0041183286,-0.0032315336,-0.0007919957,0.0053217443,-0.0015222695,-0.008385747,0.0325520525,-0.7255126908,-38.4681276221,9251.9611564841,7389.6252550562,-7863.019495825,195.8069538883,-1180.995781723,-6842.4364361227,1436.6829245024,6577.6266384996,-0.6516095119,-817.8974482259,0.1984553757,3683.4639879805,2049.8553458512,0.1104972634,2267.4623074162,43.1385202643,1436.7096454383,1584.1065256203,-486.8128383005,-29210.5382273668,1.3469138077,-31.1455050359,-10128.9480215892,-0.496004991,7354.9800168471,-1901.3635413801,-4.5989138927,-13154.9881936609,3783.5724788572,1.0771149054,-0.3182451567,141.1271768161,0.8747042524,1961.2833153416,1539.357749736,-0.9509026788,0.8668676856,12825.2134890901,-959.2124871708,-7862.0496224943,-2942.9387978471,0.0102955049,-0.5553996905,-36.2426983991,-38937.496740504,-25819.4064210748,-537.5014995093,-0.2268356015,-0.385755677,835.609567537,0.9706250821,-103.7395920773,-4677.6503319047,-3093.6760681747,-8517.4486359822,-4264.8064430251,-6021.9251589524,-1064.2332696002,-4058.8179357062,-11690.1278643266,-2839.0644188905,-4021.669479318,2929.6766069812,-5399.3493950856,-8363.8071167632,8542.2871068017,7375.2574633914,-1260.6770894536,4986.5159174285,11216.0252246423,1000.715838701,6695.7704823199,3821.7633317839,1321.5525196168,2691.7925328805,9925.934210894,5803.3238209482,-2702.6045153731,-10146.4110613631,-1.0250928265,-3268.1058049071,2057.5312583419,-937.401805195,-1225.2764852175,5351.4745597885,5.2660272533,-0.3391866366,26.0349364024,5460.9400116898,35.0203130931,-3151.2661988465,-0.4870207104,-0.1727909125,0.3084431771,2616.6353558082,2678.3204172869,-34619.1089855925,-0.891550701,1187.4480067599,34078.4826475904,-3151.0371278448,29734.1906669972,-819.5534761968,5910.3724596385,0.7780289604,137.9980132064,-1395.1129660722,-4504.760747194,24.8360263606,-792.7719688955,-13050.8792817763,-0.7578968443,0.6828914749,69.3108741762,-0.7837783683,15710.6426579556,-0.9574088124,-3266.4692959689,-563.8456121047,5125.1446877121,-0.4081088215,-0.2070236749,105.7348107551,19.8400646718,1057.2323777771,-3348.0243863051,-1.5060820667,784.5740223715,1581.4009498597,-23106.2032719247,-0.2717820288,-2874.522229443,0.0263210499,-14470.7408451731,-77.5288873507,2.9580707636,-2493.7597816266,2177.1453999362,4694.8363400933,0.5178217638,-1030.5794210496,3411.1237715052,329.4174117784,-6499.2516575823,10538.8061638754,2363.9944805435,-1198.3971701091,1104.2075275442,314.723472982,5981.527765827,749.5789383684,7812.4110753985,-755.9543569844,-5600.9170013339,-3855.4080448411,2185.7952567714,-7374.52544161,53.6320276729,4845.7706984892,-8303.9502385502,-12732.998397315,-7470.7683347068,1072.0600417633,620.0140136898,4062.1161598151,610.5801757824,57.5995617449,13469.3259359726,28639.0985473914,293.9079737865,8441.9114917749,-451.0356712578,-14768.5024230818,1.6870166077,-1841.6859590128,-3266.1140174078,-0.1459660377,0.0797818367,-1655.855964081,-0.7562200825,-2232.9760315152,0.2616009399,0.631367342,38.4289421963,-1842.2685702448,-11.6462395946,29320.1356868972,-0.333855032,-21705.2064488185,413.1133114809,-0.8711857103,2054.996100011,-0.957741354,-3.3358989674,0.0049029766,3.223680272,-19762.818398151,2.5087309338,-1325.1534128107,2238.4401426375,-0.2273419144,-3130.9134460145,-761.133569668,5681.5662302537,0.7120948005,-1377.5213927081,-8097.9049131555,-1.0845300717,37807.2950261957,1.8810653075,-0.8355712717,3047.5250375974,16.9960376562,-1001.8212857117,685.7850370956,-34.7786373913,0.6070402862,12551.8226286048,-673.53278519,-7136.378045719,-6552.4436653294,2377.0678702978,28.3063463601,-7237.1597104521,-11059.9814892805,7307.2310035268,-4232.734061881,-1605.6166697214,-9471.6789787875,7158.2765590225,-440.8526517981,5748.8507893831,0.9981784306,-758.3987601852,-4043.2552965685,-956.860625457,387.1233159263,-525.3154462153,-6425.3822409891,-4349.6410733621,401.6744745775,-251.3336273231,-5637.9210844172,1931.4186426829,7245.6959741012,-16.9610634218,2065.1034313013,45.2019687601,-2167.930982965,-148.02692153,-3124.0393373253,-26752.9309453032,-939.7928256308,1245.50007995,704.9714370917,0.2843768024,-2774.6629144488,6500.194519609,-232.7062203343,56.3572085811,-0.2976538988,0.4910544653,-24.736889406,4448.4675107816,0.3519333455,-0.6929799473,-0.1427121355,11493.1663222208,-233.5320574284,-0.2813049696,-3.371951628,2555.2771932801,50976.5809025791,0.5252607568,1172.3346931208,-7736.0997614925,3926.7339931053,807.1998200239,-0.4366313695,-43199.527644409,0.6426609537,1087.3466276018,-4005.3636786388,12.0928240429,0.731437909,-13762.0404877718,5244.4002647317,-1.2088601914,5423.9376420231,-0.680058583,4.4124129847,-0.5985086158,3245.3055496034,3399.1733162373,-807.3036172888,-2127.3706036347,244.2873389597,13751.7223989541,0.038172573,-36767.0788355732,-0.1608703273,11412.7591664706,2021.4450038941,-1579.5034090718,-2723.3111596076,5733.5331190331,1801.277188203,-839.9409240128,3373.7411142226,-760.599250387,-2277.2595647628,8833.2357432738,-3993.1690938532,-4041.3959959596,-13469.8415874842,106.7771810737,6091.2363557032,-19.9891655475,-5982.3690829856,-1340.8836349625,-1658.8910444762,-3885.6016825341,1488.3747677399,4554.7973839631,2776.6160848943,2422.1950129361,43.808921602,-7867.0434753943,-13354.4706236799,11371.5988666853,-7208.2148234051,-425.1407326627,3501.4834468268,9.9667012784,4215.0687590851,4118.0827710994,-1313.936761817,-6399.4830488538,0.5740186626,-2.0110602477,14355.4725424717,0.6175287425,-1.0965493136,0.8076841855,-0.7614566339,9250.3532341203
   5043.8401766646,-12240.5201159542,6196.1743084855,-0.0982050162,0.0618236687,-19593.6344186333,0.1978530391,3.90693461,-12.2709534573,-1.168886823,-517.0417467951,-324.0907494864,-4948.4333508233,112.0288294355,9927.0722427569,8409.6093714042,183.016403774,0.1237391155,10294.7681737514,2.7572274018,-78.6944439505,-1.3631818647,-0.215747124,-7725.1497386667,46120.5780646329,-0.5523096709,-1.1048127959,-0.2163788288,883.1014747747,5231.2542801247,-5120.5992667375,-33261.4912817359,-0.7042542457,1395.4687019468,75.8902031076,19972.0782615773,-19325.7733060448,-1307.9813488743,-0.8130661182,1638.7922742151,-2884.3302433219,-16532.6963507934,601.5202993859,5283.8612033876,-7393.6605193159,20997.4524754488,-4380.995255819,-4339.7003983435,1933.885288392,0.6116534607,-3.2686621795,-4009.9935690927,-8339.154860463,1027.3232939035,63.1580226427,-1.447546849,-2516.3594324389,-5612.5758704622,-2195.7251615146,-1190.7333043298,3658.3952825584,-3494.424765011,5113.1235377208,9275.7745099594,10692.1210507314,-4984.1077615398,539.5425954836,2889.5768638379,-3867.2540377759,-13229.6096028851,5109.5704205794,1342.0001845169,-8132.7918198534,-1495.8628665805,8788.476916963,-9265.4535045192,294.7129778636,-19.05616717,-19.847634284,0.5093157623,-3050.5146121774,-0.6913278834,0.0941369386,175.4303672381,5106.9792078372,-586.0546119215,-0.4820449124,-0.7034462994,-2.8240436424,0.0253531482,-3051.9389256743,42124.8271776037,-13057.9933265993,-216.6243974549,-3.394888732,-0.1667725805,-4515.4040083029,-3726.7413076173,27895.7045145765,-2395.3763039443,-3718.890792853,9.4263414291,0.7044355376,-5862.9759115664,-0.1800513509,-6.4098217992,-0.057063339,-13364.0273713639,1433.4654939343,-16.6979553922,0.4693796513,8612.012852938,-0.4647306173,7995.4938969278,-12869.5473336199,-162.4899133724,33209.764042928,226.0582443064,-0.7089002996,1073.4568413231,907.8062989013,-619.6871065555,0.0901371839,-2460.5260481361,-5297.6113407983,932.0349575713,-1.0280198548,-9199.9045364399,-51.8695347228,-295.6232969056,2592.0463567854,2509.6693542564,5174.1272264079,-11764.2508980085,4245.0674083318,-1719.4476448888,-9743.75499787,2645.9046137823,1762.0347804354,1349.9302648609,7256.9232850425,5041.4669908035,4035.1523935318,7419.2905041574,-11413.0646916241,8786.8445106148,7626.0174265958,11409.7883808875,-1128.586493742,1912.1851188734,7466.3576908128,-555.2847386507,0.5232511399,7637.3007460113,12894.6386358089,-56.7111737611,-2794.6653776821,-2174.896224119,-1013.4355474341,5.7683114241,0.025282936,-6021.0978093926,10175.590323446,11.6100380617,-20977.8778611057,-0.176228359,-0.7951603793,0.7595952197,-1171.4019545145,1620.6388949773,0.5807112057,-0.1465669639,2.6836731062,-0.086258709,-20976.7263939765,-715.2559837901,-600.3748010938,4858.4277458844,-163.4956664674,-7.2791516067,-0.3250225908,-3584.4297570404,696.4590317006,1719.3441388931,-1909.3242953239,0.1454348211,-0.9082373554,-13.9326494527,-0.1575304595,18.5621846122,-0.949361691,-143.7093887364,0.8642673382,5247.3047160745,-0.5122387124,-4238.431666727,25935.5061840521,3.4000177833,7766.4474984558,-0.4959904325,-1680.6120028965,-1252.5865017723,17049.1386662977,-8.6752434769,17.7454736799,-0.2049207815,-0.8406825549,-7834.2443117386,2697.7191018473,-2036.4277827148,-782.3109019323,-9815.8136803256,4968.1086080028,-802.630873324,1839.8468805972,-5571.1843063134,14072.2192345038,-302.5272696306,-10803.3091006849,5605.3286430755,7390.140151524,-1369.4213906978,8571.2528354783,2812.5494800426,1587.3816795365,-5484.772330668,788.1622735934,-2565.3855975187,1039.9635820054,-145.7359030939,-6294.6238057199,12.4669209115,-6495.6205345031,6421.6166027131,5192.8273508766,-3247.0026919794,-2.3497199918,8.6623441588,4626.5059533689,590.6840687096,22325.503915852,-1311.2728858036,2.0787041093,12.9901154445,0.1920397158,1987.8176076184,2972.0246499056,37348.0349220092,-1267.860451535,1903.9091916374,-0.3820689367,-22828.618527018,-5576.3954892592,-1.4529581395,-5776.2051177778,0.7425397769,0.829233898,1.6300780359,-1266.5590656185,-23.6368003269,23865.8470776438,-2418.5351127985,-0.1060177601,-11558.1073547723,10193.0289729451,1189.1880795661,-10260.9387851372,-1063.5446968954,0.3030458546,0.3066662936,1828.5692375641,890.8596421029,-0.812758356,0.1992595347,0.1034126262,-10304.5709720763,2701.251731274,5970.8907205425,0.9422779674,-0.2240929547,0.4858977459,-1086.0634405324,-0.5522149019,-1403.6867314432,-0.0012269822,-1.1421781202,9577.7304127145,6112.2916455596,-57.4059922347,1.3835342539,0.5913432426,-2291.6488401767,-4760.6427079502,-9438.390457214,-7398.8863422367,1.1725361254,-5028.2424353394,2633.3660421757,209.3336633305,-1137.2757247586,2.6659537651,-2204.8361645045,2930.9539143489,-9602.0571063301,-6048.6323614799,-812.6916789941,5242.9840502056,0.6646599096,-106.3735554461,880.9315146284,2028.9781744889,15628.1559365817,-3951.1003088538,-4394.6193502336,157.0645271297,1808.9358358866,-4269.3015071654,18133.0607496428,1912.7416893776,-10194.7188436399,2038.6894930123,-1577.3762911786,-2188.0485206045,-3.5892987372,-592.9288710335,1597.367469603,11734.1357318632,-1622.8578577794,-0.4586695105,-0.0170119239,-329.5989024919,-0.4043199224,-34663.3940137626,-0.2120613642,0.1592664883,1372.7070659353,0.847806229,-3440.6109345754,-0.4644163738,-0.7416964689,354.8576289996,0.6738509315,-34662.7366581719,-0.2681200902,-1621.3067700702,35299.5395605976,-0.1775167125,-5.2345406874,13727.5274398389,-2.1449268683,-4128.1751147315,-4387.4314559431,6.094052059,-0.6274675011,-0.5763714234,-9100.4667075745,0.1503705716,-1523.4608800806,0.8402906976,7738.7427976492,4.7008668335,-29649.1572086662,0.6777343473,-170.3290417893,0.214016379,0.625227482,0.9450728524,-0.4956991904,6192.909639098,23.9545495751,0.6799467939,309.0339861408,0.0294031818,1478.9883665712,0.095997888,-312.603323462,-7921.3197130835,2053.6545937187,1808.0074468974,7835.5984792905,-5422.058037689,126.9429391943,-8001.724426881,2688.4879649969,1065.1981118577,9773.2523348421,-2001.6514456851,5974.0162582488,3073.3145024182,-9506.9748869495,2033.7649453403,4575.0596005182,-5850.1327285917,4075.8494374786,-11062.4065421613,-57.6997546116,3116.9524043892,9568.6327046654,-1219.1502560097,-180.9786236378,83.7574464741,5273.7123694422,-5130.968877002,-5032.1288259819,5877.7983694867,2578.5963189719,-9418.498442375,7124.976013698,0.5756177191,-1504.6307792283,-18673.4676431791,-836.8186401678,-428.4157260236,0.0109050875,-13626.524008778,0.1324829668,-17746.6652513296,1211.7566907337,0.3739155901,3958.939058891,-245.6018355312,58.7221247934,-2206.8691707613,0.0775924957,179.0675557142,-3226.8425059317,-17746.9780901687,-0.8120136741,-2073.0514120995,12118.4239803465,-9852.4040184515,-287.825465254,19048.9805210544,8.3652711571,-8568.8603970141,0.6496681711,-0.0436091514,0.473131789,0.5907665682,-10.2747011882,16568.0873431548,1890.1412022963,0.7905954983,508.2960101654,-2498.041943909,-48.548718509,-0.8855797966,8191.4964353683,48.519921204,6411.407860674,-5329.0592955498,5369.5910696779,-0.0043745344,-0.6878712951,-716.5673924311,-2032.5095519476,-1.44020019,3.1492965618,-0.6238477346,-7587.1111204728,1106.4601653601,-7604.5739547191,1710.4779192484,13.8311769516,5167.3298357897,2075.0886738915,4537.3587146266,9763.9037468526,-9341.5862907642,-1604.1016854394,-7583.1501264945,-2735.9881132033,766.989760797,7215.8574826911,-0.7082142187,239.1290713304,5510.4622712454,2972.9737136969,-986.6795122256,-2887.3128847625,3607.0162817368,-1733.7833165252,-4509.4965827363,2300.0993136702,65.4512560512,-13366.0630110968,2746.2397973373,5.1701263983,3779.7772238882,551.1354177769,-2158.0061992432,8892.2225135456,5085.8579380622,24.4371775958,3689.2230494654,-19573.8050462013,0.2830965861,1.0319490022,1239.2598830213,0.9895796159,1111.6670208087,756.9425444609,-0.5924515147,-3.1814013327,-0.7674457078,-19029.2192713633,1595.531638764,-0.0358101801,0.2052647545,-1.8037001404,1111.560031058,-2445.2625086674,-35029.0825693873,0.4278191037,5493.7333286251,-71.6278005947,-2291.4641262598,0.65445667,3024.2722285386,0.3175073429,18073.0641020392,10.082091534,-0.0427134859,547.056059818,3767.8887133344,31705.4189513922,-0.8484904425,16735.0013693294,-5612.5096986371,-26755.1254418459,-11444.634884312,-0.0763804902,14020.0736831244,-9.9973430184,-3965.212729422,-7500.4357975247,0.3190863779,1943.9198269714,0.6492470281,-12169.657539566,-4.7798850569,886.5398571246,0.2530752069,-2730.7598341379,-267.3466597688,-4186.6908961848,-7869.7169879674,2729.1110737486,232.0560126415,349.7295728863,-1196.2576277201,-430.2886213824,-7392.2230331667,56.5357873793,2974.9817469483,-7199.2857960832,-16395.7094950618,-5667.3410796723,-1193.5917961479,5908.4739603037,-4050.5274201393,3694.3592844915,-3756.0548241798,-5559.2648495725,-4973.7363886239,-10699.2265234784,10100.3565264285,88.2788307242,-19.9570274494,-9302.934292433,-3230.5657868856,9136.5943696834,-4963.8142047437,-9785.204160832,2159.00236623,-5988.6495682941,560.2822622099,-0.8937515417,2220.4278729575,-0.4240483255,0.2350910361,194.7025717572,-756.9943709247,-5485.8446726881,10949.1706934586,-0.1146319142,-0.0671203033,-31329.4383869507,-16731.5047214324,0.0439201723,0.1420137804,-0.6090771147,-10436.2095368112,2982.4516280866,10950.2580639529,-7303.7335810614,-1755.781419716,5275.4106017962,-0.849593595,-18.8454164375,31953.5215033478,-481.9457278861,-3313.9172627352,-5636.1776617939,1524.6592106028,8.4988886765,0.2737883781,11150.2972985427,397.6745017309,-0.2517980508,-0.5303261246,9653.7306865875,-19273.3425056776,1268.3982276263,-0.3171760943,10421.8586647538,-0.6132649533,-7460.4403505462,3322.9434959665,1279.008884757,-3564.3130101,1497.9348753973,-679.2202415662,-7744.3942985861,27998.562963115,0.9230885752,22.7017724534,5390.3535396677,1108.7983645371,3188.0617029991,-55.0545319307,-7375.511214911,2162.2079423886,13680.0495660494,-1.6929735425,-1443.3525919881,1146.9300977698,9940.2645177262,3933.566672199,529.8541790476,3970.5204544644,458.2817115886,-476.4365316523,4.3434862053,-5912.3120833537,655.483697982,2991.9610415458,-7436.0891080191,10174.2317050854,2730.4520424884,-6073.6609231599,-2107.1506269481,-9314.3248692616,2150.8944625739,0.1480822676,1466.1680326566,688.2013992041,-3979.7370900886,3539.6373748666,-3216.2203543335,37.3597149353,2.250794243,849.1320468967,5085.500469104,-0.5692115142,0.8021948287,-11924.5905064202,1.9929478864,-0.6757968805,1285.7769804056,0.016280104,0.2310504719,-20265.0165375442,-7295.7192222582,-2829.809590309,-0.2516218122,0.8440357768,1003.552818705,-0.7350522871,-8359.1192833926,-1737.5274690076,814.785498748,-0.3397624516,-16673.8861031623,4019.562451726,-90.0404503553,-32074.021087838,4793.6157233484,-3889.90386439,-8724.6991002176,-0.3698163029,-12892.1747447461,-0.6396568879,-3040.3462081327,-0.7184504759,4882.1140155701,-0.4564403641,-12038.914874034,23416.0020398448,8298.6768451867,-2429.0373985629,-0.0242064668,-11181.9397310581,451.6391518845,-21727.5648924153,-3032.6843750952,-2595.3696156019,2140.9479507791,3371.4534660618,0.2566172139,-0.2887898191,9900.4147309933,4278.715776809,2315.1576043372,-3880.4581621911,-676.8495705114,5949.3412957433,-5145.5336265369,-822.156659637,-17939.2069390418,1758.531373187,-4623.5575762,3678.4870812908,-8049.0860694901,1276.6454475895,0.3813891682,2107.381510072,102.1914913931,-1101.9632072341,-1529.8918024358,6947.3750118797,9164.2912117961,1777.8972707692,-642.4873950775,-7079.687391727,-4196.8031986378,-2137.0306159252,2928.9976028675,-5744.0714602822,-2895.5706546925,-1190.9350674859,-3045.0265717561,-2309.112732645,-9819.4790878099,4335.8327162282,-15.985560252,6824.6493045312,15877.4892336669,-0.5102736426,1519.6450700565,18166.9891859113,3.9484883591,-28375.116039009,-0.2290060569,-0.3507145186,-20340.2220136016,-46004.7653800465,2.0408170473,-2.034102598,-0.4683517738,0.469863043,0.3884683007,-28376.0960039888,1.2358572803,0.367214517,-16443.5824376944,-0.8560952394,-8985.7567576987,6810.7220804884,-70.1327817698,-17019.6884078229,1113.7746991341,5197.8546906048,0.6922738634,0.9757430266,8921.0875632044,-0.6789323175,2912.9506276868,-0.2244531257,-5089.4218691629,4648.3606143434,969.8477696053,8.3361716907,0.8481727791,-47.9816728188,-1.3228297209,1918.5608674894,3557.6885768028,-0.902468239,-15289.5179261271,-959.9798886994,-27701.1440871145,43.9587581544,-1.1388350136,0.2984619644,-7710.5280065492,10184.9105535504,2053.7107195108,5225.2304454709,-2509.5865643238,-1535.4401289392,3803.253338283,-2301.1854346226,6369.3816414321,-8214.999741898,484.2463541154,-1422.8705399446,-3898.3006928475,-2348.2594251378,103.1385114603,2.4193508847,-6205.8251761378,6.0367183921,953.7797929884,-3447.8963761203,528.2745790769,2317.2549010917,-5383.3305002276,6614.7839339545,6850.4026915383,-3738.2236625647,-989.1876938534,-9328.3067069748,-6424.9744653288,4899.1493457427,1664.6965590305,-6927.4275712024,-1.4417654493,-5869.8826861634,0.1184402255,-7182.5813375261,-0.5550004131,-17073.1104071716,7000.2047659571,-498.1325559402,-17206.0554808375,36616.5769233696,-3948.3726601245,0.4528168958,-5292.138411368,-0.7066384933,11667.0807126203,0.9050115628,0.3493472756,-20948.153648235,800.3644660483,36616.7073329086,9309.9059737878,-17431.316805584,-4842.7088881464,1877.7863106371,0.2662606333,0.526847956,-2070.4169660791,1882.7512150242,-0.1492121165,3.1259418971,0.7189461643,-13614.1009484809,1293.1791435046,-5321.614887966,-50028.8707137977,0.3402820919,4734.4919721242,-0.7090345059,-4383.6435347668,888.6288074278,-1765.7856046421,-2317.0075622271,-5395.9853817177,-21128.0401080064,-1.1756391568,3744.6709653956,1519.1058668159,-79.5752839297,14544.9758075477,8561.2577540222,-0.7685425265,-14.1630990663,-14102.7298438509,-2139.8310182405,-5698.7794558192,-2443.3081467477,-18762.995089591,2036.6733840382,0.0331371879,2551.2079361496,21486.8496455146,-4281.4311582769,-10858.533651992,-286.9396301422,-2200.3089934844,-465.2650114417,7927.6470113907,-1.592048589,-354.7289016034,-4046.065345311,9067.8192294259,4171.9976581151,837.7502065192,-14435.129461664,4074.6050984861,-7723.587511613,268.2109284303,3081.5353460562,1582.2839058356,2959.8796052928,-410.5481675598,2914.8164535014,-8887.5592222812,6424.7307229678,-1.0832101201,0.2973083257,0.8025586053,9615.2427562622,-1.5044637502,-111.9221076437,-17.4796168701,0.0447116451,-11543.0268629057,-4955.2917053118,-0.9133163997,0.0559690894,17038.8287495316,4680.7992117982,0.6889843434,0.8089800696,0.1951765075,-1676.7151618654,0.1554664859,-4954.0418453032,5586.9561423515,1331.0795311401,-0.3806136455,-65.0562733567,8.3165435557,0.9696967287,13.4828768366,-838.5101630503,-24.2287133219,-2817.4217743003,-0.123071559,-5524.1283053481,-10067.0052995625,-0.293662082,2616.6585488562,0.4891317429,-26846.8019668249,-1.1662718173,4275.594350941,6829.4841206462,-1557.8338672541,2993.6788488289,-1.316559721,-0.157442642,0.0944446356,667.7453559653,-992.1442833763,8923.0817754592,-24890.7209717221,-0.3621826232,-2216.1620792651,-0.0575997214,3813.4493465327,-876.8062327127,3278.1203318646,-3083.0510536819,4588.6242397142,-6783.429164499,-1769.2463601401,-769.7017045493,-5248.0902723102,6939.500916336,-6134.5525335197,-7922.9917432716,5848.0973210578,-8.4959913853,5103.9236009165,-4555.6349281083,2104.0427541808,-3781.6603476778,612.2059169836,-5119.8606296263,-6788.1690961191,21159.9915457939,-8524.8669389972,-22393.2456990133,-3157.0078290481,6955.6139576146,1927.8314381857,-1601.5710571835,4800.3709718204,-2477.85909432,-13407.4587984872,1226.0084354674,-4736.7609353912,15497.9067484304,8.3754249256,8002.9714001483,-1.6476250356,0.4213692812,-2315.6725667435,22589.0328181125,1.6287989869,-0.6098697874,-18999.8382800967,0.6367688823,6246.5487345144,8.0151175875,-5168.5969789149,-39.9629409406,-0.5714626374,2597.7642877112,2.1573272169,-0.3967155973,-672.9891300366,-12381.9382348933,-2448.4873745545,-1.3805226626,-21207.9753584304,1.1924716438,-75.8683310416,13870.649242522,-0.4405226236,1.1707599604,3.0048132843,0.4408823586,-13134.3462121065,0.7580275339,13186.1347443734,-0.7615698486,-13837.798430566,11.3689778484,2404.0773495143,0.6277441419,-0.2720918904,5398.1219314039,502.0228719509,-2024.8179915144,1304.9712525171,-504.0425313506,2.238874457,17454.0818380879,-15064.8178518973,0.1828001507,-2810.6956040024,1.7745920861,1724.7174015165,3598.9512488724,6532.5674690477,-3057.4495616015,-4480.4819067746,-4021.7111107899,-729.9588367135,6675.7751911061,-6300.3840045655,9659.7080600333,-4439.512676431,3998.8352267969,5181.655085738,0.0654593354,811.9603779583,15.0489936157,3.0650697132,4518.0379019914,-156.5656686883,111.5554755686,1666.3909990795,-3615.9476500973,17463.2836788008,1841.2191058587,5787.3542900485,-2634.9704535766,-2804.5290900114,1963.3693506317,841.8129618652,1416.2877498972,4856.3449611555,-24187.7287119721,9098.4156185803,-1.5208045428,-12015.9121684651,1637.126194608,-7385.088057633,-17833.3648989648,29.3596721147,-265.140864669,-820.0797400256,-12.2557202788,4008.1071135862,0.1417858535,-407.3654698866,-2.252286116,7230.0757050214,4321.0755151996,0.2425209507,-0.1479671443,-4397.2158043991,-13.5848020311,2.5629119709,12312.9329532694,-0.7151765382,7490.8596721442,1.2463301402,-2492.6265544727,1.1021852031,2398.2978564213,-0.3859659937,-1.2612013602,-2508.0826759419,488.5760816183,-0.9486768374,-1.6450225598,20988.5059193146,-0.7407566188,644.3422082916,-837.3929687278,-17858.3502985133,0.8620036843,5433.9711980543,2301.2839174231,-415.0790730919,-53794.5804011056,0.1999398144,34.938635312,0.578100445,-0.3674730579,-8428.5924503575,-0.2182333473,-0.2619726333,-1.0764719356,-6626.3633684003,-1.5637910835,2720.9299564108,17203.2278373214,-45.1769863371,10032.6593906073,1473.6943126483,-2103.1001393924,0.7345921394,-3.3771073322,-66.0068829487,1797.8000244175,-6841.6378852288,19359.6636017116,-4102.3786519283,-1399.5445722316,-2703.6618629584,11933.0850329808,2321.7156722784,-1.2685522898,2330.6092913887,1181.5444751482,-2161.103691407,455.9427856113,-6819.2798389657,-11895.1078015204,3487.3087720141,16056.3482510085,-7414.4049383588,9411.5123917958,0.196841675,4583.7859350818,-2733.8560590825,2113.1403383385,1811.9209279004,-1643.2158159546,0.5565078158,4316.3868917656,22432.2262460911,0.0812496276,-8415.2510333696,-8572.8103220637,-0.6846863891,0.6007199177,-5.3418364337,7375.5746957879,1247.29381714,67.170717975,0.1916325334,1234.5308643705,32443.0727922826,-8572.823086324,1164.7416272088,-2519.7303992939,6774.7891890493,35664.6953623526,-3.5045345291,67.7071018957,-14748.7385834643,-12900.4562780537,18978.4079583169,0.5734794053,-4894.1127841064,0.8907873604,-1.3862271431,-6015.5041469668,-2404.2048781582,-0.8861893577,2382.9655402605,317.6222689263,-18.7215366444,-0.0982280955,3147.3017771073,0.2404553855,-69.3077196238,-1.2510758139,5042.0670806904,0.9031623338,2275.6099823783,-5664.3638872934,-351.3013477711,-440.4972425379,0.8717253129,0.0761481018,9333.9371316744,275.7061093209,-3661.0895316991,1919.191089052,-4276.6528555899,-5172.1902409865,-828.04770138,-10516.2035089622,-1029.8015946808,10364.5638982925,1.3470833917,-7.4633390256,1.4007880606,-2814.1587260202,-9.6425792682,-0.4097104995,-5708.7200533202,-1.2479753987,5653.7581792791,-3824.9396746421,-2127.1866380663,946.3096000661,-7204.5223042668,-9412.6019432187,-4995.0812495467,-3028.3775610594,-10.5196980578,5171.2961663818,8700.791942747,160.7283798363,2589.0328667682,3673.5339329286,-4929.901100972,36341.7194648811,-1.8267977764,3965.6970150353,5240.6829738092,0.4835907305,-0.0034247794,-4757.3083839211,10733.0359724506,619.4004218968,31969.8684208738,0.7298535761,-45258.1432306258,-36249.0333898472,1515.2835431896,-10.3165234829,-0.0969518352,-14.6898424702,0.2287202671,620.6421003217,-0.3923590995,-1651.6490332399,-1.2769765576,-5596.3638902213,-4393.9652120728,0.0546965974,-8.246407962,-35317.8332462107,-1.4924655661,-11569.1332774342,-0.8773768574,1046.2831837855,2916.0128448164,-1.2813656478,5765.0360352416,-0.9678738814,3051.6264894583,0.1028534951,-1.1390147962,18.7519314742,28088.0509652821,0.3210603464,-943.8521169804,0.821033625,0.2138139459,-43241.4070517951,6222.073360324,-0.9488255921,-1306.5846236293,-1.0233204875,0.7397347404,-0.5067897862,1521.9850046947,-75.7430686419,2268.4080451017,16188.4459388099,11105.1368713851,-607.4259773881,-3526.6775035554,-14.3814683555,-7486.0854121723,12453.0767412555,8871.7444633858,2772.2500803952,2596.3643180386,36.0848068729,-60.3803454211,17700.6454361217,-15208.9279012727,-6623.2766009799,-10805.7947067434,-3.8498541219,-2541.0153063303,-7199.8552720609,4089.871181423,6016.7036548005,-3571.8654086697,-1038.4444588923,46.993922939,282.0588606385,-15350.6416563489,3411.2922128669,-4944.7980614755,-7005.3564428713,5438.4905448655,-55.2386383348,3758.9452980218,7833.6011590305,-9210.2633591754,8821.5020517076,-0.8513306808,2728.8794931195,-3345.5839663166,-0.2334277405,0.7024119605,0.4444301326,204.7045278032,0.6979727555,-2798.3573314565,0.3005322046,0.8301126708,-3.7207315913,-0.3025447658,0.2324960163,37.0390238407,20.1810470907,-1.4178161077,0.1144320454,1.5012025357,-2136.9092189073,-2788.461832573,4957.4465140077,968.4476315141,-2.6373432076,8.1064360006,-0.043215586,0.5901315084,-0.3081252496,-4648.4131867306,0.8892682511,1487.9679023368,-0.4986361964,-0.8423242792,-9481.6045695244,0.8162911852,-0.9591885521,7062.0570108347,3647.9615903763,-309.5109747406,3853.7278947245,-1.956257656,0.3256519931,195.1451474723,-28.2128020309,-313.9277634952,-0.2689153886,-344.6012019012,1.1080203794,7629.9043606201,8187.0887928841,267.0862825299,4068.8376931378,-2851.3533851495,2325.9620113091,14910.2354416865,-116.9383061561,5099.0451668117,3211.8450280642,-9637.3459228466,-6211.5523627676,3296.2675002106,10433.2388010088,0.2934746689,-14477.0428781495,-17850.011688068,5317.8684616604,2545.222183817,-1691.6115518178,-3262.6663012341,2387.2553156496,-11249.3084222647,4710.1369030941,-8191.6533555078,3222.3481058931,2990.6958987185,-4637.0627032698,-10446.0255748839,-13222.5306995364,-2957.2425483835,1204.8599862182,-58.0064170767,-13134.9671107793,0.489779078,-2358.8814686408,-5983.1321817398,0.5897242465,-1366.2463776766,-8063.0151808948,-7.8512639339,0.3413724221,-0.0956660731,0.4228958034,-0.6839057727,-1823.3561050082,0.4357277964,4809.7011516262,-0.6582022743,-8062.6384583308,12494.5488981644,-940.5007782127,1239.1574303667,-32800.606333919,0.4373676416,-15.2330762638,-1.1733539946,17625.0255835329,4854.3578761832,-10159.1427593884,0.2839843545,-0.4080310795,-13.8021184695,-0.654763146,-0.8256744348,0.0847126455,1868.0413780775,0.4751316885,6755.2525577955,0.4947404948,0.3012145962,-7.4925152422,30247.7936764298,-7190.0003899604,1.4109665443,-0.2823310816,2591.6704579745,-0.9959900967,105.529480954,-0.4403506322,-0.4270546149,-0.2610243442,17314.9155765733,-18.6931093117,-9287.6802055508,-12.0851911786,-85.6501917416,941.0597733979,221.4099366224,33.4549611898,-7857.8378163455,7438.7516029837,8954.2671666289,-3744.3823669909,-44.3919145936,-2140.0289411763,-1.2779279353,2.0377524724,11029.9223359347,-21653.9363657243,-3554.0086801509,-10421.4148519101,-8036.8846929982,10196.5135208856,-1048.4861298837,-11631.238768784,4304.3794959155,7102.0759029608,-10845.9871815623,-17971.2771886032,-299.5969508014,-3137.7778562621,-4561.5086630285,-12320.6073009249,271.047299469,1534.9030817476,0.2718476835,-0.7772535932,1151.3705507174,0.4412282495,0.2770224688,-6226.8683531566,-0.3595668544,1308.9223622456,0.8500565446,-0.8477902511,-0.0406912887,-387.1178571286,2671.7808710138,0.2666435885,-0.7980285114,0.8901977902,54.1799448359,1308.6204310162,-22531.2565419896,-1.722235015,-899.354175641,-3338.2205564547,3544.8711829238,-4.3300586611,21624.3374466588,26095.6139551823,-5530.0730023967,-4689.1651734544,-1049.5785885168,-3.280569545,-1.0798014509,-0.1076593945,0.541739136,-0.5145904222,-2587.3040866815,7.8340382492,-690.3353766398,0.2111997762,-41024.4624240666,-0.7192301101,10889.9170768647,34379.6072513327,4.1191692941,-1.0726074219,3447.0412175789,-0.9562147845,6342.4973742627,1738.4019388591,21823.3289829996,-0.5598811088,5639.8606656217,-0.8328335291,-565.4695432349,477.106115348,-4176.1104133882,43.1222991993,6978.4427640884,80.0286742386,-6300.7664325426,12069.8239533802,-15217.6155987305,7538.4401936875,-7657.1477325077,791.4619125305,5169.9733449811,5.3141665759,-1491.3828843086,-564.3877687517,-2149.1260445177,-4494.1851442048,-4047.9715910302,-10560.8076516089,-9307.8298766309,1343.5533113293,5195.7612564266,3314.1583860408,3477.7738855911,3062.2878646029,101.8959823608,-362.4629833936,3589.674440571,428.3019212921,-0.8995561541,11588.5705184937,-253.027827684,-751.7427149286,-1.9714519839,-4964.375537017,-1503.6058852012,12913.5740543567,10.4642722831,-3386.1731313039,-4885.9205582152,-0.3788970567,0.8671930647,224.1187172536,7521.534793503,-0.1125396484,-0.8913031019,-0.4052038832,0.7206826159,-3386.2668994302,190.5895316644,10448.5281316001,3494.453132558,-24.0521774978,-0.3083831101,0.6903343484,203.9561913574,-0.2502903971,6.6787897747,-1771.7782161705,-0.7669847426,-27306.5047710788,0.594454759,0.4857701228,-931.0513268286,-0.7511559844,22212.4089065298,-709.9399841033,4567.3403113663,3867.069829312,-11089.1424503501,0.7716592857,0.0192394337,-1709.4760529154,-0.0088339007,0.3583184689,31.1983149024,13428.7921632296,3591.8781689124,-0.6997362191,-1002.819457133,-0.0055350048,-12374.3857362094,-875.3502927924,2764.9795591864,-3504.1618602951,-772.0339032876,-1474.9917367794,1391.8349263505,-5929.0708007264,5263.5081506014,-4268.1501832192,1095.4031719613,990.2924627176,-5605.0743348818,2779.6378750338,13.6520195393,-5344.947106806,1207.6416985854,3478.6204655246,-3063.8155740481,2.5380667308,-9734.7169216464,7064.4068219555,-10476.3760290147,-474.271920402,-3432.0825941212,-1197.3036236781,452.3981551526,-14606.6859616821,5973.0801620207,-3412.4995973319,-4472.5234299457,1091.239265141,-14678.174481538,-7138.762089386,1.3468089013,-1.144460148,-4.3114078685,0.7198402215,-9386.6844253854,1840.9319636758,-8183.970179725,-4442.2104290734,0.1034652768,0.0580669481,933.1519504991,-2675.9497541683,3177.1351831536,3060.6203911497,-0.8538067772,3605.8024838398,0.0504417615,-4441.7842026846,-601.2544332385,-7.9811243987,-69.1782185655,-0.0887661664,-2543.3511051296,-0.7493353209,-0.3638983795,38403.1598587104,0.3091376777,858.5871924069,3.7594601531,1.1513598751,31360.9896520761,0.4053464142,25048.7014915998,0.7315138262,13567.289963286,-128.2644386191,-745.271879413,-6523.5364762733,338.8934035036,8464.0103760041,3605.2965665757,683.6604265979,1.5341446273,-0.0169156429,33346.1763459724,0.6889994642,1723.7627949375,0.432150339,-8.6659869401,0.6318872076,6646.851787501,1024.3016784424,-2401.0244410169,-12.6781892334,-2134.5495816822,-1804.3388086488,-28.8047197766,2953.9542166278,-9884.4680306328,-10281.5089529669,2245.4657588486,6286.1926329153,-3.7672248211,-1702.506683275,7249.860113447,-1598.2896574069,-2406.2901377022,1086.8387254023,-877.9164091888,-8019.9770273704,-1477.0177688027,2839.6272913384,12469.8094552208,824.0460874295,-3520.4901992041,50.1108394084,3825.5839022309,8210.2895419175,-2215.5444729269,3388.4737472683,-13582.496552271,8805.5180710576,1755.0696861101,960.6252063677,-0.621062077,0.6340637779,-13435.6715587572,38547.8126764413,0.2359956662,-5737.3022513091,0.3762719159,-2.0302625479,0.3233828571,0.0938155701,0.1881918953,22244.0351732523,0.6781688103,0.4020360127,-0.3635106422,0.6926631283,16845.1119452608,-3.1965405081,0.7445417148,2444.490339594,-13579.386524137,3578.8645213447,-32.9351940968,-6.8129473507,-0.0036517532,14.0176963856,-33660.9225459456,0.1342075789,0.8041294131,0.8089539103,1.0260227628,-0.1077754076,1.0731510526,-0.342164901,-3744.5907391405,-0.1116813049,-2.7109817776,-0.4394919441,5075.6580557112,-4635.2360774368,-6.8731819692,16386.0323140468,0.3327002489,2105.4625155522,1262.4275760286,-0.6552696712,11484.6686529992,-285.6364644344,-175.428253861,1.1265215672,-1830.6856287597,-554.151938167,4314.6899804004,-9.9724425397,-1433.4513542497,-90.2613948573,6052.9199858935,-3114.2761614152,-3154.8916028013,-5210.7057617174,-6054.3952988312,-4328.8066113353,-2384.0075058958,-2385.7823165767,-2537.7733281135,4655.4981962113,-1.7738266057,-2960.3410688265,0.7208539048,-1710.9163297692,1897.1591263079,-177.4787389994,5804.3607474034,-14699.6632528609,5733.5326153686,-7752.135113253,-8836.749145037,-6481.3347791931,-396.5992634127,4532.7284215215,-6710.7347097906,4516.640123869,-5363.5473017038,-20.8562443836,507.5282973143,-6432.2867598187,14.4379377459,-8540.0159379544,-0.6734805959,3313.3015946208,1318.8240081649,1.3080270758,0.4290196771,0.3180486919,0.4030353209,16866.140227229,4205.2810753681,-62.3347926258,-0.1109617428,4604.7634447916,-0.0704498619,1.0226901218,5417.3453504415,28602.9067985178,0.8630675164,-0.9877573761,-0.864937858,32.5473968261,-0.1934445996,3.6802230997,2444.7309854632,-26719.8047332309,-0.8269348817,0.0640911041,-0.6580247205,-0.0722649863,-8.2387861492,0.4419916374,3706.6487467621,-4.9993933587,-927.636576946,-1950.3301093878,-0.16863875,0.2385337895,-18155.6041720662,-3448.0672145344,-0.9868727695,-6169.5576505237,-26.0638034508,-331.7900247471,-1.0021472409,0.6720558356,0.6614486758,0.0782857291,-9511.9442987655,6.2725033219,6320.617378779,-9739.090262757,1655.5030932273,7494.489100588,7613.4721353163,8963.2780597565,6769.598361858,-14201.9041898996,-60.4901573972,-3222.5358910978,4.4165351416,-8037.7548922887,-28.2416625174,-1776.8679107668,-4642.595722087,-5768.6848287652,1957.0275307648,5835.6838711991,-314.0226614519,-5822.7590612889,-2587.3697782203,1522.8469507788,2070.433839616,3643.9554151887,-1.4341583875,9283.2647643616,596.4867288228,-8431.0898797303,2027.870521914,8192.4255798211,14778.2197186182,-9559.451138285,152.2414474668,-0.6882250631,12148.3463742614,-903.2593328131,2627.9212197893,12.4679486464,3236.5783628718,2.5669392061,-0.0599735668,-0.1958059003,-0.6240065489,0.0821503753,-0.5859440487,346.588240224,0.144542935,6965.9682733799,0.4782197436,2.2457715057,-3446.9445699666,-466.3604086519,31450.9515945428,0.6023205683,31.7816154679,-0.3906577016,23.9231971649,-2954.3570256022,2550.9912298237,3070.3764059689,0.1873759266,-10431.8330940237,-33586.5167185802,-4857.0768502394,14785.4378498656,-0.0683125066,-15771.765809274,13982.4905259936,-2509.9775072928,0.2827570701,-50814.7251632764,0.577972999,-21903.188114233,6.0611667595,0.407438249,0.3071183363,-17078.9912123614,0.2638511475,-1161.1391980003,0.4701349414,0.0690629096,-0.2976948775,3.1025007269,-206.9571430503,2006.1979816675,1346.3900166789,-5.1862602626,5108.4140509613,1556.8889653753,1020.8112978334,220.1106395125,-1107.853526528,-8091.1930180885,223.6622869213,-6774.1278611287,-9569.287690688,5947.0696171138,-97.3227878162,7422.3556158059,903.1321138803,-3111.5831930164,-4034.1706377701,6140.4960189327,-1331.7237885965,-1203.6723969311,8252.527863544,-771.0841574476,1196.1732463348,-4550.3435627606,745.0971991974,-9708.1409129654,-2249.4107046345,0.6804823806,-3550.9998006569,-0.058668143,-65.8542341052,10275.6225911182,-50.616073228,12576.5913089575,0.9898997295,-1534.2894236728,1490.2489249731,-0.7420405249,0.558849603,10.0240779464,-0.0224109563,4951.3347445828,10075.784352085,946.0924252982,4814.3679402671,0.4889757491,1.5796281266,5.4425971434,-0.1094671061,37146.6300758067,-34724.8224230539,-39231.8647645086,3336.1554630192,-32942.7675799282,-1730.0096747926,-0.9724769811,27181.799167539,25696.3422027736,-2569.4911911134,-0.5158716869,-846.9532498425,-879.4206236833,-3655.7780413687,-6289.6089430697,-0.2105199071,-1166.8848289649,48897.0527391791,-1935.2849289869,0.6816392061,0.2493257204,-184.0722987253,1284.1202252744,0.2981391883,0.8556200325
   0.7082020638,6.2061609468,-6364.0154032005,2438.7123121831,901.7982045133,-1406.3509009839,1.1601929093,-1314.8051063565,5340.3268272877,-1906.3194523042,2977.2855098744,-9409.2812379831,2877.8732153138,-10076.2682555348,1437.6922597244,3599.5109016037,7548.3108926437,-1518.0042072419,-15020.0396871068,-948.3990147441,7188.3540798605,732.4620300063,0.6762515207,1300.0521897661,-4492.8161520677,591.0370977485,2723.2100261532,16842.0707727255,4219.7381726633,-5045.9316206769,1754.9602255455,-594.2811253223,1294.1763948351,-27.0292589405,-4421.2587052726,-1963.8948965007,-0.8733904648,-2763.4159363203,-3322.7843933302,4651.3891750762,33500.4987160036,-4619.2277495937,38847.1894646412,14.684880956,-0.4916633581,1.2774014071,4105.3997202264,0.0672214545,-2697.0839641151,-0.3288598048,-0.9922062261,27701.3453959911,-823.1111301769,-4661.415469496,1549.3674536383,0.8093575694,-1.7825474776,1770.3023294032,-2697.5488412906,-29565.158998673,-0.8019263366,-1189.963331227,-8007.8291033703,-0.4993485626,-0.2459519295,-19253.5303253382,0.2791957688,-0.3132091646,-0.2351147399,-1206.5965440117,1778.0913853863,-48.8172337949,-0.5009365497,5327.4781317219,0.8746589845,-2800.4811470669,1.0832856948,394.0153073778,0.4104684952,2157.4094391244,-0.142121262,53707.1079779779,-0.9859600194,3159.1379325594,0.320682988,11229.3480104858,0.8486922555,-599.4284149112,-2095.351060236,-2268.8790505769,-0.1206615149,6470.215671799,-1215.8523642335,10444.4667855667,1092.0776221207,-368.4447190857,6153.4791872832,-222.195926284,5076.7876803042,-2529.7480897918,-3032.7987754796,-1760.1461277751,11368.6510583094,79.3369666577,-52.3502437479,2325.0681316405,-465.2975828276,-201.497345076,-15183.8228231252,-277.6555345607,9648.8439121028,369.0820309085,-3281.084862254,-3214.0528324459,2277.9600916655,-2528.12808779,-3.189185075,-8442.0411341716,-2283.727621093,-11162.87822877,-2.4780147946,-9709.3210100832,4276.0725786648,-244.8122031847,-19876.5904107733,-5588.5921238708,-918.0175854836,-0.4284755894,0.0343242133,-1.1692929874,29.5637426029,1.3757194222,20.4527529661,-2349.1995652006,-0.0133706517,-1466.2955723698,4912.5207799476,1.1139831895,-3540.6281320536,0.3451180548,-0.5171104566,130.1922576317,20.2213326447,0.8220876051,-3.7644086089,-1.0673765534,187.4249334002,-1.633539202,-3565.067117429,-6108.9854529277,5151.6414276349,-0.5489033911,3815.0124490225,0.2506747614,1.0576941232,45.7703169755,-430.3026963356,8.9624990683,0.935871727,-4344.0316147456,24.5055121725,-1217.9405304568,-10.4275139035,12669.1711573223,-2680.7388041337,-10537.9076075066,-5890.2099761748,0.2367343281,-0.112471465,13362.7655059216,0.0453522329,6315.6674438508,-0.1435362058,-2.7843062354,9.7602740431,2157.3651404368,66.0608018275,1655.8654561082,5140.8204868767,-88.493963683,-7971.0997658167,9876.4782584589,8106.3580679182,3545.3743688859,5737.6385968406,-7849.1042816433,-1256.8966769023,3064.3971542297,182.5807737553,-8948.6854125162,5.3847356437,23.3473495804,3762.6073956525,-3845.6136166667,361.3676061842,-4999.361013058,-2893.6372133818,1683.6521744797,-9947.1483660178,-11947.8601518698,1820.5942949837,-5857.7657703468,-8357.9315211823,-2681.9884196462,935.4217750234,2881.7490180265,-1999.4421373822,-306.5532200513,135.1045752054,948.6325775462,-24682.7202499887,0.8845728852,-0.1548211813,-12.7416938657,1314.7012384947,-3189.626769948,-0.4922443368,0.6748492381,-0.7121548359,-0.2560429076,9782.9322804383,0.6917653224,-2455.4064088424,-0.6553580666,0.3296155782,-0.9688005883,-1.2291559814,-0.7132810663,1625.8414284973,22075.5794332458,0.382656164,-0.2478303349,6828.392643587,42776.0275347037,14406.3246627873,2055.2760613087,-0.6181208069,-0.5030629509,-617.7163054739,1136.8631951419,-0.4805064325,-0.7798892871,-0.2890578272,2254.1545129923,-15527.3244809743,0.2762034642,1809.06874194,23520.6525027666,0.8812340262,1.0004714549,2465.6619972315,0.2765777983,-5832.8116912475,-35.8008377281,-527.6269417607,-31388.5337911183,8044.3041728805,-501.8417916354,-0.2417177537,-8465.8979989099,-2835.1026885578,8045.3461494294,123.4529886524,1410.3881303254,0.7559792814,1266.4221405148,3160.4604073535,-16848.4211778841,1838.1766444887,-20840.296126482,-5638.758082348,-3193.0924452873,-3332.0458813651,2276.8682676888,1100.4674855008,-7136.6931003893,-6338.748431946,3258.5090642539,2.0997995163,3180.6534383205,-3.9007207915,-1678.0363495976,2855.6840411057,-5975.2026820855,-1272.5333348542,13260.8981872712,11814.9074529411,2.5804135488,-2705.0973542553,6990.1607753632,311.4159400055,6127.9177741039,3564.7465768692,2089.4369119378,-67.9717730045,-715.337687006,0.0176228177,-3522.3823877478,-6910.6289424756,-0.0546544562,0.8003779173,-0.3732109174,0.5504717975,0.1894962189,-0.7842253987,-5315.8941707675,-1.3752934253,0.3628947374,0.0124631278,-0.5358708659,0.6594714046,0.3226280861,0.5695239379,0.1633325529,-0.2904084583,-2076.5781683968,1.3962375781,1076.9691402695,-23422.9018573209,18234.0252119996,-0.5252019361,730.7240814346,0.4414126337,6.084128854,0.2816601723,-0.7754566167,-0.7290242782,7512.6394657837,-226.6222054157,1341.8132566642,459.1246566367,2121.6813177275,-0.2332655531,6196.6522480294,0.8046557923,0.1764211001,-17058.5690201643,0.0086117949,-0.410490821,1177.417932999,4.2572654809,-0.109564902,-1.0267445739,-2905.3155429374,698.4475503656,-1717.9501027939,2993.5798642701,-4314.1783656285,-4899.2922452852,10530.0124669064,1097.620716068,5223.1932683097,-359.610069141,9634.3788791817,5725.3765894515,-7267.5731417831,-5918.2635630523,-0.6590499737,414.4553553677,5376.0187250493,9792.1045197148,1578.5068894535,2175.886203842,-5468.0976355588,1127.9417168404,8734.5486254773,10013.5156729179,-2706.0919931552,-7747.5354957203,-5113.2275459547,-324.3122015763,-6993.0737378016,-743.9095911663,2626.6129227157,9518.1896330342,-8290.3343705789
##end
biasActivation=0,1,1
[BASIC:ACTIVATION]
"org.encog.engine.network.activation.ActivationLinear"
"org.encog.engine.network.activation.ActivationLOG"
"org.encog.engine.network.activation.ActivationLOG"
