encog,BasicNetwork,java,3.3.0,1,1425323552166
[BASIC]
[BASIC:PARAMS]
[BASIC:NETWORK]
beginTraining=0
connectionLimit=0
contextTargetOffset=0,44,0
contextTargetSize=0,20,0
endTraining=2
hasContext=t
inputCount=11
layerCounts=11,21,32
layerFeedCounts=11,20,11
layerContextCount=0,0,20
layerIndex=0,11,32
output=0.1127032019,0.1916422316,0.2901779951,0.1408959574,0.0000181172,-0.2066431132,0.2530111961,0.1339978422,0.4102074995,1.0904195163,-0.5933847501,-15.8688932005,15.4436964564,15.8525220298,-14.5406576459,16.300165781,-15.2555666652,-15.2316737699,15.2858646986,14.0902243736,-14.1956192208,15.3566924687,15.3877789325,15.7726017501,14.709642255,15.4692563693,-16.0916485238,-14.8241744054,16.3032297927,-15.4380143366,-16.34360611,1,1,0,0,0,0,0,0,0,0,0,1,1,0.1127032019,0.1916422316,0.2901779951,0.1408959574,0.0000181172,-0.2066431132,0.2530111961,0.1339978422,0.4102074995,1.0904195163,-0.5933847501,-15.8688932005,15.4436964564,15.8525220298,-14.5406576459,16.300165781,-15.2555666652,-15.2316737699,15.2858646986,14.0902243736
outputCount=11
weightIndex=0,231,871
weights=-0.0118936199,0.0074667773,0.0059909786,0.005050315,0.0056365256,-0.0022927364,0.0051104489,0.0085181128,0.0074596948,-0.0079303478,-0.0002408414,-0.0108202184,-0.0241260463,-0.0067062175,0.0157584883,-0.0020927111,-0.0082240888,-0.0039329258,0.0161558523,0.0186590061,0.2587092239,-0.0055340612,-0.0029883362,0.0069407893,-0.0022166171,-0.0012560161,0.0018798249,0.0103333732,0.0042157889,0.0075172604,-0.0040406428,0.0044351886,0.0000175103,0.009504382,0.0023339947,0.0067658542,0.0152054994,0.0063616214,-0.0043511108,0.0078185728,0.0005278041,0.1685089164,0.0064753021,0.0014009195,-0.0044797813,0.0066077238,-0.0093529589,-0.003278349,0.0084070773,-0.0020608944,-0.0019082836,-0.0159649091,-0.001262232,0.0010561758,0.0270891274,0.011276193,-0.0134269456,0.0024640652,0.0130793084,0.0067778593,0.0020135539,-0.0056171833,0.2806711315,0.0020505209,-0.0113021516,0.0029471595,-0.0026987764,0.0001117565,-0.016174826,-0.0004892879,0.0008722566,0.0016765602,0.0023864209,-0.0178187264,0.004438409,0.0150755918,-0.0045662964,-0.0064706968,-0.0039462043,-0.0029454627,-0.0028014696,0.0026347425,-0.0043497187,0.0458272313,-0.00000116,-0.0000000253,0.0000001585,0.000001837,0.000001519,-0.0000005717,0.0000007939,0.0000000631,-0.0000010461,-0.0000003426,0.0000007904,-0.0000003499,-0.0000003006,-0.0000013135,0.0000015734,0.0000008323,-0.000000484,0.00000099,0.000000796,-0.000000392,0.0000007498,0.0108467753,0.0013778343,-0.0120760697,0.0050074504,0.0060043212,0.002708092,0.0097634439,-0.00323485,-0.0050011987,-0.0074729447,-0.0080292059,0.001577001,0.0060989118,-0.0075624776,0.0058664621,0.0112789827,-0.0046419413,0.0151293457,0.0008440793,-0.0117856781,0.0242092211,0.0166336938,-0.0103173245,0.0143841119,-0.0224559049,0.0088736589,0.013751266,-0.0059389892,-0.0162914482,-0.0057498646,0.0312042992,0.0017416652,-0.0069642319,0.0047326725,-0.0062248381,-0.0087147089,-0.0126409355,-0.0084803441,0.0192300168,-0.0115080695,-0.011488465,0.0935324919,-0.0132740507,0.0251361534,-0.0166309565,0.0161917324,0.0002524405,0.0085171301,-0.0089373302,0.0093423792,-0.0187421608,0.0165222746,0.0128014895,0.005717562,-0.0169915995,0.0052197268,-0.016428977,0.0003900411,-0.0145944809,0.0024315732,-0.0034976028,0.0039331614,0.3011115537,-0.005788526,-0.007190663,0.00073222,-0.0012841676,0.0052137949,-0.0059119162,-0.0065453946,-0.0045817158,0.0073395376,-0.0078232397,0.0033211842,0.009382287,-0.0101811787,0.0019349654,0.0073357793,0.0006232669,0.0158850568,-0.0058870314,-0.0080087089,0.0060700789,0.1201368944,-0.0135824235,0.0060558524,0.0051425079,0.0032197167,-0.005556299,-0.0052829296,-0.0004022378,0.0073791109,0.0198748873,-0.0103635368,0.0021653268,0.015145906,-0.0137759191,0.0066798155,0.0044553147,-0.0043393853,0.0044997714,-0.0244172046,-0.0013484542,-0.0004299353,0.3614475979,0.0137945859,-0.0079212057,-0.0051144444,-0.0066802593,-0.0106202765,0.0072619537,-0.0078215253,-0.0049744249,-0.0139822335,0.004946025,0.0001836519,-0.0181162789,0.0021413824,-0.008701383,0.0035420212,-0.0065194801,-0.0046598563,0.003494276,-0.0046576851,0.0015973377,0.2784406766,-1826917.1259163036,809346.5004108389,-32003.1515048062,6799403.965558006,-620164.3832498104,-1684911.077726487,-7230737.771954529,746625.6780213503,2353567.6913821697,-201597.1783049154,1072590.794608035,-129163.670952298,282238.352747521,-368660.3504605992,536545.6950814081,688824.4587152376,20699.8582571743,1345657.5178488544,-299162.571986895,160153.944891926,-67383.8202366759,4487.4206668322,-1206820.0416687047,-132646.1765823721,21924.1803465579,9829.6146330379,105375.1631356667,119183.7126628117,36691.8252554275,-47990.579123878,-11294.7534384466,-11144.9768778054,3194769.6712343525,-873621.0288471818,-2291917.256746111,-6843272.523284854,-79551.7085704074,6725116.961858948,-2050128.7697867842,-445704.2415105312,1012666.3095263578,1735478.4823274075,-1617827.1909256375,-16547.0835359227,172161.6083275975,61232.5930946372,-25107.1260144606,608712.3774231124,-49081.6191868703,638361.1717207074,835105.525801828,71856.0418429,-387071.9558164737,-948778.9295349632,399035.3432561426,68606.6631179575,-9301.512312495,19588.6343738116,30324.3281193017,-164619.9811623295,120790.5677723372,-131320.8555865059,-78252.7744729679,40634.2405818148,-241851.878599665,-649547.3900024527,1471855.5611546815,-1812994.637104406,2324746.965100423,579758.9976758056,346726.0117209281,-470905.1512961836,-1555690.186136573,442860.3287435495,-261858.3619953904,118497.9721770726,-269372.5480322735,896747.8307732263,74955.3573747164,865779.0507779182,10282.2802955358,-111547.6594448318,316387.0200241294,-704190.3642041282,-1195602.423507378,-420819.3167439727,-236151.4458300107,12128.0040804566,-159165.1190784939,5220.4236405577,-86368.7786328847,-72325.1342219459,-51363.1496713188,7706.2916891868,-95610.9351864719,208520.9188534915,-4626379.308421633,4580041.597959955,-3978709.807232936,-1692236.3060056563,-1798867.1906357377,3348340.0327580497,-3726326.406865522,3194366.0616059615,6819276.988651137,-1385022.9897030857,2165796.1503755627,-90064.0036972322,-397931.0630549622,-126414.8233150403,702825.1034481868,-276411.0763098069,40931.748760538,850326.1844573535,-262938.8854287194,143612.2713149838,978464.323984473,368409.1275156575,-569517.4156976796,185970.1001370646,88428.069159385,-234186.2911450242,18854.0899716066,-37053.1323411227,81432.9505516558,40205.0220369562,-28903.9144952279,-113404.2426861097,4597879.961711541,-8266945.122503141,1073874.7159640347,1910500.1490343567,-3327704.5011555227,-1111282.0824461875,3694993.1362984353,-239357.6170172323,-7991641.104849852,-2291644.2909287824,6086516.904652289,114425.7049198019,-113263.1994927635,266620.2920243734,-42809.810946887,-306317.1836807155,10943.8588140063,-646034.7354740808,-927915.0740635529,-450892.4880746645,-401159.4281465001,613408.844594797,-291014.8258776843,-23791.760855568,-61224.1569824215,8285.0907610588,206337.6272055253,-186442.2975355759,-142852.3766091552,128108.5319449759,-258015.026602845,207700.3266438994,-1420845.6463486003,5056998.129940778,3271623.1170564312,-262360.6708614804,1905658.483302239,-3137891.3235391644,-1572796.651734435,3258317.0017988547,1304079.356495718,-1439369.0858866475,-2083291.3643459661,-211880.7850913598,549248.0703909117,-1591473.9287223027,-814902.4503517847,-766313.182697245,-68965.3008167923,-670395.8740598143,625047.4590440849,1037854.2545537248,-438493.1724722597,-182650.6134854904,528289.0589440161,81903.6077025466,42258.1914888329,-23155.5739081762,-13402.4794338046,-125157.9197414622,-27405.7418307988,74251.3271653932,-77150.7832939459,-168702.5757605454,595265.6110303072,-293528.7263474119,912113.5931346118,666324.8780420818,6388684.378546772,-87615.4886367256,-613222.6451012868,-5230465.189640164,304380.1262355804,852097.4556214809,3858463.062203358,-10538.8027962215,300361.4935891204,669706.0800880783,-676261.2331926253,-631143.6600614465,-36799.7651828473,362433.6316074316,-355115.9503875154,592078.0628020959,-78659.3154914666,336197.3498302734,-243688.29796592,-26224.7129153529,-90169.0000816634,-3452.067732933,369071.9995609396,98035.7135660694,146755.0435720914,-58245.855680435,74395.671788525,-97265.0009946527,1502151.4042874535,-515030.2425178413,860525.1343849265,7109561.459237236,2136186.9951456976,-2522477.442533018,-5684755.759481827,-1979904.0943963241,-1126559.8500393461,2078646.7965127768,-1194004.5969579061,142899.0164622942,-344230.317856599,466665.69024369,477757.4015516465,487177.1933852395,-13302.1149984683,585057.4379429491,1017960.2180803169,-38870.7634589439,178793.4632026353,102578.2881051643,-215666.607855939,11564.4658936116,-133395.9469908275,29907.6118094521,-79192.7057334707,26345.0440974454,-87992.0253742822,66528.3769998088,-83784.8669333572,128876.8705272368,-2194815.1409442616,-2585697.4623812446,-3982901.148287586,-2957485.317730744,1762524.7513938043,63131.4588197743,5385331.710911281,-673339.3674509242,503878.8217238414,-38266.2181909374,4284846.072091937,-6346.3746077357,346437.9068111966,-446938.697257831,91136.5848892894,751564.0651614575,44325.6378872466,1105412.4115046,-172151.6826893026,-449776.9363942326,-103488.847277267,-464480.2659344576,-455436.2957960239,-160684.4012242133,-100870.3389233079,82131.8730218609,-96947.3341580291,201916.701716287,-38621.0552229729,-120829.3595392536,287388.8832597691,-129910.9602115946,3482205.812215938,-2366346.961353355,4346851.364539336,-5464891.215086355,1578966.4878775028,-3744964.3349373117,3702467.0734845228,-1332527.266660895,-2658528.074135251,1050247.2292834183,-2935140.445500523,-24184.8472182184,-592322.0524892837,962570.0185748666,-425566.1910904337,-557238.6837625987,-37563.3883287018,-75862.3343471484,184382.2014871728,315685.8492527834,-389459.4994353893,-701272.5170328469,1201984.301406467,6969.4245964596,-102494.3753285984,-43666.5171434607,-815.843610095,71278.5273607643,141932.095274888,89658.9243171154,137432.3888792478,-94487.0259525734,-3537065.720187527,3767204.6067180135,-6662788.9001265885,-2186016.932434041,1403564.4218228555,5200560.628248483,885876.8854204406,-720891.733100185,4448599.18493219,847191.7876185256,2467918.9666424594,-42762.1499228547,871457.1682337908,29578.9975257361,-875680.1185493304,222059.5320133177,17399.2234755421,-1009971.293115241,86809.0420500756,329523.4584945542,722180.779764982,27238.2930064691,-86168.6405949689,37562.8650561246,-59639.0796492826,-30154.1816045087,16850.5626541666,85552.1291617239,-140368.689150592,-21677.2165407753,92386.2458221941,86046.1329390045,5139169.451739576,2298491.6141210175,-5640745.1034965245,-7499977.063018033,2924355.548173003,4077675.066225527,4181163.309647255,-1313601.313463948,-5318797.31689054,3409047.6293102987,1269403.565732426,-244867.2490085426,1301511.458216361,-1286129.8635039828,797552.6913763394,-2269378.1324454485,-48034.6160304145,541965.3341218113,-1945440.270859929,365021.1981345203,-747968.3675874992,-259511.9366882099,1143252.155693944,-105274.9593118377,-39866.8250500477,145.7933697299,85005.0091413854,7300.2698319648,-72018.0279786407,169376.9790050511,46805.6148004292,-12660.4449167076,-3594136.4443027335,4862292.842556745,-3183413.6997838477,-6002581.821098043,-5235572.226614344,7220103.496185799,-7463181.6018722365,5293949.37385454,3739204.9980698605,-281918.220445611,646618.423712591,130887.522053036,650595.9548663087,-53229.5417973373,451628.4194775575,794401.9715867135,66772.0184124111,399358.3520987817,226284.3228209258,-984966.4804606513,159725.8327726743,268026.1141307541,-388849.9176779704,-34717.6320326357,-210124.4336653944,-132403.2941843818,76745.5714493717,-85087.9446905963,-111561.0480165741,13280.8560725241,-68826.7055601673,217210.5396123273,451.4218692396,1438671.9572400127,-596118.6511966357,-4908484.879318478,-3548149.1603403008,2845027.7804883863,1525996.9546664073,2261633.1960189263,-2291058.541162815,-1590609.7109586317,1362226.78290936,55877.3646199318,1331140.9754521567,60329.6860794083,-389423.8406158955,-146937.8682149837,30163.7748308957,372971.9489180793,-1040567.3807691525,-2155563.0330484663,-987282.3385169789,161485.3538452228,-27734.5656307071,-130051.6382394628,-14746.844224063,-16850.1853224513,58127.0165981311,-902.277218025,-49694.351842523,-43310.6707192991,24538.7550276416,23872.6827988471,-2900876.9793704036,-118495.0239462211,-1890759.195363953,-107011.2193452746,-402845.6449476116,-1824587.5933377915,180165.1449857809,459949.4875834418,6288709.398767764,-33679.3903534189,1039907.6864251187,183739.0844887047,717869.50521665,507699.3398039526,-187675.0729378061,1447493.037291602,66862.406904574,-160944.210831217,-706595.3124496664,13520.5242807664,-67470.6358417003,303821.77563129,-74753.0808919662,-41060.3326933428,-386775.4149622445,3373.4186267613,-48479.642075084,1122.1745618896,5942.3017409521,-1534.1834400721,-18678.683950885,-7208.9896739767,541360.4504667382,2705168.554366865,2939581.6761591877,-6559305.530074217,-2106376.8393945564,4334445.027152977,1175923.30401978,2501654.1087889164,376514.9961375528,-2057722.8991669884,-6753404.303360544,143282.6734465463,-264481.328014015,813946.1108292689,-408964.0754641187,745196.0458213009,78489.4864688699,-664659.856715244,962595.5941251578,-412470.3928228634,11398.0294882916,130380.2860512752,162249.5764139286,-100234.4850213734,-64725.1983768631,240028.4135274943,52127.0306999173,34661.8365287684,65542.86939306,-134943.6955829976,51025.7019778899,33332.8490738444,-1830422.3859052109,1906828.4457693854,-584533.1762225621,2406344.037198171,-375028.2617095833,-3188152.916723866,-810356.4153411905,351253.8075017428,3346188.720361792,-2373708.935960188,2041777.8225486488,-79889.3039107414,559896.7471851788,-936886.7270441138,530385.345351143,1113168.726581728,-32020.6434922958,-676744.4740268022,-677229.188757262,675154.1424950801,-130934.6139204304,229751.2517648416,-687609.1813437282,47758.3928023368,107370.6743956499,20827.9497149319,-10531.5846271147,14545.3470283114,133401.1855739437,149482.2029698222,43019.1698255955,153120.7916734168,-4415118.953970042,-1180661.5550032305,607943.1273182965,6908842.541892987,-754039.7257988084,-10756302.252893705,7068037.659156584,-494584.3328819643,-3768963.8852283205,-1594924.9093243906,4380275.770580611,77818.9109040922,197140.0877519092,195877.4186326566,57380.1978125557,-724707.9560719782,-32179.6628703096,-384080.8491775207,112094.848444715,945343.9188008854,737247.3208749057,369403.6614924088,166034.2854444636,111218.0635288881,-177014.3947382562,-5124.0874545645,-146099.6232101953,-157783.5868499156,56654.1106757895,103568.2842346099,-102173.2365817746,330767.5691565269,-2998724.626491119,-698272.1494867568,4173421.984753809,7127934.3877315745,-722261.0628718914,-2321604.1722546765,-4138463.2692132527,-352840.5130602624,-2643845.7446183884,1726511.789897491,-699123.6412257414,-14482.9722261963,-486628.1296183086,-953159.5837685042,-478701.0780214416,49878.8865672239,-33471.9387645614,-159890.9550372853,974430.2383509522,137869.1578285289,-302963.7431146242,136531.3558467573,151688.4564404414,-43162.5190951743,96645.383464053,-46585.7799658402,-139851.9220129252,-71559.4719980044,31942.8317673219,144307.6702062591,8810.5682919175,-7603.8009425024,-1331355.44270854,1500968.2520713592,-1051018.257263663,4022513.2131814114,-2926853.3258941607,-1925250.464645752,-184921.7835552433,2931170.6038725395,-261820.4976093703,-92752.570135138,-2484962.9627141515,-49628.3518227903,-466486.7324410455,-1042436.7003318025,309296.1643199217,153379.3425276666,4553.10488283,410404.7760574486,574050.7667977822,264523.8660797097,256673.6268628116,787823.7395092619,-1161602.4110908944,95248.7558477256,-41450.5563271879,114754.3232475979,185058.2130875374,35975.7313984666,88350.5716616829,49728.361459238,-56669.7275260634,-68651.7716308992
biasActivation=0,1,1
[BASIC:ACTIVATION]
"org.encog.engine.network.activation.ActivationLinear"
"org.encog.engine.network.activation.ActivationLOG"
"org.encog.engine.network.activation.ActivationLOG"
