encog,BasicNetwork,java,3.3.0,1,1425324909463
[BASIC]
[BASIC:PARAMS]
[BASIC:NETWORK]
beginTraining=0
connectionLimit=0
contextTargetOffset=0,38,0
contextTargetSize=0,14,0
endTraining=2
hasContext=t
inputCount=11
layerCounts=11,15,26
layerFeedCounts=11,14,11
layerContextCount=0,0,14
layerIndex=0,11,26
output=0.1211152132,0.0000518287,-0.0110701395,0.1526494985,0.0000012546,-0.1040881423,0.3177213635,0.3808519002,0.3889445529,0.4565758759,-0.0052815394,-13.2105241518,13.8095237704,13.2288208141,-11.317861042,12.870474443,-11.7350822577,-11.9142139187,12.1562970203,-13.0880644528,10.026505989,-13.9436515661,-13.158122031,-13.4849245065,13.0056625087,1,1,0,0,0,0,0,0,0,0,0,1,1,0.1211152132,0.0000518287,-0.0110701395,0.1526494985,0.0000012546,-0.1040881423,0.3177213635,0.3808519002,0.3889445529,0.4565758759,-0.0052815394,-13.2105241518,13.8095237704,13.2288208141
outputCount=11
weightIndex=0,165,529
weights=0.0116641654,0.0062880046,-0.0012311359,0.0153723792,-0.0119801487,-0.0178695785,-0.0162366182,-0.0091523157,-0.0014157742,0.0099078217,0.0094038892,0.0086071713,-0.0112592632,0.0017877973,0.1923668664,-0.0000006424,-0.0000015913,0.0000004634,-0.0000006321,0.0000021207,0.0000008148,0.000001613,0.0000008395,0.0000000729,0.0000003556,-0.0000012881,-0.0000006032,-0.0000001941,0.0000008405,0.0000012538,-0.0090862532,0.0029333789,0.0117446406,0.0037792878,0.0090179263,0.0041288622,-0.0081908913,0.005600733,-0.0054953814,-0.0142147392,0.0200671778,0.0142899544,0.0206618,0.0063364657,0.2171600165,0.0000383077,0.0016180582,0.0141666847,-0.0047552997,-0.0033992262,0.0145963113,-0.0028026196,0.0038015356,0.0198163698,0.0120495269,0.0058224107,-0.0143279685,-0.012831618,-0.0141231471,0.0668648226,0.0000012232,-0.0000016021,0.0000017373,0.0000002578,-0.0000018616,-0.0000011499,-0.0000015829,0.0000006137,-0.000001317,0.000001682,0.000000776,0.0000011461,0.0000009171,-0.0000001627,0.0000099009,-0.004101149,-0.0018619847,-0.0359745342,0.000372236,0.0257610223,0.0074358597,0.0005149694,0.0024357372,-0.0047917347,-0.0031257479,-0.0008755838,-0.0024045952,-0.0014270331,-0.0065597458,0.0706374017,-0.008841221,0.0109252136,-0.0064655584,0.0017477076,0.0058372146,0.0157069408,0.0149299009,0.0090679964,0.0114144045,0.0214149985,-0.0229380978,-0.0103070823,-0.0083123177,-0.0337183088,0.1378536525,0.0106598233,0.0195171516,0.0747212321,0.000946845,-0.0266631615,0.0076030612,-0.0056771002,0.0092580105,-0.0163235942,-0.0152881647,0.0134692821,0.0710937593,-0.0138905474,-0.0021959027,0.430762576,-0.0094697658,-0.0288799638,-0.0462608534,-0.0207085766,0.0126202313,-0.0086437314,0.0087943702,-0.0096424423,0.0044887817,-0.004557894,-0.0039898567,-0.0654339548,-0.0016425366,0.0011268472,0.1494166199,0.0087819661,-0.0254055892,0.021167033,-0.0199234889,-0.0169530589,0.0049319288,0.0189625049,0.0042220653,-0.0050525651,-0.0084183895,0.0008967986,0.0096149392,-0.0023490218,0.0306251554,0.5959134445,-0.0044766324,0.0164775866,-0.0287305966,0.0222355007,0.0061892119,-0.0148326494,0.0002334446,-0.0153664061,0.0015528625,0.0042030214,-0.0205160602,-0.0023558873,0.0242531903,0.0106127614,0.1257627944,-90631.4006480908,0.2270583349,162799.4848859329,285136.3620444638,0.1835111859,415969.6045072232,-406027.268966849,18270.0202170277,260020.4952640669,-253249.4770452249,52350.0891521723,-3459.5429704486,28847.8116022421,20373.1196462552,43930.9117478494,-92262.8863512247,6326.6477280779,-42778.4879460289,-42202.8771774424,144865.6894768709,-109861.6336769464,-22073.1850917599,-50553.1869190501,-6127.3531993798,18171.0002116853,11804.3289817778,-118226.3939798642,0.660512027,-155354.5096086302,599951.4306358641,-0.3595871819,226727.3337250073,-353804.9396909274,-23829.7784513408,-189056.3255877474,65856.336890234,143099.2825262223,-16563.5514802508,-53769.4328855668,-1798.6191431127,54122.9831873541,-232908.1183320206,44403.5121674031,-37542.4117117291,40520.9443234325,35741.7073989538,-200124.7409868482,-91223.1730033814,13302.3585035592,61401.4753682243,-35203.7919029033,15546.3080574919,-200149.7860765047,-0.9084592653,97439.4092373776,37005.7920771685,-0.3747577495,308567.2699521944,-95224.8242809543,13328.5023887903,-20999.8357956112,-193182.2416984594,201162.4436865989,935.2359077216,-1788.0848033822,25123.9668910361,46508.9013003279,-68780.5539406859,15339.711959751,81862.8348793651,18978.9850806049,74090.9745390929,-193016.6703597985,-24200.4182852018,-27397.7938988472,38326.7726220338,10820.4439337246,-19346.5497662012,-136550.1693963114,0.4430125469,2719.7464366968,342660.9234043494,0.7916949462,-205279.8643379811,-119283.7869568132,-123305.0521368816,-4166.0589270032,121490.3165202151,111518.0166675144,-11419.0906944809,-70796.0314064309,-39354.0624566585,33588.3793541059,58153.9000110322,50435.1428703579,109372.0451840246,72196.3234671647,112036.965063495,-26301.4520071916,5846.3740610831,-60344.2098964951,14291.159846628,16414.1341830565,-9351.3863464106,60412.7197730586,0.2708280406,-115209.2147503674,-332922.252125337,-0.2722849574,356728.2726938496,-241810.9143015529,107559.0225836401,447908.7561019392,84114.5960494354,-41410.5479665645,12478.8524386212,43513.6349017667,-13962.9325078097,-37101.4839978235,132570.1780541729,-7686.9022983084,88288.8701073523,90882.2204461013,-57416.0018992055,146213.6506110916,23142.5837179036,-31147.877503621,22428.4832964659,-1541.7278158261,-3074.8218559141,223244.8941409874,0.5584337511,150054.4296541419,-299513.2938373222,-0.2116174709,-205098.945136815,69516.2554160923,-143775.2848693983,-131747.5362291292,100380.2639229982,-246380.2820126791,-4762.4624867672,-5252.0667887747,-40295.5346189848,2755.7155877412,13534.8221558175,7520.4057856333,158443.7005799538,-39473.4849059859,12011.2210576362,109587.1686527871,-17782.9623601963,-39479.1664958226,-2703.6711607644,1484.8404725816,-318.4529459731,72307.4050433423,0.800048578,-78626.2382172044,-545573.5406527884,0.1242591869,436827.9993704434,86555.2797799278,405564.6121727816,-244037.6863075625,-327863.2767078239,134045.9784129162,-890.0727791551,89836.1812774217,-16214.6657603675,44134.1999627543,32985.9958013532,-90254.8860242762,69170.9023330995,-31967.9675460789,-40630.1354423443,-194314.0135325182,1531.2759213064,53107.8115399626,-9240.749387485,19477.3106780169,7105.3322288462,15998.2373872961,-0.5368332169,17659.6826692853,-725353.475044957,-0.0767571863,-133560.4078949998,218151.664274148,-76994.6882794291,118486.2519742029,42031.6431527267,-42919.5352433323,4155.5509826909,45279.118940264,-37613.0870376139,-21650.7907555524,202903.5989478234,-106352.2480178559,-77048.68849754,-109906.0312113696,-30950.5561874681,78496.4703542382,13205.8669529037,116668.0301161831,5676.9393371231,1869.8823441908,-4291.8615797592,346934.1945285369,-0.2276305645,-251961.594221393,-652709.5389763667,0.0756407224,-188443.127190736,384900.8952440479,-101189.7252641932,231535.6238365701,327940.7685307922,-372346.6668647001,-690.112497752,-28897.846794986,1336.0810449149,-75406.8029162798,109822.1715432714,-44167.306734349,66812.1319463347,150192.750218241,-121301.9362135971,147840.2797515252,34491.0689252933,57143.3428878667,-96357.5920919978,9373.3724627325,-61593.5806469458,275670.1287039415,-0.5765734666,373994.2126447065,22656.3727776696,0.6785111486,-398745.1406921299,250345.3171029608,-216146.3670058915,-277849.5364959401,-86294.8968018474,-264290.8984130921,-8529.9956811953,-23842.1419989552,-25159.7560445888,3517.5783233012,38362.5586170076,143180.3492072039,-40540.0078884754,-82585.7539581604,96699.4453268206,62379.5526508542,11126.0626431877,13709.5344950144,-6658.3997576614,-2445.9291337656,-6651.0721398602,-118012.9798760113,-0.7556262816,-294490.9589782048,69315.2802460946,0.7045302647,68004.8322361406,-496293.4457862189,-140146.5828487252,161024.7361849363,525111.4269188181,114324.8880519611,5154.6624044703,23537.943176931,53845.600657755,-68914.4645610351,-63240.9332816556,-18751.8521041996,11554.5535266329,34872.3919837237,4308.501111485,41134.701009678,-2256.3501271949,14541.3202450519,-34876.3596108613,35978.473555048,18529.9223920641,-95919.8104638964,-0.8691831854,-8033.1246132582,230715.1815767466,0.75005906,387721.0997259088,-342789.193002006,9389.529495789,21003.6604776452,33779.6741495912,25304.4051747541,-2143.463196989,66079.6634624064,22834.1725854385,-22871.2059644941,-49465.1151473061,37865.104316417,-6854.4371188994,130588.0583897833,30187.7524846099,-109850.778788733,-5169.9395124494,-42468.1845019443,-55100.174373984,9373.6728016008,-24038.1602922938,-324486.3632326202,0.1867909648,264692.1240258888,643727.1512627744,-0.923718287,-545766.4537812332,111965.0336132449,-49897.7508919789,408439.1884265767,-142189.0542437574,-133513.2182557171,-7483.4379352841,-23356.4153860089,15124.0987821951,-11645.9734075868,58701.9102172291,66039.5168274596,-92011.0308374652,-80422.5135152009,77066.6745986286,-58861.8931772041,35251.0061471964,-162514.4052373925,-1331.3360486403,7387.2672651023,-964.6236304181,255871.5993577882,0.3434908888,161994.1543254116,-287876.2103930218,-0.7181978157,179841.6835009424,-3514.0495367789,69377.2975843364,87421.381399556,-225920.3019165273,-202730.8075880649,4382.1072306132,84963.7820298833,-7362.9867714757,-45500.6581862984,42817.2150762317,55464.2089247186,-704.8875358701,-20842.7842718991,-74224.3189246815,109950.9988615111,7034.8100877784,-16497.4190546289,3558.3205512081,-11189.3467568811,-8956.4637993668
biasActivation=0,1,1
[BASIC:ACTIVATION]
"org.encog.engine.network.activation.ActivationLinear"
"org.encog.engine.network.activation.ActivationLOG"
"org.encog.engine.network.activation.ActivationLOG"
