encog,BasicNetwork,java,3.3.0,1,1425324832503
[BASIC]
[BASIC:PARAMS]
[BASIC:NETWORK]
beginTraining=0
connectionLimit=0
contextTargetOffset=0,131,0
contextTargetSize=0,29,0
endTraining=2
hasContext=t
inputCount=50
layerCounts=50,30,80
layerFeedCounts=50,29,50
layerContextCount=0,0,29
layerIndex=0,50,80
output=0.0526554445,-0.2539454081,0.3320114173,0.1604562236,0.5541529638,-0.1398288583,0.5651086342,0.2321905059,0.0406107164,0.2925513531,0.0000024697,0.3186851763,0.2843453915,0.1818661044,-0.0110150028,0.0000012163,-0.3067667,-0.3895894796,-0.06810265,0.2435693089,-0.1413922327,0.4534470044,0.093719639,0.4324006606,0.8880737306,-0.0740585629,-0.081224322,0.3773964313,0.0787022125,0.1807347202,-0.0082546946,0.3872768277,0.0884959475,-0.0864791041,0.000004034,0.1628386304,0.2985368598,0.0470555624,-0.1176556767,0.1864773961,0.0989309808,-0.0702040753,-0.1178024464,-0.1710313808,-0.2348844885,-0.1255978129,0.4909795744,0.3674799642,0.5202748654,-0.5291952222,-7.8848092862,10.7366412294,8.3673625384,-9.1324303622,-9.6347908132,-7.9328835465,-9.7423424892,-8.8613567325,6.1170634981,7.4372869023,9.9691204998,9.1374005489,9.3611096842,9.0131963419,-9.5713833464,-10.4214294186,9.1513656863,7.0115243645,-6.4921518141,-8.2089116319,-8.8305400469,-9.3991760698,8.4330926259,10.1792410198,10.4537087386,10.0145945883,8.917802059,-8.0295808066,9.4880224118,1,0,0,1,0,0,0,0,0,0,0,0,0,0,0,0,0,0,0,0,0,0,0,0,0,1,0,0,1,0,0,0,0,0,1,0,0,0,0,0,0,0,0,0,0,0,0,0,0,0,1,1,0.0526554445,-0.2539454081,0.3320114173,0.1604562236,0.5541529638,-0.1398288583,0.5651086342,0.2321905059,0.0406107164,0.2925513531,0.0000024697,0.3186851763,0.2843453915,0.1818661044,-0.0110150028,0.0000012163,-0.3067667,-0.3895894796,-0.06810265,0.2435693089,-0.1413922327,0.4534470044,0.093719639,0.4324006606,0.8880737306,-0.0740585629,-0.081224322,0.3773964313,0.0787022125
outputCount=50
weightIndex=0,1500,3820
weights=##0
##double#3820
   0.000745481,-0.0022231409,-0.0023302729,0.0018202595,-0.0028648539,-0.0043318959,-0.0004090254,0.0053909493,0.0021744341,-0.005755334,-0.0047462461,0.0059103301,-0.000948669,0.0011977786,-0.002408123,0.0000509447,0.0066865057,0.0012073582,-0.0001234717,0.0045432523,0.0038678626,-0.0001239711,0.0048287539,-0.0035470956,0.0011279919,-0.0032248641,-0.0057737326,-0.0068348801,0.0034234614,0.0785669703,0.0073883348,-0.0066023094,0.007515075,-0.0024011054,-0.0014503902,-0.0001422898,0.0046047871,-0.0046099703,-0.0043920021,0.0096857884,-0.0056424064,0.0039389092,-0.007295379,-0.0041767951,-0.0047009566,0.0042904884,-0.0039564171,0.0012123301,0.0044929363,0.0022408456,0.0070367889,0.0008061616,-0.0045712625,-0.0043837609,-0.0011128505,0.0069709477,0.0049029043,0.0054097896,0.0076352249,-0.0427050873,-0.0113069496,-0.0022844096,-0.0039540791,0.0008189411,0.001558324,0.0032761245,0.001331986,0.0051613674,0.0000018037,0.0032285973,0.0050246767,0.0125745944,-0.0059366318,-0.0040948788,-0.0010437627,-0.005360186,0.0007423023,0.0091106584,-0.0068783089,0.0120794138,0.003167922,0.0038368176,-0.0025696198,0.0004691195,0.0044599182,-0.0028917881,-0.0041055325,-0.0151847435,0.0016041672,0.1918478283,0.0036451631,-0.0012787078,-0.0070969963,0.0048934376,0.0012795191,-0.0052076613,-0.0105763523,-0.0061832163,0.0036289502,-0.0011972721,0.0046565453,0.004307016,0.0037272686,-0.001924723,-0.0039615318,-0.0035632261,-0.0045382535,0.0040372871,-0.0010007314,-0.0044637055,0.0030197853,-0.0015553948,-0.0059932918,-0.002091841,-0.002391383,-0.0014456473,0.0005266887,0.0049779502,-0.0103199635,0.155152661,0.0028328312,-0.0072720195,0.0063050268,0.0014843166,0.0034864801,-0.0063655444,0.0058740561,0.0000996671,0.0013040877,0.0019295953,-0.0013254335,-0.0018813731,0.0064051377,0.0068737422,-0.0020643361,0.0020393134,0.0064261978,0.0059883988,0.001875097,0.0075555508,-0.0026989938,-0.0006306779,0.0013208607,0.0082347377,-0.0044805074,0.0015364572,0.0132779911,-0.0077990541,0.0132317471,0.117776926,-0.0051240366,-0.0057933604,-0.0012856704,0.0068807416,0.0080752895,-0.0034880047,0.0025053529,0.0037809138,0.0118721122,-0.0079108391,0.0026809216,-0.0039883422,-0.0051259454,0.0024710478,0.0110509432,-0.001779734,-0.0012104381,-0.0039115852,0.0117848142,-0.0019652718,0.005316194,-0.0073754814,0.0043741933,-0.0042862954,0.0015616027,-0.0068630824,0.0036523886,0.0005516638,0.0021584549,0.2595084112,-0.00257516,0.005842658,-0.0045898386,0.0040936978,0.0019125278,0.0025156263,0.0021957023,-0.0038933697,0.0064653524,0.005198507,0.0084948236,0.0103350141,0.004886258,0.0005497855,-0.0082188411,-0.0076718136,-0.0078817887,0.0085522528,-0.0015381662,0.0064200938,-0.0017735617,0.0029819754,-0.0083189564,-0.0020314061,0.0075041663,0.0023333439,0.0047388404,-0.0052058317,-0.00031285,0.0916653953,-0.0051235602,-0.0105592135,-0.0016028594,0.0013523314,-0.0031090317,0.002399651,-0.0050221247,-0.000876927,-0.0003035112,-0.0066648342,0.0024380388,0.002669188,0.0117731519,0.0040010825,0.0032631678,0.0057048444,0.0000742749,-0.003695129,-0.00195619,0.0008440487,-0.0093520402,-0.0052307601,-0.0014560299,-0.0002657509,0.0006792845,-0.0017854712,-0.0026479894,0.0008766058,0.0035917329,0.1204989241,-0.0023067566,-0.0061558505,-0.0024392032,-0.001586934,-0.0049743981,0.0042608195,0.0011694223,-0.0049607032,-0.0029742576,-0.0114683701,-0.0033890518,-0.0061436181,0.0012219332,-0.0000601192,-0.0003616725,-0.00720804,0.005920571,0.0042416204,-0.001011079,-0.0000393802,-0.0097021662,-0.0028293794,-0.0028382078,-0.0066739277,-0.0056516351,-0.0011221708,0.0012064619,0.0056122089,0.0064360889,0.0840234762,0.0086430902,-0.0045253052,-0.0013663703,-0.010472072,0.0066567694,-0.001600417,-0.0103538144,0.0050898233,0.0071243212,-0.0106966224,0.0070119659,0.0019405909,0.0036892901,-0.0041897565,-0.0032916083,0.0018287513,0.0018407348,-0.0004356606,0.0139647045,-0.0084662337,-0.0065075006,0.0057490275,-0.0016594462,0.0111994307,-0.0044252791,0.0041176302,0.0027522292,0.0020402256,-0.0019234959,0.1789249665,0.0000010235,0.0000016157,0.0000003835,-0.0000004496,0.0000012575,0.0000009697,0.000001723,-0.000000225,0.0000018045,0.0000003253,-0.0000005998,0.0000007444,-0.0000001566,0.0000007647,-0.0000008672,0.0000015403,-0.000000266,-0.0000005521,-0.0000009717,-0.0000015615,-0.0000026856,-0.000000091,-0.0000006064,-0.0000009152,0.0000013229,0.0000007098,-0.0000006116,-0.0000002113,0.000000352,-0.0000349582,0.0015109398,0.0073006738,0.003620472,-0.0011981389,0.004430875,0.0035855788,0.0019029644,-0.0070768434,0.0006026972,-0.0004813434,0.0021125722,0.0000077952,-0.0001336157,0.0039547481,-0.0039277646,-0.0023991361,-0.0018719278,0.0057047518,-0.010464649,0.0095324965,-0.0030930517,0.0004430075,-0.0003777727,0.0023694871,-0.0013325825,-0.0000392034,0.0085910407,-0.006572348,-0.0086246702,0.0298419032,0.0068061114,-0.001400447,0.0006877461,0.0032898282,0.0017647973,0.0042769513,0.0080753742,-0.0033240261,0.0020185308,-0.0024890708,0.0070351172,-0.004715246,0.000392867,-0.0103060119,-0.0129111712,-0.0123285335,0.0048370396,-0.0013958088,-0.0075281899,0.0071960225,-0.0070035778,-0.0008644083,0.0008510143,-0.0018842664,-0.003575889,0.001361762,0.0066179651,0.0019361057,0.0078019764,0.1177540188,0.0083157422,0.0018873394,0.0020422826,0.0008049919,-0.0012293217,-0.0016604149,-0.0047153368,-0.0053466869,-0.0060928017,-0.0080834824,0.0075229326,0.0027955113,-0.0054391215,-0.0035745369,-0.0021663829,0.0045766909,0.0008052012,0.0024034705,-0.0006093057,-0.0045070668,-0.0020947957,-0.0096694561,0.0004735341,0.0071790945,0.0006049194,0.0015165121,-0.0016729418,-0.0012269902,-0.0112528891,0.0447379305,-0.0004197151,-0.0124945376,-0.0026820393,-0.0026116843,-0.0056630034,0.0093158845,0.0086306979,0.0007047953,-0.0082400812,0.0048541713,-0.0029851285,-0.0063752421,-0.0036804035,-0.0049742283,0.0041273793,-0.0067023184,0.0048922962,0.0014352631,-0.0003539592,-0.0067282932,-0.0085019854,-0.0013855003,0.0041069724,-0.0171849068,0.0127587269,0.0021994713,0.0081930069,0.0041639517,-0.0082937084,0.2028329104,-0.0000000896,0.0000013634,-0.000000057,-0.0000023281,0.0000002805,-0.000000982,0.0000019936,-0.0000008896,-0.000001618,-0.0000002396,-0.0000023161,0.000001806,-0.0000001606,0.0000007642,-0.0000019371,0.0000013369,-0.0000005066,0.0000005081,-0.0000014288,0.0000002825,-0.00000163,-0.0000006618,-0.0000020179,-0.0000013215,0.0000016913,0.0000026273,-0.0000013545,0.0000019824,0.0000016041,-0.0000474319,0.0075917096,-0.0021984731,-0.0090462875,0.0098448091,0.0083737546,0.0027444143,-0.001231517,0.0072857785,0.0006826139,0.0057112474,0.0054920638,-0.0136486155,0.0018126179,-0.0024949884,-0.0083957193,0.0058607627,0.0051651929,-0.0096904521,-0.0067944667,0.003389973,-0.0001740096,0.0007616679,0.0009669091,0.008457551,-0.0000408767,0.0007779488,-0.0119522734,0.0107921272,0.0044389342,0.1663949877,0.0015105964,-0.0037884786,0.0021782169,0.0065014784,-0.0037506196,0.0009581014,0.0102134751,-0.0036625388,0.004721324,-0.0009871208,-0.0074263925,0.0025124749,0.0001744793,-0.0105672415,0.00373794,0.0107266251,0.0001900122,-0.0045483789,0.0067287987,0.0040696643,0.0013150579,-0.0037520529,-0.0027688443,-0.004193277,-0.0044411802,0.0012759846,0.0041138964,-0.0030725402,0.0013428939,0.1225443324,-0.0030291843,-0.0022144124,-0.003977629,-0.0041117192,-0.002860156,0.0061514152,-0.000114601,-0.0033074342,-0.0076200864,-0.0097805751,-0.0030831337,-0.006730175,0.0008700584,0.0002890588,-0.0011101707,-0.0034135892,0.0026860021,0.0007483335,-0.001258854,-0.0043346633,-0.0093025067,-0.0008471841,-0.0048149307,-0.0049387596,-0.0052679549,-0.0063070064,0.0039221018,0.0060015287,0.0047846625,0.0862061131,0.0078667196,0.0044063438,0.0013994795,0.0143424564,-0.0030643106,0.0014437478,0.000238269,0.0073663012,-0.0021261167,-0.003411105,0.0086681028,-0.0002536286,-0.0041122557,-0.0001345199,-0.0065233589,-0.0035363783,0.0009646488,-0.0005434368,-0.0016627316,-0.0030922911,-0.0037607579,-0.0089993381,0.0086957,0.00217905,-0.0029639302,0.0029619566,-0.0034612715,-0.0030725554,-0.0009868667,0.084155148,0.0047793408,-0.0031680742,-0.0011069881,0.0002265527,0.0023028813,0.0042746203,0.0008013602,-0.0066904613,0.000971563,0.0035377756,0.0043826522,0.001453642,0.0027600852,0.0080295222,0.0075623598,0.0027220589,0.0005523344,-0.0061210815,0.0026148704,-0.0017144038,-0.0043717138,0.0005591791,-0.0018749764,-0.0043596845,0.0011107147,-0.0156214198,-0.0067734519,0.0002014647,0.0042787376,0.093432916,-0.0093254154,0.0057593055,0.0021591868,0.0011363814,-0.0045489995,-0.0014606029,-0.0023452017,-0.0012206591,0.0026045929,0.0048049052,-0.0001421447,0.0046861684,0.0002595658,0.0042876038,-0.0004680177,0.0000033133,0.0068145634,-0.0017563687,-0.0049514513,-0.0027330335,-0.002200553,0.0015910468,0.0028962486,-0.0019251522,-0.0057540432,0.0004852509,-0.0023013445,0.0020715159,0.0027571926,0.035077164,-0.0003634703,0.0002242984,-0.0059742706,-0.0041541831,0.000030659,0.0043083828,0.0033520838,0.0042286433,0.0055482125,-0.0028512358,-0.0001301587,0.0028631933,-0.0019124403,0.0078737643,0.007486261,-0.0050635801,0.0062377302,-0.0049104643,0.0074349744,0.001821632,0.0010346636,0.0019921262,0.0069756717,0.0030474089,0.0006423673,0.001711773,0.0058761181,0.0072473913,-0.0045580252,0.1370827617,-0.0022967966,0.0106745579,0.0050791794,0.0001014737,0.0046341015,-0.0028537745,-0.0025195244,-0.0154342294,-0.0082568085,0.002100528,-0.0031759323,-0.0072309427,-0.0091794487,0.0072484415,0.0037459738,-0.0074009341,0.0151035695,-0.0024222827,-0.0082805857,0.0008070045,-0.0129323847,-0.003845484,0.0003075027,-0.008673674,-0.006321816,-0.0078927688,0.0020526604,0.0000669956,0.0053911753,0.0739432348,-0.0207494136,0.0031335817,-0.0049966693,-0.0042357914,-0.0051188683,0.0074092238,-0.004154602,0.000152839,-0.0050343852,0.0047039648,0.0074643484,0.0114587285,0.0006573681,-0.0041196242,-0.00108822,-0.0044265101,0.0033823069,0.0080848203,-0.0084064775,0.0022274385,-0.0091761672,0.0000752767,-0.0115822762,0.0056001049,-0.0118762735,0.0048466604,0.0037816012,-0.0097058179,0.0032747053,0.2247140375,-0.0094563673,0.0004324272,-0.000234636,-0.0012817101,0.0068252986,0.0009535642,0.0019127904,-0.0041342925,0.0015429305,0.0025002034,-0.0058685389,-0.0071843652,-0.0010986429,0.001098285,-0.0071141267,0.0089643221,-0.0011945586,-0.0008361863,0.0027583397,-0.0057382014,0.0053770392,0.0040571517,0.0024117864,0.0062110097,0.0050637632,0.0002599482,-0.0109366295,0.0022390848,0.0005213096,0.0588285623,-0.0029707795,-0.0030523944,-0.0048223031,-0.0037286509,0.0035707887,0.0004640389,0.0022416235,-0.005665639,-0.0013816575,0.0027681695,-0.0029584624,-0.0035641305,-0.0022309475,0.0012850208,-0.00469939,0.0056536015,0.0004333495,-0.0041310742,-0.0031937954,-0.0035537007,0.0070331991,-0.000911421,0.0007234848,0.0026342501,0.000743955,0.0003585724,-0.0061367985,-0.0041267778,-0.0007014359,0.0299008091,-0.006339062,0.0055145957,0.0060358134,0.0068299492,0.0022174497,0.0043268456,-0.0114662217,0.0036221952,0.001606126,0.0169238199,-0.0102410994,0.0153613647,0.0000280226,-0.0003871672,-0.001756759,0.0000627706,0.0005843371,0.0066337758,-0.0030191268,-0.0093856178,0.006534114,-0.0005106517,-0.0024328933,-0.0065874665,-0.004633999,0.005472991,-0.0030242332,0.0025964602,0.0024069767,0.0798402107,0.0011325952,0.0056637989,0.0024141847,-0.0047891594,-0.0059987431,-0.0003329319,0.0024370371,-0.0002331237,0.0003736705,-0.003647162,0.0014276311,-0.0069708943,-0.0009599496,0.0053816316,0.0132258718,-0.009757368,-0.0030677275,-0.0027093204,0.0016263706,-0.0009713776,0.0199049258,0.0061309418,0.0009158565,0.0032422189,0.0037547565,0.0046722137,0.0059754781,0.0059622981,0.004741323,0.0896963895,0.0074939034,-0.0000823107,0.01116255,0.0083495785,-0.0100819121,-0.0044859632,0.0059166124,-0.0027760662,-0.0013515621,-0.0071764272,0.0029450415,-0.0026081158,-0.0050799894,-0.0082772951,0.0032787671,-0.008490315,-0.012438135,-0.0026964397,0.0031569936,-0.0086186837,0.0114190022,-0.0023551512,0.0077258089,0.0061906451,0.0001248919,0.0159083736,-0.0060706452,0.0036511095,0.0121254586,0.0858427794,0.0152296755,0.0044973937,-0.0026401222,-0.0065021048,-0.0008305329,0.0033675154,-0.0013404153,0.0147402242,-0.0009669789,0.0027383641,0.0026551639,0.0040081945,0.0083100545,0.0042932296,0.0049064097,0.0134780939,0.0172433655,-0.0028582166,0.0010317868,0.0092441507,0.0007891102,0.0152562617,-0.0064180323,-0.0017747,0.0060599818,0.002100607,0.0003755475,0.0075758099,0.0066005989,0.2337594921,0.0047863503,0.004845688,-0.0027589863,-0.0006407257,0.0024118015,-0.0027516501,-0.0066705854,-0.0076089283,-0.0021026041,0.0062349978,0.0008775099,0.0018612857,0.0030476276,0.0039968763,0.007494887,-0.0148356162,-0.0035036145,0.0040187484,0.01020741,-0.0032953051,0.0026695522,-0.0047992231,-0.0053053898,-0.0034143558,0.0031196324,-0.0006617174,-0.0074065064,-0.0066737415,0.0053058986,0.0897280982,0.0032888089,0.0026065758,0.0009861315,-0.0075902377,-0.0006688441,-0.0114322693,0.0035443971,0.0134623111,-0.0036458716,0.0025532455,-0.0004988164,-0.0100224405,0.0116541756,0.0017564042,-0.0049981327,0.0038874719,-0.0004113365,-0.0009906627,0.0019653185,0.0022707529,-0.0096511917,0.0100831883,-0.0069554657,0.0042303582,0.0041849131,0.001339462,-0.0014190153,0.0062714227,-0.0039177762,0.1434487597,0.0017637932,-0.004610424,0.0021990202,0.0060861405,0.0018798087,0.0101464945,-0.008669129,0.0006818336,-0.0047242063,0.002148344,-0.0004156606,0.0039979335,0.009837824,0.0019934199,0.0095214656,-0.0077111967,-0.0020450613,-0.0049057787,-0.0043175671,-0.0001112448,0.0085731526,0.005342563,0.001315219,0.0072310599,-0.0039377047,-0.0063090001,-0.0080448174,0.0013366792,-0.0000971172,0.1686759973,0.0000005045,-0.0000008462,-0.0000003636,-0.0000025767,-0.0000007719,0.0000001763,0.0000016026,-0.0000008083,-0.0000005021,0.0000003964,0.0000012536,0.0000011427,-0.0000013669,-0.0000012839,-0.0000000971,0.0000001566,0.0000006101,0.0000006175,-0.0000009912,0.0000006099,-0.0000014263,-0.0000000318,-0.0000016211,0.0000005268,0.0000007887,0.0000001582,-0.0000001455,-0.0000009015,0.0000000479,-0.0000308789,-0.0029765108,0.0021227153,-0.0028764975,-0.0026522821,0.0040672168,-0.0016101528,0.0034975595,0.0000170092,-0.0014438889,0.0023072865,0.0044094207,0.0046815446,-0.0031240679,-0.0021269559,0.0016985626,0.0004817937,-0.0012445984,0.0024247384,0.0039481981,0.0000699361,-0.0054095149,0.002277854,-0.0024417692,0.0042847186,0.0048210131,0.0006880186,0.0003617475,-0.0032469697,0.001806192,0.0191853446,0.0076706978,-0.0064612745,0.0014220414,-0.0003147179,0.0030394937,-0.0019813825,-0.0092314863,-0.0046952606,0.0064551543,0.0065479385,-0.0032365259,0.0061348853,0.0035415153,-0.0066960264,-0.0029833591,0.0031173943,-0.0053284362,0.0064553502,0.000122534,-0.0110280629,0.0047987878,-0.0044150739,-0.0084823161,-0.0027038598,0.004129433,0.0040047339,0.0082442158,-0.0003217877,-0.0047574821,0.1142606181,-0.0013146851,0.0003757509,0.0038894282,0.009548653,-0.0004308199,0.000126402,0.005889101,0.0012508443,-0.0011517443,-0.0083084859,0.0090877952,-0.0056135613,-0.0042039753,0.0077798182,0.0059964797,0.0005707059,-0.0032910593,0.0081589002,-0.0003975933,-0.0061559124,0.0076231928,-0.0010137948,0.004461563,0.0025008559,0.0066597646,-0.00102928,-0.0002512841,0.0024979503,-0.0023088157,0.1141283414,-0.0024946352,0.0160899781,0.001391151,0.0005716216,0.0014127483,0.0019093952,-0.0046855004,-0.0024838658,0.0037921838,-0.0051224754,-0.0099612663,-0.0008861856,-0.007068003,-0.0038967393,-0.0009549716,0.0050567007,-0.009437444,-0.0058382263,0.0029720879,0.0089541313,-0.0036043936,0.0054861879,0.0041957309,0.0023715643,0.0022130375,0.0024785892,0.0090690476,0.003443661,-0.0065888255,0.0533956137,0.0035611229,-0.0004042014,0.0029004093,-0.0041984353,0.0048902826,-0.0007079288,0.0009812164,0.0040433963,0.0013842069,0.0007809969,0.0065377217,0.0000970184,0.0062978512,0.0033025868,0.0009453391,0.0029748708,0.0034180848,0.0039746724,0.0015904086,0.0016743551,-0.0040657096,0.0070541098,-0.0007795208,0.0006612131,-0.0025257512,0.0026353446,0.0021265261,-0.0025937982,0.0015413262,0.0549278142,-0.0021041042,-0.0067260254,-0.0001131325,-0.0030285229,-0.0021941735,-0.003159347,0.0062043994,0.0065607519,0.0002711063,-0.0038752051,-0.0037507596,0.0015675797,0.002187644,0.0031078518,-0.0000336506,-0.0064273331,-0.0019107979,-0.0067393215,0.0013836556,-0.0057477989,-0.0063621146,0.0012224963,0.0022250977,0.0003746204,0.0051903545,0.0004454206,0.0001952215,0.0004111053,-0.0089334212,0.1215321697,0.0028999292,0.0020443376,-0.0009512091,-0.0006584609,0.0019800944,-0.0045987746,-0.0035916984,0.0016694164,-0.0022184674,-0.0072098492,-0.0043350573,0.0034199493,-0.0060985247,0.0037286814,-0.0016177964,0.0022963619,0.0017925808,0.0028581542,-0.0043251779,0.007882481,0.004829319,0.0038504617,0.0060404606,-0.0023123874,-0.0023565741,-0.0006839758,-0.0026560769,-0.0081255074,-0.0040181775,0.0858124112,-0.0012193804,-0.0069913249,0.0033322519,0.0066341113,-0.0049859737,-0.0031776716,0.0050227145,-0.0025633119,0.0020496582,0.0032483695,-0.0024951798,0.0002308065,-0.0045575703,0.0015753104,-0.0041911801,0.0005086304,-0.0009958679,-0.001730619,0.003924931,0.005582976,0.0032262692,0.0009900703,-0.0032652134,0.001156165,-0.0047112893,-0.0021141367,0.0020897364,-0.0005230038,0.0020923757,0.0868973646,-0.0008697129,0.0098421262,-0.0051548974,0.0011076817,-0.0070547362,-0.0072508302,-0.0019058917,0.0032104119,-0.0057290774,0.0007162511,-0.0063391334,-0.0164474684,-0.0044681799,-0.004082096,0.0038784227,-0.0003658139,-0.0046111004,-0.0055694215,-0.0082586944,0.0179970849,-0.0084789116,-0.0062753041,-0.0034252575,-0.0060376679,0.0070517631,0.0078636554,0.0036353868,0.0064372033,-0.0204375436,0.2017765519,0.0018825407,-0.0037101868,-0.0037131325,-0.0011658008,0.0102719637,-0.0047365368,0.0101112239,-0.0038256018,0.0032126392,0.0015407623,0.0089279665,-0.0114289033,-0.0096444694,-0.0005014913,-0.0016970519,0.0020192285,-0.0026687846,-0.0058835975,0.0028830859,-0.010912339,0.014401174,-0.0018421276,0.0003253073,-0.0005106905,-0.0045382871,-0.0030246204,-0.0053381752,-0.0026303725,0.0083295561,0.1824468782,0.0111076112,-0.0059988159,-0.0050904104,-0.0065269366,-0.0084856748,-0.003578484,-0.007907906,-0.0054986942,0.0008687129,-0.0077081449,-0.0003401322,0.0008779266,0.0008488031,-0.007471721,-0.0005338568,-0.0001621261,0.0016223075,0.0012275445,0.002213363,-0.0039102446,0.0135788725,0.0068319623,-0.0007304127,0.0036550651,-0.0044258657,-0.0067169463,-0.0079596816,-0.0056080544,-0.0069524588,0.1907926146,-0.0024314892,-0.0065544379,0.0037539077,-0.0004758165,-0.0019031151,-0.0107745111,0.0024420578,0.0031924137,-0.0019111614,-0.0001099082,-0.0070239704,-0.0024233507,0.0080096624,0.0009192265,-0.0020531621,-0.0033397331,-0.0017772619,-0.0019390471,-0.0034654116,-0.0024853678,-0.006538011,-0.0037917345,0.0017916172,0.0049228548,0.0077452593,0.0004067109,0.0044527466,-0.0094129704,-0.0016732901,0.0655616311,-0.0003514204,-0.003626374,0.0027194402,-0.0011517811,0.0032404972,-0.0026762488,0.0014375652,-0.0022619086,0.004174016,-0.0004015253,-0.003485582,-0.0011906572,0.0028070801,0.0020142933,0.0023505142,0.0008479635,0.001879443,0.0042934524,-0.0035539315,-0.0013838833,-0.0051719173,-0.0007257665,-0.0000390787,0.0053858684,0.0060549772,0.0023880374,0.0038927373,-0.0069902163,0.0078088085,-0.0565612299,-0.0150644512,0.0046143083,-0.0073479143,-0.0044742126,-0.0083208464,0.007659006,-0.004422553,-0.0054633459,-0.0132188237,0.0033949547,0.006342257,-0.004734336,-0.0039014617,0.0091612764,-0.0052136005,0.0115536653,0.0065891212,0.0031612387,-0.0005472669,-0.0078321127,0.0018857202,-0.0135131417,0.0050534911,-0.0018055258,-0.0094670854,0.0054245109,-0.0077625955,-0.0000434723,-0.0033073988,0.1817522081,-0.0093642864,0.0068065981,-0.0015459046,0.0029842224,0.0051265314,-0.0007972009,0.0011813302,0.0066868865,0.0070499566,-0.0048232476,-0.018731428,0.0001059781,0.0054407615,-0.0143468067,0.0069770821,0.0098444533,-0.009807525,0.0013486515,-0.0018519317,-0.0016734874,-0.0078316571,0.0068937552,-0.00299999,0.003230869,-0.0001544019,0.0009490415,-0.0099190042,0.0093123781,-0.0034653956,0.134981878,16862.8443843105,1834.1996591211,4726.3038300825,-4599.8459266689,3531.6357456076,-2783.3809661591,497.9332391507,0.6057719781,-0.5113803869,0.9669756058,-0.5063364014,1589.1400069863,5042.4271397158,-4677.3125397312,0.9965508892,-0.7116120545,6.1620121482,-14048.6481529973,0.3599218455,-1404.9538883135,21767.9081575502,-519.1596046191,-37752.0730006458,18712.2740135789,1.1188279048,602.9707127375,-72.6356146949,-10.4202544076,-4930.2207046402,13661.2618315779,0.9292505213,0.0721603898,0.3424057941,-4.0460547848,-0.813342594,-116.1482057793,-52.7961387854,5932.3189415875,-2302.8664599666,0.8091118766,-3073.3413572433,22702.5141753385,21922.5920070069,-10.6367865537,1331.4658590823,-6758.5158534398,72.3985012011,12.2506176572,-2970.5484511607,-1.1279814562,0.7632454725,-4783.0266690268,-413.0117016488,-2144.7608660418,-618.038172872,-25.0582563035,6784.5237310738,-2680.0714952942,6075.4822744137,-5045.6388411462,-2934.5217588625,1064.342008681,-2979.8217443473,-3294.9299388769,9239.1238027885,-1682.0050379078,230.8498383529,-5429.6436426642,-2457.7711471238,9453.1436176942,8373.7243105479,858.6446796144,11.4672092873,6103.3636722636,795.5223095148,-1971.8303143845,3850.7488257305,-2242.5991075203,-395.8388526967,-1.2300298025,-2393.8939903307,-1363.6125957025,-6549.9845955884,3.0969747806,-2223.3242597148,0.6499931362,6954.7884506038,-1948.9254646869,-0.4175796105,-0.2798979912,-0.9801849639,112.3900241829,25927.2070443971,-0.762401005,-3.9736723177,0.3672258018,26026.0781461027,0.4550583533,-0.7627181582,16075.1019184854,-12891.5718462532,8176.7878280735,-1008.908859633,-285.2720665661,1.3029156151,-8290.0571582624,-0.010339888,18794.9667019872,-11.7618635438,0.7020437459,434.4670086234,0.4781909801,3575.0278001912,-1581.5326818161,-0.3666117259,-9755.5795181245,-0.5967010295,0.5155249183,-4040.2613906156,0.4278469144,1.6806490068,-7649.0978989967,-3735.2677481347,0.2678701525,-0.2976731586,-2661.8301771407,0.1264819556,0.5249253327,-2717.1236137682,24583.2341469321,0.1474951347,1389.3073448778,13648.7377303943,0.6628698551,-3323.5161029538,1876.808919903,-1626.612123541,5.0679245979,-18.5757009429,-33.5715077207,3420.9228616564,-2669.7172631977,-1176.1494490945,4236.6192610172,3106.785697594,-2142.8938736326,4503.4340190778,-1375.9189892824,-720.8265494141,810.8451652901,-6688.8774617908,-5021.1364005844,2251.1066949162,44.4407817275,-10007.2541124162,-750.3044004372,6700.0165242073,9070.6878981221,9304.2557800554,-471.0798512877,4536.4393273418,-2401.4209485723,-0.0419308794,-2.8783847163,-0.2760257261,-0.1286700129,-8897.6134675998,-10.8303016736,-27124.2510751034,0.5388475931,-0.4542917279,-0.1906861596,-8531.7846565829,-861.8252585644,-581.3037981333,0.4361015433,-0.558373024,0.601021083,-27124.054204986,-0.16231611,-0.6628195737,20171.7267215398,-10965.8421853515,2363.8341617418,20.3410787629,-0.6431828392,0.2739974247,5587.8980952377,-4061.0125136051,-1.3562993947,0.3482899297,-3392.9675904369,3592.6155518249,-0.9721843788,-0.2338564511,-8104.5353451764,-697.9309992802,-2.4685782666,0.3304690436,483.9657560294,-1976.5516432129,21811.1509075119,1.004337778,13666.0447446432,-0.3608679255,-0.4028968677,0.2033689797,-2.8810149682,2344.3657272215,0.1719331778,0.7120987072,2475.0113677049,6435.6906506115,-1122.614951904,-6.1636706732,3523.4714319321,1.2043870871,2479.2784673201,-346.2316115378,-2626.3343694263,1995.5149645458,40.3046995095,442.9656361035,26261.3536256916,-4915.6744367253,2.3655179561,3.2966185858,5467.6849124425,-7086.0195089853,-1173.7179938818,-2384.8299049644,2217.6942401936,-15994.1322141366,-13169.0597253488,2989.8458957197,-9231.597010807,-10987.1024694516,3341.1703143637,-2159.2786049259,21666.0534918065,53.315524515,-0.0221718338,-934.6608548002,4007.5470146919,-2448.8427522682,-546.4129706618,-1910.9673658633,-6042.0687144725,2818.8691137039,-0.3361958081,-0.5424306606,-2.8099858068,0.9610044857,0.2154567893,5690.7015395146,0.1767554321,-0.2804403057,-0.5979928261,2818.7119921321,-7.0733738405,137.7209723207,-0.0399712136,-3993.1522704872,1150.7711761858,-8.4794859521,15624.0899457488,17670.090552967,-0.8677284914,-10360.1091855352,0.4775853715,-0.6133181156,-50.9194236528,623.1554614688,0.9407016479,-0.2707575854,7977.9248553088,-2957.0807874226,1.7469253336,0.6697717262,3462.817127183,-0.6580406039,0.681308183,-1.0767874792,-0.0991726065,-1.1640392198,-0.8080237484,-1.2278474518,-17570.016174343,0.3917886497,0.4390030776,0.468929396,0.6324812714,-5396.016031295,-1255.4632178543,2866.1036077954,-6852.5404612158,-4574.5804575413,-1621.1045250517,-5582.9651739564,-14939.9685922877,-9268.6914909406,0.5122222037,-4.0462863924,848.6465993097,849.2784168163,-3148.1872506997,-1931.3781156579,3773.8451055226,401.309942417,-5257.0752997333,-6310.2378881103,6524.8407342726,14173.7128491911,-1851.1190904926,7172.4004100607,-3650.0437620861,9017.24689453,-5472.3539315213,-1675.8290311306,-8851.1269709919,6695.069378967,-2.9787690797,1468.5082970652,-0.9749934879,0.1850240312,0.723830921,2539.5295210334,-0.6525677722,3879.093083173,-0.1022759967,-0.7572520088,-14551.0910692567,122.7660427807,26202.1269158836,0.1870713214,-0.8553738524,-0.6362286358,-909.0327643992,3880.1299893712,26554.0786195198,1.0920274136,-15549.6102018276,-27433.3911193871,-3423.5319528674,-1691.3089829129,1.1912371412,-298.6022600518,-5632.7759656491,-2270.8164267234,5927.7952304572,-2334.9350363371,18.8361158309,-0.7491649893,-12687.1235007988,0.0644450498,221.3155086958,-1.0094626809,10818.0999379213,-11553.8724425308,0.8073368242,0.905447671,-7537.8110709488,-3.9615800274,-664.0642717414,1220.8757927129,-4.3649203611,21.3332361289,-310.7776400463,2617.1504442286,18.0768849754,-0.0724667813,4217.8664398625,5782.0069222737,-4217.7236986611,353.7561254751,-7164.175148433,-3837.5937350724,5.4025210334,-373.0147923807,-976.8359566938,14308.1972209058,-4050.5144425485,1028.2607650919,-55.3898518104,-12064.0338828859,-2356.140278101,-2516.6396342569,-3250.894026853,-56.9218007563,-2033.3069676365,-4520.8956689264,1697.2694595471,-12048.3312063783,-1478.979410794,-1653.8413623718,6070.7710360424,-3620.8235915037,13912.1986505081,-62.3529166905,4390.0938059929,49.8848872837,-0.3343156398,1.3225766795,51.4945004294,0.5754951594,3270.2145241379,-2392.6613873861,1750.5658416698,0.3238086479,7779.3898667652,0.1347032599,0.7307419989,-1931.3561199398,-3.2432071893,-23.0174711771,0.2065395588,0.0207997164,-0.1131940175,-0.1793931414,-4998.0992005217,21670.6331584802,0.6265290583,6388.6673851903,0.2817482586,-0.6844514474,0.7740515165,1.0227919636,0.8050384228,-5316.502845217,-8421.5339528626,7610.4555104958,-2068.8959619012,-0.357555193,-5024.574724919,0.3009552435,2939.2035920632,452.0786267307,-2945.9611047057,640.6406793993,79.0722090732,-2948.5394438564,-1995.8119953685,-6169.0982789859,0.6709993252,1045.1786876662,1.4363131494,-0.8077124068,-198.7403802595,-1.6127998931,-668.2111707697,-0.6986896964,8371.8583678694,2602.2493675722,-1736.1957960801,-1667.8505715384,0.0637244262,-7784.4920421228,7091.9139995722,-4009.8452576824,-9533.7080098851,-568.1912148017,-67.5892723704,121.9805305457,2475.5269811873,-5235.8472562997,-3048.7825221138,5734.606070635,3121.6219241669,-0.6907526997,12948.6065762377,634.6898664212,-15.8456088432,-553.7438958434,5196.5770369975,3775.4438676107,1088.4666640636,3619.3228500788,-2747.4852127284,2977.20339431,-3824.8809812906,-0.2795233746,-5754.8693634875,-1519.1366815917,-6530.5818739705,0.5872616743,-1361.8160720392,12.8750897728,0.2370756621,-0.6006974386,-0.6793432764,-0.7798237085,5114.2422025901,-9.9814303786,2.835515711,0.2090688196,0.6056019264,-11689.7452366226,-13236.1474207511,0.6457788837,0.4428631759,-7771.6110173007,0.6835355097,-2767.0895316323,2.3679799722,0.1874469613,12634.0891762147,6851.3581044062,-23.8156704976,0.6154292766,-0.6787618881,-4.1598959922,8136.7806148376,256.5006791409,0.6166143834,-0.970775928,7140.7771695214,0.8200799766,1200.6384360113,13.4340310702,1.1192241597,0.9941382862,9206.0718944201,-7369.9876911347,-0.5943876535,0.8620586873,0.0576318633,-0.1307144429,0.9985852522,-0.2768603106,-2802.8947751305,-0.4769794782,81.750000073,7339.8737447323,-14421.9076872957,-6979.8120834952,-4299.1971773037,-12260.731535256,2213.6926427481,-6908.2659787927,0.8187481079,10989.1285306383,4556.1636906413,7285.3717775259,1938.6935755775,3.1144913722,-382.0865184236,-5198.0302097665,-14135.2210618954
   -10789.6777533758,471.8473760264,-3.8147297647,-15750.7800947275,-9263.5248375303,-6149.2283803972,4312.3549978813,1475.3918610604,-3311.9125842761,8073.9277843209,7176.4931571468,3873.6110295992,374.4448414852,-10392.3932121236,-0.7108329819,115.1455769815,-103.7684489677,116.6745586811,-6.8134678624,-0.5799898439,660.148112566,0.4108867083,-0.282428729,-1.4591351296,0.108894434,192.5442626919,2246.7061926896,-0.2549295119,-4192.576441575,-13803.4458438293,659.6403538567,-15298.984026633,-6258.7477854903,9958.8152407892,-1857.2278898554,1410.3348265523,0.3908516983,1.619838027,81.0117495683,-27.3606217435,7410.0124701799,0.8834854045,-3123.6530121957,776.7188393634,-0.8972537005,7.8486079534,-0.2775127193,-1245.6424621198,7117.4864069805,0.3886600394,0.9218593096,-201.6061628764,-0.5073384133,-76.2501893225,-28265.2149862244,-199.9877497796,-0.3719803875,9985.9824630512,-0.2862427613,9343.8536116593,-7047.7013166409,642.7313823089,-0.8725977512,266.3995989086,-1629.5810634894,-2635.5404825486,-11097.2056500752,-14305.248664642,-5014.3927228882,-0.5714783894,-3230.15495512,-1039.3811607804,12234.8178209304,3.6844216016,-2945.7549248731,9083.2349415647,21.4477562148,-8.9808049228,-3012.5809595236,-19143.1844350075,6024.4231941744,226.8735137261,2072.0268781841,7094.9200098589,-10388.2056454507,-2227.2269880559,-2004.9880125803,-22.1994478908,-3362.3105280291,12266.4033271857,125.1201116963,3926.8915175466,-0.675200452,0.4298360355,3282.5686678286,-8.4547938292,0.9484387673,-0.5571226551,4060.5585581235,-670.9243952482,-4004.47923456,0.7253925999,-0.6713189099,1465.3772958155,-1.0837182858,-0.7569486742,-1738.1234385518,0.6723362741,-0.1330920748,38.722753908,-4005.4854919062,0.3688873999,0.8355153392,-4676.947280422,-17815.2406251862,0.2281809816,-0.4221914682,6324.4769454291,9153.9630558347,-2.9459827445,-7469.7956335361,-0.7380904285,-2137.1508411081,-0.8648652062,29.9738252218,-14720.0308266809,-0.4379636765,14051.2144298348,-201.3121746898,1224.1599326108,-0.4736872613,0.6407228471,-0.9204123707,2654.7068542017,-0.7275322083,-1.1624403758,0.7106421803,-11142.0410755724,1556.9752912626,-2698.4628861899,0.8361408732,440.243629751,-0.31684223,866.7433828288,-2.7449683337,1520.5037130604,-840.6791563775,2098.0132570158,4286.3135486054,-101.068381798,1.1447170851,16041.8639989731,-9850.8378900659,21090.7569363927,6825.4650925538,-3312.6899848062,5606.8517187399,4515.4942610022,-1604.0796711029,11611.7947824778,8710.9379815108,14359.2720380737,-5293.3197595047,1379.4971613155,-9768.2551013696,2645.1312415657,-14001.8741194419,208.2630251023,-4061.2124486022,9119.0952219534,2.1343240821,4.6283114427,23796.7129236445,2.1630348982,8423.30475976,14171.7504532235,-10836.3553494226,7797.2408600229,-8301.2282391985,-0.5212675821,1180.9495156818,0.0439598066,-0.1178455645,-1315.4633327651,0.301228886,-0.7460937793,-0.2378899666,0.2190023269,-300.6087687682,782.3576083437,1181.0441359671,1.1511609632,-3.7485548401,-1043.4006537508,-243.6589958941,-1110.9566848568,-3262.8263922994,-1.0346832382,-3096.9720228458,0.3199840374,-4995.9455790038,-763.9209223332,-0.6961239347,-7.9244704184,-4270.661264018,0.6203345213,0.8905615782,632.0116497362,2.113445789,679.8989921343,813.4835343258,0.7125870118,2908.8613235243,29563.8682152075,-19459.5422691441,-1393.266669776,-0.1177692173,18650.4618994779,-2957.9772559014,-12146.2359329017,-0.729461647,-15.0106526387,0.4396041188,1439.8091337759,-8586.0919175101,-36.5230774464,19177.741863341,2027.5612195658,1474.6375289836,0.5016496036,592.0199211383,0.2494290393,6581.5743357335,-17.1244744985,-3387.4301611482,2.365974354,7467.3717229939,40.7389716291,1215.7490467022,-801.1667104773,2729.8431875103,7317.3504228092,30.2510500423,-5465.5215736442,-9817.6394000575,1.9172082844,-3889.473958919,1643.5180161354,-20.5034425618,-895.2969934705,1615.6478647431,-5756.1071965356,-22165.367553948,4616.3981729093,-575.0548221438,-0.2550940393,-0.6298165027,0.8556173581,-2917.3371599275,1280.6911999179,-0.5292722912,6.8958380161,-0.8825725034,-20104.2321932787,-2764.2409581357,-0.7545838257,738.287472486,-0.5278146894,-15062.6107788232,-1.2780164313,-0.8563004662,-1.2562012856,8686.2198822646,8835.1556556035,0.2133137885,1403.6044296934,6397.6065640186,-0.0540075324,-32669.0255847238,16731.697891218,-0.1284283586,-0.7728853141,-0.9555162112,0.9715481938,-1.0557566122,2793.1753340889,0.9299713797,7790.0854395131,17.6119566173,1223.1104471772,0.0853717242,-1.1321620509,11499.5355886768,-28726.0940296059,-2.2601771573,0.2933354402,0.1169348156,-21554.1446849738,631.5727258545,0.2927075301,-0.7039665376,5544.6838108968,-0.284357956,-2074.1898704881,2765.8498865845,529.6643221273,4117.9204474756,814.2594818405,-3425.2440666277,-615.5292206924,-264.6405143014,3895.8468752885,2650.4419322551,-75.3203317167,-4698.0949305889,0.8393332972,-3049.5831649621,739.6419931243,-4663.7554249926,-2348.7814822623,-2850.4471882935,-0.2301501084,4569.3482655283,285.7570093018,-8540.6091192119,2041.0294438441,-7531.0461842852,-14013.4666793107,-248.8377450539,-624.3957576067,2136.3211903708,2711.0732358273,5802.4611561152,24218.1830194342,9209.0434028336,42212.6739259277,-153.8012354758,0.3360493112,-0.1718463712,0.8723161502,-20177.5077532701,0.4756160161,0.9545453713,-2268.1598260172,-5372.1278731847,1822.3404595862,3.5546111465,0.6021166408,4365.8423388371,0.5975759218,-20177.861842726,0.511069876,-0.442180077,-0.5702064649,0.4215973861,-612.7194456162,-4168.1300682315,-0.3517902098,-0.4047945317,5137.5188736114,-948.7115967035,-1741.8323177993,747.2439224622,-1.4809797752,-3557.0513615893,0.2570930931,-0.2977012152,13025.9732525168,28176.2362158282,1407.7072680265,0.6050280518,-1.2192844763,-1.0096223642,2339.9493111686,0.5872375832,0.219790576,-0.531317516,1895.3787999817,-2387.7582841017,734.4783263349,-0.0676911692,-0.8812389922,-0.2293829379,2712.4721163583,-1.7041349327,-9.4585042212,-2921.785539849,2082.4076888893,3896.3981708236,715.768418752,-6042.2796738882,0.700815329,-5607.4067557191,-3486.3255185588,6597.7585743691,216.7328955814,2072.1015075649,-9838.4159249301,3740.0450804957,-5695.8179688362,-11.1919993868,0.806966136,-37.3175147253,-1598.2056632319,5.50354725,-264.8711687367,2657.6236511577,-974.7088858717,-4520.6717618917,2428.9766920597,1469.7976750227,441.440294597,-8391.1749173685,0.0629313941,3331.9189693452,7835.0087706564,-7.1389225918,0.9443662923,-5339.186439561,0.1025054563,-0.5651819004,-2.4298000548,-0.0834722453,-1.8580911419,-0.6506866954,2501.1466340097,-870.7921078446,0.2679804548,0.4268261634,-406.5738565464,0.8003234215,-11251.045525192,24558.4964205206,-0.5766544946,-347.5183992477,-0.6216517932,-0.8712042144,0.4800584588,0.904271583,-4211.0801997517,3869.8681471019,-0.1202304631,0.5917032092,127.6311897436,-0.0212733058,1691.3152511896,-0.0297633536,-6307.6246570127,0.4953226684,9756.7592797804,-0.0694424643,-441.1167887704,-22907.4188789931,-9121.7493809573,-0.4163172045,1.7309155909,-0.9070635563,0.5339460304,-11.7357813885,-4.31101918,1.024906219,0.8848668783,-3.7313305477,-588.7830241368,10551.8546869655,7647.6681283921,-1171.2352965566,-2375.5971998691,3424.131112642,-13216.7112663571,-15187.6411033918,283.6901843636,-4371.4876503166,-7326.5157299655,-11539.6524338771,-322.0247231676,-5314.503698383,3878.4916421799,9129.4778361835,8635.7844805594,-11749.8774009271,2196.7460271096,-12939.0929174042,2835.4592361198,-0.3028473493,-9693.779995039,-2698.5742091556,0.4884046666,-7053.9883364281,-6768.7080244221,-0.9955517544,3489.9612282182,-0.9704811985,-16732.3016754322,2411.2665701191,15.607356501,-14.7117629154,4306.4313228513,9912.1622286334,449.2195802508,-898.4230178456,-10708.8403802392,0.8017017436,-506.7151522427,-1621.8529376039,1.3475800826,-1043.0761105624,0.4845609177,-22.3030486428,0.9747898999,-898.927363372,-0.9740979728,2559.7151652407,7086.2896353547,1518.3862714919,1.2016406843,6026.3273437091,-11166.7888394072,-8687.1431251149,-16.2290124249,823.7182080871,-0.5255460899,-7391.8104701944,13.7062282379,-0.4064763158,4.173094202,-0.48642301,13802.490687129,-5080.2301421652,13963.1139615827,0.9836334016,-6409.3005533269,24.282112113,-461.205279344,-775.8011294379,1153.9058306748,0.774572364,-8.8545254635,7369.3013323746,3918.6542411138,1070.5298505103,-2424.695734842,0.8221987407,9413.2975179925,-6310.3394904209,0.7066368863,-12353.4938479461,-17136.2665601363,1850.2589144455,-191.9002654552,-0.4796573612,2986.6315144684,-2474.8888840828,2440.9870560227,10887.8877876577,-4.0246578527,-428.7811375818,-3446.1019702256,-13807.7328962555,4707.687482664,-2608.8073545212,932.4301430733,4304.8906441194,778.9548801297,2087.9563412567,5827.9220457538,4423.2148621977,10977.5447180259,-6008.3897156596,-12516.0782341236,-1512.2305354473,702.8083810323,472.0533508233,-21894.2310140465,71.2139937117,28.7583929284,0.2223254051,0.1868440508,1288.3182170033,-1218.6260035222,-5350.0943178163,-3208.5882293838,-0.8990161463,-4.7904956142,-0.8126456839,12298.0651511074,-489.1807555672,0.2871253265,-0.7001941028,0.8330969873,-5350.7877152961,1359.3330460288,8076.3990238164,97.7871592772,7.7636376305,-0.2233675851,1.1207460661,1131.5316317616,2706.8283098505,-23.9100308925,1.5325178108,-1216.9817896458,0.2754120166,-259.2403241367,-0.5642823842,825.4768159789,0.967578396,192.9010920198,-0.034668787,0.2320448226,-1.044661203,-1232.8782426904,4847.9931227806,-2779.6426790943,-828.0288311928,33.1957439501,0.5733171388,19.5183173063,933.4402407429,0.4870080704,885.3606174126,0.3352963421,0.2014882643,-5454.4089080718,3299.450206624,3370.9654906483,12921.0566804407,-208.8268614633,-867.8189616973,6.8462690102,-404.4127958666,-1824.069284614,-605.6003706699,4982.3374517803,-4050.5631132707,8848.166471602,15232.9704347789,2653.3353617994,-5334.3409012971,-546.4382764372,-4701.7545249406,-565.625365417,4920.6123549488,-0.3597733814,-10756.0546241454,5070.5848963332,10523.8963708248,-2108.1669286529,-200.4659209203,7985.3330560112,-12806.0061601806,-4628.6023028924,2458.4122937445,0.632335975,2.0819998178,-0.9086024899,0.336482577,1806.8269319017,-2328.7749648763,-0.4676686918,27125.8388014561,-1143.8309116861,-0.9671613283,7342.9283737182,90.6762160627,-0.2870848822,-6.5349065598,0.7600100594,-0.1176930443,-0.8958431599,27124.9158715121,-3325.4158683833,-7398.149685645,3220.9329302661,-0.1964621126,14310.2520566741,4564.5132670676,14.5705690225,3105.905026776,-6286.1574631458,0.6417990497,0.631545041,-1039.2391412435,-1019.1477179047,0.6602504485,-34244.2531420911,-0.3410398151,-21570.0683587467,0.6252195469,-0.0223003857,-0.3209912766,-27216.451703188,-2714.491707852,656.2729443909,0.5418287073,0.576570383,14376.0000515362,-664.2123911986,-0.3926399519,142.8762247031,1.5547652508,1644.9275038872,-0.8600327924,5316.7298497659,-1266.027620777,6809.0826627584,-3944.8627634929,-4568.3481016965,1869.4288633144,-11858.678396272,10204.5214304073,3289.6871054613,-14348.3035955867,-5878.8579099323,-5077.4394582696,-1067.3330426748,3251.9859195639,2039.8100821321,571.8168885897,-480.6742397182,-1173.2744459344,-1321.7908395847,-846.4525502408,-2090.7538719966,3702.6613487351,10180.2260389932,11164.68271799,-3247.3303493834,4355.8862156032,3917.0698327242,-1749.2751965991,-1998.0178951544,0.671437162,-0.1300427963,-49.234333486,-4189.1375553194,20011.6619911368,2282.2471418688,-2209.6561575387,2773.9941088217,-0.2107676193,0.2228711747,-0.7852906353,-0.4362183972,1688.3702281472,-279.0720327747,-0.4596521607,0.9472762845,-11011.5037929526,1341.0067466921,-0.0697989623,1.0663502297,-0.3206355918,0.2057562768,0.3641175307,0.0599862527,-0.7472286818,-11405.6744799588,-20196.4549510537,0.8149986054,0.1955223907,0.3357792446,-0.4094699363,-0.2991016768,-9113.2252414048,0.8206990683,0.2208532738,3412.4938129613,1.1369411401,-0.1859287858,653.4904483574,42.8316245371,-14239.5519435257,-29.2318352616,-8622.4427911615,0.7482751417,0.9867269531,0.1363882364,536.6773800509,25165.9893431066,0.3593151693,-861.9353518234,0.2155565526,7170.9925159642,10362.2776239151,148.2522414075,-6266.8184504274,2275.0093526742,4786.1538813337,2515.1132633061,147.7960269155,-0.0192898087,-7383.0872492657,634.4002310288,-362.446499455,-2317.9789824611,0.8549586876,-7319.551737766,-8227.6687786209,-4450.7813062481,5955.1626489316,-3014.2115499149,-1602.4672989643,-695.5298399985,4486.6889729793,-13269.9486708222,-12392.6934396896,1932.3736238158,-36.219754893,-4628.1765615613,1362.6716222545,-3906.8280113622,314.7445945596,8941.1101074779,-121.8584221687,9156.813113396,0.4836207152,0.8012497954,-3581.4621658971,1056.9358092219,-0.0345816263,-0.4570256957,0.0296757118,-1350.1095340774,-0.0356284303,-666.5913420076,5230.9127145898,-0.739205225,0.6651321857,0.3732232216,0.3006143523,-0.2652281348,-4136.0663037949,-5110.2568582717,2.1048530134,-5812.6795132418,0.1193951257,-637.9521513071,-0.8157517212,7602.9452320957,0.235623236,-1.017833969,6231.1537631444,-6965.3042059185,-3.8346182709,0.2537406013,-0.3827827003,13527.8445060146,26219.6798272004,0.0639741959,1.3718740816,-0.9403520167,-0.8541177814,-0.3650027918,-6064.9550018312,-0.5738381824,-3874.473807129,-1.3238933722,-9.9473001851,13.2040903205,-1.0942876635,-0.714699732,-0.027901086,5278.9467337861,6136.6086604646,-7830.0556518196,2046.9657650652,7967.0829601311,2248.4262271034,-8389.6617366042,6.1525221338,1959.9810231034,-4451.3908124186,0.7259061745,-9390.1671479345,2670.0855828257,3060.3273443893,5011.5953391622,124.1517548741,-1023.6813889929,23.3624443195,-20680.6230921658,137.7048531369,-13210.7490112907,19797.1512165861,15075.8288240734,8616.0018661109,3612.720760503,-3012.1195476118,-4651.0397377661,0.7349419435,-283.1431419815,0.6425128754,-5956.2541367547,153.3226156297,0.4492769957,1247.9321000697,4.8526591517,15635.398459994,-0.731332103,-15465.9400805717,-2399.6883393902,-0.1781631484,2735.5110138609,-31091.4659412732,11.5678128312,-15021.4888223284,-0.8492022252,0.3720574735,9.3519228701,-15465.3124023017,-2840.614129795,-0.2729236915,-0.0570372813,2.7910488745,-3102.163551022,-0.411805912,0.6790757191,2021.1512252238,0.6869085186,1.0456766436,188.4959995503,7.6174505223,107.806988611,-0.3638342052,-2550.6556027128,0.9185436684,8189.6378834574,-6576.2228209137,4489.018893518,447.3342771544,-17.853815926,9625.3446420548,6778.8452477674,9601.9130636429,1957.5831375268,-1027.0562270925,-3244.1129113727,0.8459409372,-1263.8151170855,1.6305305465,0.1152483957,0.7858209674,-6722.407370694,47.082036525,-555.1256246901,633.3268976377,4821.69577405,-7737.1144894009,865.0033906797,-1545.1503284736,-9519.0857559662,-11496.7403996956,8364.2773640062,4382.9425647266,5772.6558174856,6118.6641757798,-6800.6595435967,117.9051381738,3512.8964834237,-16936.7263129426,-11316.3758979422,2654.6099925338,-2196.2580332303,10221.0747416487,823.3746613678,-10123.660248488,4664.274737134,9514.5656581922,2609.2530700232,-1196.6806466814,4189.8860230632,-0.4718464521,34.2174001187,3385.1613916565,-9709.8987782547,-0.4267622555,0.7562403377,5573.9910274943,-1.4224500369,-0.1845726073,28.0634781113,-0.222964314,3262.0689070164,29885.8147157708,-1781.2854131701,3068.6022804261,-0.875741677,1845.9082716813,-7254.1995213846,0.3065220542,4516.2028900682,-3.3361881797,-21419.6575774044,954.7556400712,0.5730000585,-0.6398496884,30.8467882497,11870.1022673472,6306.5331001477,0.5640226456,-0.7344193503,-2.6879943654,-0.2826465175,-4078.1403768432,-18.8199510738,0.1967360761,-16265.4557131384,18542.693269099,0.3705768279,-0.2730434098,-0.3480987865,-2774.2618693318,-1.0119215416,-17829.3777030603,-1.7663117556,11462.3587006013,-0.5836951358,0.1631756511,21983.5182920595,-2042.2309295786,-7625.1880562208,-0.1582585112,-10212.9115221162,-6187.3770679322,-5736.448971961,18.4605146228,3312.8462917023,-99.4593387923,0.4309447371,-6226.2974076246,22.6519173506,-1170.5966674838,4384.0667989101,-5.5196940622,-12896.6965389556,138.7854911286,3378.7907279792,6520.5314176497,8565.8251944595,-15496.0651927541,-48.2366116824,-3727.9756052482,-61.9810470445,5722.93079552,-21.5434923265,6700.6308243173,-3184.2997459232,720.1254760565,-5011.6241878332,9922.95284225,-7029.1167969012,28.3977067339,-0.1075426043,0.2927057097,-6.1490666243,-1.8613731659,-5038.715413699,115.9942849268,13544.8753434171,-3.2406826606,-0.3608583806,0.5394093491,2000.2070364494,-0.5958938421,-1.04431087,0.6873076137,-0.1816608985,2721.6584117652,-386.5225490283,-2.5924554518,-1.7754146558,8088.9190021519,9777.9020670038,-20653.2639170122,0.6936397304,-0.160766949,51.5907230676,0.294315262,-2959.5277187225,-23482.1501597874,0.8746394773,-1005.1840778671,-0.2663688777,3414.9492070603,15.5944814436,0.8588637907,-2716.7970730355,-1.284788268,-0.6826141309,-2618.5084785367,-26741.0600096893,24996.9855001374,25.1960370181,1250.8416448825,-0.1037228558,-0.8345872325,-0.9745836933,35005.0576125799,6218.751840091,0.0144458326,0.9845648328,-0.8138707187,4251.4449552623,3180.2387831558,469.2067089949,-4883.0672465697,17.5293325291,1393.818103347,1111.6621486341,-4875.1114887732,-9136.8942658319,-0.7102428213,3211.2256751951,3495.9630856235,2063.7346862173,2799.666329571,5136.816364359,-863.1025030349,-4301.6441352857,37.9010472776,3631.2013617354,-3713.4085644704,164.111132997,-226.7308135323,-506.0376826234,-4143.065403569,-5005.2436042453,-6055.8287561672,-2807.8969148311,1.2926651813,-3917.7177488307,174.2663890285,-0.5552457002,-0.4271313241,0.1865169067,-0.1149614085,139.3713500652,827.7651292475,0.4122088965,2729.2584403481,0.597911162,0.9329217624,-0.0161717627,7608.6600463278,-0.0731445303,0.4555541789,0.0418789681,0.3992349131,0.780791074,2729.8433892259,0.3141357067,2834.1014844867,-19409.0937483002,0.843323201,-0.0241748467,-6920.5601669686,-34.7173765291,-0.5209155502,-4205.6113484811,1.5437889434,0.4452652342,0.1819814064,1015.8735406812,-0.5782002195,0.766115936,-0.5382766573,-1202.628599933,1427.9073899228,0.9670340993,-4767.4743927221,-0.8771123474,0.9569852032,0.8472881399,-10.1964729498,0.2734340613,2612.6287670408,-0.3822489803,-0.8106815474,1884.6551786032,-15787.5131522085,-281.1637506161,-0.8629188887,-66.1442700929,-9965.0021608497,119.903019132,-3823.764128595,1875.564032485,8986.0533627399,-900.4739595591,3080.5889612565,-1799.7208700129,-1419.2650111767,-2312.9396762029,4343.3363861679,3278.3612819418,553.1945073092,-3736.1630703373,-4012.0561003763,8680.9887915275,-2866.551165414,-4821.2562726765,4721.4364934446,-1204.2342540266,7738.4225246006,-3404.1394314812,-10754.2729574476,-1987.8020188098,8702.8188635499,-1612.4201779636,1388.4541284077,-4540.6249832569,0.1162103847,-6620.4518982619,-217.7988340584,-6941.5228925156,-1.0708785737,-3104.4603874696,-0.0710225205,-1.1288034827,0.3405838303,4.226957273,0.4714853243,-0.6937616123,0.0862695389,2228.6268645829,-575.7508855393,0.5188610772,-0.0332670974,0.0205920804,-0.9013242621,256.1581644091,-0.4011333998,20085.3198503909,-1652.3720251386,-0.800647057,1.5243832519,47.5331344684,-0.4256672277,-0.1245758678,-0.863176138,0.3908115301,0.1154102596,-1.32767379,2757.4817175671,630.9044347172,-0.9924279667,2121.3583132221,-857.2444739862,-12091.0566795323,0.4749011241,-0.6054685702,2004.7080335759,0.3443550084,0.6117100062,-0.3323833547,-0.3363742474,-0.9783175691,1.2712644194,4420.5072414047,0.9249504939,1.2859465287,0.7611981087,-5215.3734865918,-11477.245118031,31.1199036796,416.9678582414,9245.250676042,18436.5660351729,3678.67401498,822.9003171492,-1836.0542124298,814.4043551069,-14771.6552285674,-5836.6717953409,-2236.0081333262,-817.6635549957,-833.0530814908,275.1015541492,7397.1129138934,198.071691497,2181.6721194553,9066.1462531066,-2629.8576579836,7805.6731693682,-8332.3571780008,-10369.6065971744,2659.861847423,5142.9414858032,-8563.652037972,3.5913712339,2513.6978523983,-26966.3438960696,0.8403261321,-4230.1205460707,11540.0191886278,-7895.3433904038,-0.1887789564,4392.7758804399,1.6477933025,0.8504986395,-0.5453491988,0.2256571992,10433.425316035,-0.169544174,0.9759348355,3.0100421039,0.8512623998,-0.1094329036,-10.5819542747,1.3010532984,-14479.6418801435,1994.7771681748,757.0337301412,2465.3887021152,1.3549703287,11521.7250872171,-0.7141995343,1.165086815,5437.3419591105,2647.2346747323,0.2578180263,-281.7999501669,-0.0651376406,-0.1334349065,0.9169114019,-0.5602706068,-7569.9158483365,4972.8995900594,-0.621914442,-0.2548170594,-30589.9578831763,1.6219237323,-3541.3249025957,5750.4852586426,68.8180192692,-1.0233956543,-186.0212856874,-0.6834172779,0.6091630028,-64.2441683246,4337.1635030836,-0.6199108851,-5899.6341155144,2644.8733402671,-3392.5759845649,8588.3771080402,-2348.3324440554,-1965.1304126531,10206.0372998838,-5.8928349098,9319.1259632901,-17470.4326927937,-2701.7246787865,3015.785638056,5.4084764953,-1389.5909715258,1346.6820538975,268.6815215795,-1652.3424015298,-1826.5226403237,4958.5845713885,-1056.2370520525,5378.6939160182,4958.6248562964,-7491.9120097996,6588.857351798,1145.4914142563,-5529.4843112994,3308.282014493,7872.5477678425,911.0374292624,6609.1422424342,-1.110801818,9388.6284036667,0.7975532856,-0.9444895208,-765.7602801077,8138.7803144114,-6441.2771923052,0.8600098457,-3322.7241454855,-0.0144221224,-56.1658088363,0.6863599114,0.715309585,8659.1973358149,0.6650819331,-0.7966397089,-13688.6862958938,0.0424665898,-0.4262685413,-8473.356446359,-4332.6613467231,-2345.742477021,-0.712812952,0.322278631,1.1672828917,1.1685413699,1.8751877378,-4.189967848,-0.0507936125,0.2540615321,21100.3275724702,6788.1148858274,5799.4915686798,0.8261752241,1531.5987322414,-0.1567209404,-0.1202682753,-19803.7949616681,-6134.2716672889,0.660536677,1.0106239915,-4.7627986414,-36.7329310995,-9.5811158168,9031.4021856816,-0.411273787,2429.7262232221,1.2108415285,-0.8128217978,0.4950409557,-2645.7388094728,5051.1091915836,-129.0545365558,5452.3102499766,10154.5724747086,1.4536636564,3736.0194857269,11082.2675634432,-3.5843717076,-7255.9731352198,-21.8232428189,-5249.9677316279,-7806.0119060306,-7600.2142481701,1486.6495777286,1777.2594233545,-3386.4289410964,223.4019803978,13.3767272515,1949.4647407437,14115.9349678339,11738.7751089016,4659.7522905068,-11548.5760404088,9268.2209892624,-1831.8624293639,-429.4469350975,2154.1308553851,20.2346110705,5901.8790390634,0.8001505708,9605.2711852732,-1107.3234384745,-1558.3089047609,-0.1143321056,12.0304585497,-1064.3055869658,-0.3369137859,8.8833487655,0.2223631635,3378.2272095096,0.3997239066,-4162.6558052125,3.6808148919,-0.2784914503,-0.3402604019,-823.3217729217,0.4122332221,-3087.2599868136,-2382.2150933455,3827.8697861194,-6238.6894119863,45.4291748251,0.2622909239,-0.7558567869,-65.8769909136,-110.1140398694,0.0296494162,-0.2334196902,-0.1418006771,-198.5361091034,-0.0670372363,2.8031049804,0.8692126815,2900.2154435164,-2559.357326864,-144.0409713086,0.8134708985,-31.4444178055,-0.1211196498,1231.9242925241,-3.6838497794,1279.9495162043,-12.8257684156,5.2503768971,0.1174212181,-6854.4510797217,-11.8525359347,74.6073454224,-0.6304864597,2502.8787154076,3462.3811274887,1.4148473658,1565.621055072,-15505.6739394975,9622.3927803797,-276.9809795379,3.0023599352,24.2449467736,1730.0480386958,-4500.3148629211,9839.9119351966,-449.2541340776,-8129.0196816776,1.7099376275,1234.3764045061,12308.2466426008,50.6693317965,8053.6290216142,-3856.3393099337,-11.619412847,3523.8195919504,3703.3522022755,-5459.6603450865,10651.7404323186,1139.5345935545,618.3062710517,-220.1596621858,8.3602619308,6513.3696266375,0.4649469132,3719.2931083449,-2459.945182473,3660.2860455535,1.1799224988,8108.589474348,-34538.3882421435,-12585.1330275141,106.9502064679,-0.635229157,0.4581112303,4910.1720511779,-4633.3296344261,3892.1832531757,0.940203143,0.1727743688,0.1434917523,-12584.8768300804,-331.0102532833,-12089.2481528794,-4543.9091488227,0.7560112349,-0.0082745031,0.9749831284,-4311.3303961861,1.8706191211,0.8640355315,7.5018793486,0.8041040785,1.7275193149,-0.2198004107,-0.6235133523,-1.5395817934,0.6445369544,-2497.9787596949,-0.0450580121,-892.0043397084,-1.3019955424,7990.3626262269,-463.7071645342,37.1843560605,-1.4884575512,-0.3512693106,2914.4452377294,-0.2540999965,-1905.2935129991,-3811.0145827414,-5305.0859499456,-3941.1167126236,-0.5104025936,2887.059540649,-2495.8718229965,17357.0188838579,-6876.1975423141,22.9125458419,-94.1865522715,-8771.2990378302,2642.5500342854,-12190.3504280202,-1266.1253019699,-2623.5663348748,2762.8992700269,4468.2082434069,889.4094252032,2589.7510134073,1.2730429385,2038.5793329619,4939.0208387629,2775.8402040186,-6971.326707371,6.160307677,-9.9203070573,1097.3199210933,1801.4902551809,-3925.9912034994,435.9087458157,6833.391278771,-4466.8827988014,-6291.1538300223,8312.305776363,-2686.5179331832,1.3679968563,-0.8181973478,-0.2399429518,0.9247871478,1964.2118500575,-3371.6276788263,2473.7553822748,0.804224361,-0.3362615133,0.863939998,6750.8272026242,-0.6487445463,-94.3963065812,0.0620045312,0.9162439843,-4.9778383168,2473.8942919065,-4843.3821309247,2.2935695201,0.4321420763,0.5481800885,5774.7461483525,1.0788667231,-0.7369782944,9.1393867499,-6057.6943963858,642.9100282223,0.6291019432,30.0939410126,2.0938072703,9556.4114054058,-3902.522929291,-0.1528853203,2649.3590700613,-2838.5369961482,110.5994575405,-43.7203688906,89.5317990866,-0.6029195419,0.0895135884,-0.1485875327,0.612578167,866.8370018416,0.8205961613,-1.6649619167,-7448.2455344283,-5665.6488978963,31.7778633575,-0.3036850774,11463.0661758662,7535.1320907395,2463.3153981238,4455.3250234096,-463.7617198242,-8292.2520481826,-2413.8927171259,2034.6941164826,-2.056582543,-425.1874428461,6408.4829269752,-3690.6991376136,3283.5846160127,-673.9240518859,-2833.3303809497,-616.9170640914,-10912.2796971052,9152.6035914685,-4605.6823176346,-6894.5196433598,284.8910227624,-2902.4245195756,-1.2599100842,9951.2595130877,842.2565074149,-3.6589461436,2782.9829337613,4478.0823000569,1590.2058379183,-10791.8827716379,-0.2036128603,-0.5452862898,1713.4137806313,-5233.0531031598,0.5014903549,0.7629948281,4456.8653144245,-4227.3209538523,1353.6885630226,0.347172587,10968.567019119,-10818.3608795336,-0.3753918885,0.2118102373,0.5783626099,-1031.9275644911,-13143.7206970906,-4227.3588372529,-0.8228129121,10375.6246439702,-18.2428406365,-10029.6781472451,-0.2719621806,1561.9683613759,-0.7192260062,-1294.947138971,0.8530640434,0.2332622568,-0.0308155005,8.7120857417,-2385.501135464,15687.772971652,-23.6497525888,-0.5306755173,-2055.7831771163,0.899171792,3091.8290441487,33269.5956401062,14472.5533535231,-6.7140448995,15559.6931987961,-26601.8940473704,34519.4588089811,-0.4911532113,-8131.7817037752,11724.4661364272,5.8721534,-1580.2428682661,17007.3507850728,-1.2255291912,3929.37391307,-7514.9016520796,-54.848491397,2511.2063874124,3897.2590712757,3675.8748874779,108.6282118595,1147.3524899528,2910.4355426001,1575.8276459093,-1896.5772466841,3906.608481303,-2628.2340852133,2552.3058702677,12752.1545515989,-6448.1877181994,-1013.0884073416,7550.2446638298,5692.4534610195,3642.1957655672,21219.5823953388,3316.1138614361,3724.4440678448,7255.9179871341,-4545.3558458354,-75.5159067598,1912.4996932461,-2547.602395128,-3151.8582025987
##end
biasActivation=0,1,1
[BASIC:ACTIVATION]
"org.encog.engine.network.activation.ActivationLinear"
"org.encog.engine.network.activation.ActivationLOG"
"org.encog.engine.network.activation.ActivationLOG"
