encog,BasicNetwork,java,3.3.0,1,1425320277526
[BASIC]
[BASIC:PARAMS]
[BASIC:NETWORK]
beginTraining=0
connectionLimit=0
contextTargetOffset=0,40,0
contextTargetSize=0,16,0
endTraining=2
hasContext=t
inputCount=11
layerCounts=11,17,28
layerFeedCounts=11,16,11
layerContextCount=0,0,16
layerIndex=0,11,28
output=-0.0421815656,0.0000368356,0.0319634433,0.003431903,0.000008547,0.0035244027,0.2575895038,0.1699838707,0.8003237283,0.8572758103,0.1037330368,14.359452165,13.7484723036,-13.964451746,12.0324036608,13.7348953137,14.3340483563,12.2347280179,12.4444714807,-14.192515874,11.4233243242,-12.9126940531,-12.8250727867,-14.2509716771,-11.8414070648,-12.574902718,10.1454670818,1,1,0,0,0,0,0,0,0,0,0,1,1,-0.0421815656,0.0000368356,0.0319634433,0.003431903,0.000008547,0.0035244027,0.2575895038,0.1699838707,0.8003237283,0.8572758103,0.1037330368,14.359452165,13.7484723036,-13.964451746,12.0324036608,13.7348953137
outputCount=11
weightIndex=0,187,635
weights=0.0159057189,-0.0264863036,0.0015963584,-0.0054734238,-0.0235811497,0.0189513476,0.0029580146,-0.0027406863,-0.0050888501,-0.0032980648,0.0056679337,0.0280330609,0.0022927477,-0.0060254962,-0.0180334292,0.0100122351,0.2630106585,0.0000005951,0.0000007463,-0.0000007869,0.0000003332,0.000000099,0.0000021738,-0.0000005353,0.0000008972,0.0000014175,-0.000000894,0.0000006369,-0.000001798,-0.000001223,0.0000006065,-0.0000003084,-0.0000040253,0.0000081068,0.0015586808,0.0203439582,0.0177376532,-0.0057956856,0.0215914585,-0.0066731948,-0.0005859898,0.0116761072,0.0114979826,-0.0109806991,0.0033993905,-0.0223797937,0.0170184354,0.0151927423,0.002556559,0.0024222881,0.1837799601,0.0216781143,0.0005016953,0.0411218587,0.0372801668,0.0216175241,-0.0379152291,-0.0013363224,0.0246452235,-0.0016207635,-0.0003047001,0.0394185264,-0.0228362931,0.0025608236,0.0015958845,-0.0002226626,0.0001278297,0.015034884,0.0000009209,0.0000004343,0.0000013379,0.0000001269,0.0000021392,-0.0000000202,-0.0000003021,-0.0000014809,0.0000009856,-0.000000315,-0.0000033915,0.0000002526,0.000002179,0.0000002025,-0.0000009426,0.0000003365,-0.000005243,-0.0215493124,-0.001736597,-0.0076059558,-0.0136729218,0.0159143701,0.0069770999,0.0006192329,-0.0174491325,0.0001929448,-0.0005354003,0.0003900551,-0.0221002185,-0.0009994339,0.0003043957,-0.0000469224,-0.0003780082,0.0091789495,-0.0258099095,0.0072527291,0.0109871216,0.0251962043,0.0410724514,-0.0422293202,0.0070989941,0.016064595,0.0051957537,0.0230888442,0.0220380806,-0.0214082505,-0.0262899277,0.0144327968,0.0289561197,-0.013282155,0.2482913341,-0.0344093908,-0.0325546059,-0.0490838927,-0.0124689834,-0.0189705825,0.003794177,-0.0036700477,0.0230280791,-0.0255879451,-0.009369796,-0.0185066945,-0.0094177989,0.006585415,0.0181062185,0.0158711186,-0.0050046607,0.483490691,0.022862877,-0.0033248382,-0.0146547659,-0.009751264,-0.027827115,0.0411330733,-0.0057843651,-0.0149908629,0.0180537098,-0.0056324526,-0.0320741431,0.0289456895,0.0014875337,-0.0420265289,-0.0119140601,-0.0086396702,0.2193614901,-0.0029444294,-0.0007269864,-0.035090942,-0.0518642579,-0.0272716705,0.0814564805,-0.0184130973,-0.0271055887,-0.0061758158,-0.0101870634,-0.0489372686,0.021721283,0.0079150931,-0.0189455771,-0.0068803095,-0.0096644955,0.388515347,0.0100813667,0.0308563753,0.0150829925,0.0134115677,-0.002113816,-0.0376064264,0.015634738,0.0018261618,0.0098544534,0.0143064187,0.0179209227,0.0176538153,-0.0042248308,0.0216689992,-0.0113533257,0.0153725949,0.2699732864,304780.1415409623,-0.2845852967,90136.1156010694,507462.8694113628,-0.9119019908,-47290.5056711398,-51271.6702053554,-49616.3519602175,-736007.7182613076,141096.5992760792,-361468.3415408601,14181.6395552445,39721.9553609751,-11027.9135764656,85981.6757080958,-204850.1127440337,-5593.9732573361,25502.8974967392,-106985.4218465936,89889.0131711861,47887.4555341014,75240.6221665754,-138191.6264177988,-67655.2191778103,13205.5861802498,35170.0283270595,-17658.1000723284,-28691.6729208916,-200405.0333509865,0.0337808475,-190284.4783369285,-271503.7560477377,-0.4718046535,386992.578439226,-320415.9772075013,-21755.1849772766,489868.4081322042,190394.7343875818,178231.7089624815,-29143.8166020299,149285.117157112,39505.6177500449,-155493.60848238,75466.8345058537,26162.3579579187,87698.5905475137,68183.2639897263,-12985.6872862586,-88386.7815635272,19489.4857543204,-48016.0032716115,-4245.4755614734,-44591.3051855481,-7417.5458406696,-7014.4274551196,-13961.7446831472,236773.6071773452,-0.948474021,628558.892976543,778687.3997550529,0.9397620129,-666257.3824662959,86258.8676621043,-721839.3293951601,-585857.4253434166,288619.0823232792,-74016.8579191548,37682.1502032339,47209.5229927358,47499.8053987914,-60020.4474850056,61912.957771339,447.6937195629,-51816.1877837036,58669.4687016099,70692.3797606032,-70810.3443827307,-27226.4000099802,-65152.9423254186,27890.9581922245,1014.5322110563,-34601.6838863842,2754.7140326435,32086.798365717,-437952.1491300919,0.1983339094,-102661.3056474171,-81930.823131778,-0.5863582326,113506.5039015937,392390.3422893764,509378.4429212971,272054.6919943885,-361926.3848762984,-326375.6475155611,-10830.8143775798,62035.2002988278,70426.33492129,-7708.2202551624,-73864.3711023045,96815.1918173781,44501.6657574193,-32748.3104300426,-88018.4144029004,80449.6730203803,9775.2250594432,66889.8221374175,13871.9674879702,-17631.4849602074,9708.5783368829,-42474.7656157104,-7875.0822163662,221613.8999618139,-0.8324080953,-115715.713731187,20567.7228040374,-0.2331640544,220956.0240079401,-551676.0215518706,-448588.4784243828,191785.2793644953,401707.5600213612,336550.8611239054,-64462.5704083243,-14198.0524146046,-6957.0606095987,-10496.1768720015,30911.1004001247,-39720.1826683571,-35081.9356103207,30250.4601469606,27995.2416546432,-56978.9692320941,-64659.2555544106,-5192.4119990444,-6838.9734961236,37389.7511447536,-17356.1166366226,-25084.6928913265,-56546.8760560474,144650.7839004836,-0.0448435502,17948.2977996139,239357.5269158265,0.8090161288,-19058.1969393343,-384850.6611003458,-336146.8445063342,177400.8608937338,199731.6596640309,-173834.7207262417,9139.7636876406,13385.5618552058,-17987.9006084411,-53124.3891545304,38873.9650500485,-35760.3886499649,-101447.7095115807,76334.5614860202,-73273.0372658574,-9394.5115114361,-34281.9927997661,-16999.5157797757,-7883.9830044721,-15428.7309440789,5136.864593641,-65348.5757552701,-34578.1624349155,-89139.435210416,-0.3210387554,188889.6827043346,-418798.1823057861,-0.8032325614,-114852.4016395194,-60646.805859556,-81367.8189487111,139369.8708760942,62556.0320974099,327715.8362337581,-906.5958625568,14539.4583004229,-6315.4421461804,-9267.7173593118,75028.4481384289,-9878.8885506022,13163.9461478152,-104028.1198858473,145663.1913777475,-33524.3596377844,-58879.9777627134,-30613.1054461068,2210.7662825628,-6889.4819324364,-28671.617871209,-13626.9725640724,-7718.3538139718,-25435.9371967266,0.1093967162,42488.5170818828,420912.2467193815,-0.2513800071,-3761.1651614558,-16190.9425898657,95038.1151330769,42022.7218807701,-282998.3890319924,-349636.8374530148,1342.110073154,-52632.0593527991,57488.5253669678,-105064.0503911452,-198887.2200700163,39938.0291803759,205508.4639447636,38963.0096531641,-21274.8047004052,-41931.3249786247,65272.6681964821,1117.8011934919,27380.2440167625,-34794.3216026663,-6813.6899147099,-2996.9340744986,-43313.4965392773,-476424.3720079236,-0.5342196131,326562.7107399169,729602.0195511003,-0.1784116724,-461843.3621418946,168248.5933026139,47725.7255398256,38650.7163204073,-223992.3150548338,-310444.8848058548,1091.4627176989,-3728.759947463,31443.806587151,38076.9733807209,65086.5022677218,64015.4169430195,32190.7911371605,-13631.0139581493,-6646.0086732442,-32635.5786560705,18923.0328718341,-73284.7545724467,1597.9043486475,-26750.9239213861,-9151.1493929038,45414.0056236355,18318.1189377186,407964.6105955752,-0.2634101764,384013.7454256276,-204315.0414006479,0.7917133159,-463704.1387593155,486561.5350186188,-234662.3449786695,-461390.0257551445,-216044.7241141942,-316722.4224178449,10313.4707171425,-14840.4497965934,-7981.7332182222,74893.9933383306,-142758.647443643,-50656.5934734768,138405.2125317492,-140334.1334574933,64381.3537980647,-89467.2359542257,-54753.2807513873,82506.5030915542,26253.2707798488,1183.7673743673,969.4914675564,-17233.3259168146,-2935.4301221331,-49565.5610120712,0.3687950305,688276.4158814673,442351.895435892,0.7666178055,-662639.3084816996,-136068.7782579943,-311714.1389489729,-34871.2552985989,28209.1883284554,-408017.6326185237,9708.7276935954,-65075.9013746226,34829.4439173512,-74349.1600268491,60207.7949177218,39029.96796224,-190798.3920355267,133403.1168343209,91742.814591681,-8684.9465903761,5589.8411263478,-47585.3686278021,-8883.6273336927,12189.1834035644,29223.7776644337,3110.3743786942,13217.8213329039,-205284.9862738708,0.6141116363,389627.3156196853,239626.67205481,-0.6707967336,-393236.322687693,-646.8057272129,190947.0106142933,35068.1550550847,-238396.9211439011,-96569.6675663693,-20294.845825072,-4135.4576843451,3865.4714740219,-31461.9725001153,-44718.3062963703,36611.9180797251,-24311.9296202387,-77155.2057638792,-115911.3641327738,-13715.8140914584,23446.0616795955,23237.7553475813,-51881.5890159473,73914.3428908875,29341.0520215489,45785.0376507936,-33196.2663309544,60699.4796701278,-0.7265141064,-263488.4286046562,-60070.06429284,-0.4168399379,480324.6809508303,-474940.7497088679,314527.2321371628,-408655.9611884685,117250.3863528525,10860.6745023478,49068.8274710427,-38677.9829886578,11413.2307596832,48921.3014634042,-201955.0349281034,24125.5229017667,62323.8082965811,41294.2284323,-79113.5661431402,160950.3755386583,114360.6571118901,63349.5359758643,3226.7467230161,31776.9868128016,-10474.0990900297,28341.4938293466,45246.5210865198,-57294.7784676008,0.2870402746,290592.7173513031,498388.1569139056,-0.579714124,-604779.0458201506,-111221.1089020086,-105957.7605743343,-303886.6469591811,-7942.041093597,-38267.701031984,33511.6717034496,-184753.9142236841,18680.9733743889,177707.7501949497,79461.6350990967,34363.4040540598,98969.7876541844,-45473.3939996654,45633.7644924811,70293.8094465814,-20593.6709694726,-70353.1623368568,-17541.4377686415,13399.164637376,-1544.072929748,-22431.2247534076,9297.7365466085,48376.2365899169,-0.8146931389,-158926.1021818237,-443805.3460112949,0.2558419008,163322.0748171306,163640.0620283617,197645.4558626215,-579512.0451401374,73124.743476133,73027.8572137761,6296.7602520867,-104021.0863759916,22241.3035739487,165987.0828908886,160539.0424848507,25579.7945780185,108781.0039559568,-67394.9361906895,-46960.9659030208,-111712.2945993181,-52059.3946093598,35981.7414672151,-8646.2442826585,-5935.4117074128,-14960.2813712476,7068.3829120574,18283.6841413264,-243214.4051870021,0.3064659116,-70224.6149944496,313667.9392167003,-0.8416484362,68593.949728181,-438192.224311851,130660.5712481351,986450.7581386055,993.7416321616,-169961.532809095,9360.8973829766,9919.2688840751,30462.8702160675,-214707.8299213091,70838.9018301076,-21480.3010362387,135291.9450763454,175444.1768171218,-14585.6130680746,-60139.3016613122,-15821.9525484786,36234.5878609958,-469.7124461052,-22795.2792199094,-915.3727095598,6863.0873321554,-10286.409348076
biasActivation=0,1,1
[BASIC:ACTIVATION]
"org.encog.engine.network.activation.ActivationLinear"
"org.encog.engine.network.activation.ActivationLOG"
"org.encog.engine.network.activation.ActivationLOG"
