encog,BasicNetwork,java,3.3.0,1,1425320970059
[BASIC]
[BASIC:PARAMS]
[BASIC:NETWORK]
beginTraining=0
connectionLimit=0
contextTargetOffset=0,40,0
contextTargetSize=0,16,0
endTraining=2
hasContext=t
inputCount=11
layerCounts=11,17,28
layerFeedCounts=11,16,11
layerContextCount=0,0,16
layerIndex=0,11,28
output=-0.1152038565,-0.0000682817,0.0185893888,0.2374470571,0.000050535,0.0261287735,0.2474537235,0.2445280265,0.7245622619,0.8738450131,-0.1280180284,-15.089312175,15.1150674576,14.815553418,-14.6728848227,13.8808091503,-15.3642464471,-15.0475638811,14.9021773122,-14.2175639074,-14.6340539295,-13.6046249616,-15.1582024719,15.0001554215,-14.832316644,15.2450119562,-13.8387263097,1,1,0,0,0,0,0,0,0,0,0,1,1,-0.1152038565,-0.0000682817,0.0185893888,0.2374470571,0.000050535,0.0261287735,0.2474537235,0.2445280265,0.7245622619,0.8738450131,-0.1280180284,-15.089312175,15.1150674576,14.815553418,-14.6728848227,13.8808091503
outputCount=11
weightIndex=0,187,635
weights=0.0115610725,0.0071233563,-0.0168052378,0.0094294699,0.006955866,-0.0075000193,0.0049053984,-0.0269866549,0.002718158,-0.0080946493,-0.0210453838,-0.0047035946,-0.002327325,0.0126863175,0.0154254078,0.0105443066,0.2995126266,-0.0000000186,-0.0000011532,0.0000007369,-0.0000000255,0.0000023429,0.0000011879,0.0000007813,-0.0000017331,0.0000004176,0.0000001351,-0.0000000567,-0.0000007558,0.0000006285,0.0000028281,-0.0000013023,0.0000001855,0.0000115153,-0.0081414707,-0.0252022162,-0.0074492735,-0.0035361591,0.008564507,0.0015885531,0.0060354856,0.0063502766,-0.0044406386,0.0202443013,-0.0158284256,0.0141417709,0.00555231,-0.003890851,-0.0007971013,-0.0089476677,0.2163407047,-0.0143831473,-0.021174464,0.0168161451,0.0020257815,0.0130154069,-0.0029732011,-0.0077419281,-0.0220528147,-0.0002141796,0.0115936933,-0.0171720988,0.0067885408,0.0049559094,0.0088410265,-0.005581674,-0.0083737692,0.1687483072,0.0000016444,0.0000001276,0.0000004031,-0.0000005954,-0.000001715,-0.0000003866,-0.0000000623,0.0000013303,-0.0000014775,0.0000014197,-0.0000011559,-0.0000001101,0.0000014522,-0.0000004739,0.0000007267,0.0000000183,-0.000001446,0.0077500844,0.0035102398,-0.0047689059,0.0029436056,0.0006181285,0.0062810176,-0.011902453,0.0156880748,-0.0090915997,0.0057701486,0.0148110188,0.0069599382,0.0106758055,0.0026948236,-0.0022200912,0.0021533261,0.0845485741,-0.0377079181,-0.0108570124,0.006788879,-0.0151509869,-0.0116420612,0.0218251405,-0.0075318593,0.0006096342,-0.0009125535,0.0072234629,0.0200516949,-0.0123133483,-0.0015672855,-0.0116046403,-0.032264844,-0.0162426231,0.1915573887,0.010514683,0.0366568948,0.010154439,-0.0214401581,-0.0158316641,0.0107234332,-0.0012972646,0.0027758309,0.0063999643,-0.0000708754,0.0430186745,0.0005757807,-0.0255600279,-0.0206889205,0.0217157171,0.0123926958,0.3086284695,0.0084931708,-0.0109826469,-0.0048313628,0.0027648434,-0.0001744051,-0.0066266341,0.0008452857,0.0158186268,-0.0051677252,-0.0149413725,-0.0134725785,-0.0059755421,0.0090339031,0.0032364647,-0.0006002821,-0.0036617465,0.1134430639,0.0423187867,0.0188542455,-0.0095299143,0.0196172886,-0.0153193815,-0.0147250201,-0.0017035288,0.0334250937,0.0012712971,-0.03733984,-0.0126967551,0.0085781975,0.0132043667,0.0086333869,0.0227556345,0.0159174671,0.3514124233,-0.0292132625,-0.0082904941,-0.004250619,-0.0030194933,0.0125705947,-0.0045183449,0.0207310186,-0.0208934507,0.0090934084,0.0135148424,-0.0097213928,-0.0185369334,-0.0140388679,0.000045376,-0.0146597253,-0.0061632477,0.2178291269,-2139898.470813056,0.1405642971,409863.0104492194,922355.062714189,-0.9613356876,-1118780.3864392769,1716337.9920523674,862149.1288168121,96975.0913949867,-423441.2707581881,-253249.311716995,64789.856811962,29825.7083552855,-37332.866029236,-495973.3693341574,136040.6008383946,-23002.5743047093,-343181.0465860745,688201.280665401,313543.5713690893,-255669.0432226552,68597.093062235,59567.1350405727,-68150.7944984392,10434.3473802035,97005.6282791093,53076.3886799421,-33116.7573835112,788581.2749706631,-0.2708556202,-1070544.6516811592,-801710.3546291569,-0.5747749229,770413.3220536513,-843459.2650962482,437628.8041829158,-448916.693720917,-142384.1902010703,1142066.1414268606,3296.4847952405,304908.0647098076,14198.9339374355,-140573.8098175077,249159.0534111252,25889.6329575788,79912.8333004844,29618.9776780054,174638.0845637794,-600196.8916994004,37185.7106002611,362.1749074497,-798.4965601373,-150968.639493781,49501.4688221029,36806.0141240043,67102.5600400577,1295089.11087386,-0.2803698728,262468.825291291,-503515.9488866003,0.2481689634,208740.1812416324,140057.9498466517,-671076.1639801183,211111.1919255458,757940.5850525458,-1475195.1950470654,-25490.9420025805,155527.8289455976,-55926.5910354008,-103631.1096123551,86520.1213667382,-1017.2465765339,22372.0732647283,135307.7331847641,56001.3218445015,-468340.4740504071,-16488.3197913472,55167.6354603908,35302.7250424893,-39383.6573287319,-54235.3076496433,12350.2288799126,-32143.0654328332,-1181898.3954374043,-0.0328370941,2267538.8023841963,3364723.24887958,-0.2517931015,-2784107.1105965637,-994064.838510734,-852171.9356865982,296006.7024938134,72716.2529906816,-912797.3535935011,71431.6693490919,-114658.6332233224,42558.9927226263,-175538.4276202349,-83682.48116804,62353.583045251,-622821.8118518181,542158.1992069586,271029.3915182781,101542.8467596114,147085.3332788878,15150.1491840709,73870.1227952785,104742.1672705877,-88988.1838731344,-24761.529816821,57477.29007446,-339173.1323364562,0.944054657,-1343933.6095915567,327100.3351561751,0.8528751842,547584.2418738815,-184913.7798479817,-988646.6196143513,1247019.2703258374,780886.0811689956,-786547.8061081241,11856.694429863,264448.4328828394,-18854.8680543058,-264720.0689219034,147676.1843017783,-66615.520663887,-398844.0214045672,339757.8235457824,165588.651050338,607276.5690709514,-253231.7444154861,322958.0866504474,112592.5916538306,47153.7714454213,430.0097725141,-61078.3514230166,-150426.4613615365,-1955830.0818244081,-0.9619663051,-390576.7212346009,1022222.4837907628,-0.4517828999,183643.8061158666,-180595.3161693611,2794763.7686756393,-209623.7691740912,-438600.1056578144,-650483.0830309434,14698.9486165515,583483.2522560384,22735.3107688995,-325517.2589779796,-233939.5713025314,21366.0323203848,298767.0253798556,-412206.2838086534,-582912.871913214,454107.0370703792,204013.2522353668,-55294.0268099905,40844.8396283068,138011.6378305984,8759.4081011355,21212.4752091656,48425.8315849269,-1368477.1366246222,0.1244982019,1084846.7424031352,3932377.694569648,-0.045457241,-1247999.2083281933,-1312631.368829226,513806.9544521241,3637625.7508050743,-1288814.9935321338,-1039443.0436845167,109113.7736114715,-481764.591179716,-77346.650053893,-125679.717710849,1016029.5438366442,-29087.6952302922,-348546.9270226766,473025.4816100802,1244.8339010155,28885.082328661,102195.0149098494,-454570.3210622917,-71275.2481446735,-22594.8040994575,-133.0357821854,15071.8219113904,1179.2761049415,-1048403.1480382693,-0.5681356409,-1218514.0836622608,81299.6983506274,-0.446957617,1323580.6032195727,-2432832.911907851,1176325.0216791925,2743223.0221162084,30042.7200055038,1616750.0698725553,-83571.8675313996,-216490.7302891802,-12824.2256837715,197370.8166353179,482909.7744834315,-43127.5187898853,40700.7824196475,273414.0262106206,196099.2206953472,-218701.2639962163,-196758.0260218478,-320432.4504731602,74036.6003183211,-71863.9090737668,-70869.2787963126,-61435.7092924601,-8282.3228953988,-1117679.019811085,-0.9769990243,-312823.5482685812,1705044.8146527396,-0.1552689966,2591.0353163123,811384.7318298221,1209439.9039947453,-1385049.5349498992,8040.9885672632,-833349.7182073509,-3763.6707290972,-145488.110644748,33914.7422849368,70887.5919237501,-360791.8544357013,73826.5585481203,-344737.9842370643,643314.8723083275,128079.8500163243,-422990.7070875763,-342909.9280115599,-122872.5880393917,-31173.9645632574,13952.5284089598,30380.8563343967,173827.469435117,92468.8555166563,-910807.4978681573,-0.0611753608,762120.2318770307,1166652.0399506302,-0.7294909984,-208655.1374598385,134643.8710673981,-473496.8624379496,361685.4298114792,832841.0725991767,-2178989.3068294968,67750.2155870372,-69752.364338758,-35768.9137182539,250909.7443875005,280871.0200707142,24850.3541909891,-256691.5818456888,-66428.0547683086,-414752.2042507947,112642.2975988314,-190176.9683219353,290299.5167754644,61629.2537750709,-160550.7278151223,113717.2212637672,23478.0971615899,99753.357949882,205841.9350981414,0.2902811834,-230680.9985231042,11576.0831965368,0.6908764122,-164608.0998881777,-947728.9604994617,-625225.60343279,-2051129.4785988973,954127.9083011607,2843353.989913158,-53275.4141537717,-701536.5959938797,9626.4108395542,470762.5277333362,367115.5927083484,20177.8382835597,9919.5205528432,76869.4460164318,163729.9972871592,351538.6600094616,299804.080933879,-384187.8943586179,-46440.1874561958,110460.7107691206,121009.6636857427,-4171.013983879,-84666.7669038532,800576.4510021283,0.054125863,-1321345.3948286925,-1816573.476288538,0.8979179811,2432288.948003339,-1645314.543806611,-431043.4611551108,2000172.7984363989,1697271.6414621847,-167665.9732049532,-11469.7581948615,314668.1295594563,-17943.3559986754,-340348.2954035361,-228790.1940782338,-21244.7108272032,-417597.4442155099,241921.8037802072,207320.5162035064,153205.2629886065,178808.033898891,-77317.8610967315,-65018.2985469959,126649.7932881983,113267.367355611,74363.5412506699,76020.9282887684,1064023.3992631307,-0.0838677836,-517160.8017747849,184538.3912160869,0.3925462774,-795121.5225543956,-89531.9856455618,-1445348.9754758868,2124756.333156581,1058548.5473572551,-1882904.9626999847,-10420.5009061123,235817.659185311,-29200.1304181729,169230.819986606,172563.8173420409,-17577.7101705562,119112.0086484304,55541.5136333639,203048.2230870648,588774.9138386407,-173520.9556114416,-80634.2928918029,-2390.8258893916,69958.7468790218,-174674.5889907119,141127.0195700104,-33526.2772460031,1302676.9175030189,0.6035884045,2720054.102696,1016370.8321383182,-0.2560736598,-2557180.604362479,174343.9642467696,-467354.2908386347,-2437660.3690742874,504556.9769167905,-947855.1380936307,-117234.0438793127,-1019788.2758054355,23916.9606190838,52505.8713825783,-138716.5479085562,17988.8553075304,58691.3517962229,306403.9514690446,-35896.6243555854,32006.6672891881,-650203.740335131,528055.4182356717,-41660.2365023649,122939.3597457805,-63649.1470186533,-32537.0191414732,58298.2867728703,272781.6540974096,0.2569482325,-2515971.571192059,-1732084.0376835738,0.7517749824,3257554.512822179,-3211440.825203839,1980688.7214690945,-1291211.735244185,-711751.8398489717,2612633.4630544386,-6128.6475335672,-191551.5585533784,-35120.319253932,-36826.9389321473,-760543.3868986008,-59019.3424080126,1369691.3532285925,264220.0080433991,-473284.6695959691,-8000.3163326558,-157272.4559504928,-92745.9981854578,58838.9877621871,53627.8854776911,-58910.6355437779,7551.4313558529,-31218.2959143224,688287.2272155711,0.1409323836,828924.343373747,509555.0521018668,-0.4826724821,-725259.009175022,113374.7072796025,-267302.5388876927,-518809.9693954261,-610242.5019874284,82321.1999719265,99145.527504548,-843578.2796693903,34015.9099085026,259133.2581724394,-216674.682982811,32872.2201994426,959282.9226671465,-56239.9371763481,93583.7091012144,532499.0341721107,51391.2358494094,-686326.415804378,-46962.3694401038,-49833.6215243832,-45887.4852133734,-88608.0930161345,13929.4632687241
biasActivation=0,1,1
[BASIC:ACTIVATION]
"org.encog.engine.network.activation.ActivationLinear"
"org.encog.engine.network.activation.ActivationLOG"
"org.encog.engine.network.activation.ActivationLOG"
