encog,BasicNetwork,java,3.3.0,1,1425320132879
[BASIC]
[BASIC:PARAMS]
[BASIC:NETWORK]
beginTraining=0
connectionLimit=0
contextTargetOffset=0,38,0
contextTargetSize=0,14,0
endTraining=2
hasContext=t
inputCount=11
layerCounts=11,15,26
layerFeedCounts=11,14,11
layerContextCount=0,0,14
layerIndex=0,11,26
output=-0.4521782711,-0.0000309016,0.4166500568,-0.0336692013,-0.0000386698,-0.1940251548,0.6610839675,-0.8803984465,0.756669835,1.2735872347,0.181000102,11.3756915142,13.282320278,11.0496550569,13.0528260177,12.6763425862,-13.0200096733,10.5243490473,11.4308691372,10.7673177682,12.9785276442,12.0176054483,-13.1828971238,-10.6972207854,9.8999503919,1,1,0,0,0,0,0,0,0,0,0,1,1,-0.4521782711,-0.0000309016,0.4166500568,-0.0336692013,-0.0000386698,-0.1940251548,0.6610839675,-0.8803984465,0.756669835,1.2735872347,0.181000102,11.3756915142,13.282320278,11.0496550569
outputCount=11
weightIndex=0,165,529
weights=-0.0089694975,-0.0164868538,0.0036532769,0.0157038049,-0.0080606614,-0.0184317309,-0.007098906,-0.0014735343,-0.0192396031,-0.000053394,0.0210308376,0.0298628385,0.0193445672,-0.0008176872,0.1410651744,0.0000000752,0.0000000089,-0.000000282,-0.0000010257,-0.0000003987,0.0000000369,-0.0000002333,0.000000876,-0.0000002009,0.0000009081,0.0000009278,0.000002754,-0.0000007043,-0.0000006309,-0.0000031516,0.004315142,0.0075133754,-0.002965934,-0.0160536226,-0.0109317287,-0.0019896923,-0.0074185,0.0042653544,0.0160853856,-0.0146668227,0.0152704906,-0.0128584742,-0.0009269258,0.0003469767,0.3028517132,0.00394473,-0.005746842,-0.0299023186,0.0047122018,0.0103533711,0.0295528123,-0.0017179627,-0.0128579709,0.0164375022,0.0412379139,-0.0115745281,-0.0052455159,0.0021533688,-0.0006206932,0.0722158579,-0.000002302,-0.0000016264,0.0000005564,0.0000020461,-0.0000001251,-0.0000012563,-0.0000010467,-0.000000574,0.0000007076,0.0000010928,0.0000004217,0.000001774,0.0000017928,0.0000003117,-0.0000083213,-0.0101648646,0.0174523411,0.0010334651,-0.0121621531,-0.0039551921,0.0035852954,0.0141013482,-0.021152931,0.0178359749,0.0044437765,-0.0042406659,0.0071631729,-0.0027826678,-0.0208854967,0.1000107913,0.0130152885,0.010190493,0.001698482,0.0017603579,0.0095109832,0.0198009848,0.0199927252,-0.0065322096,-0.0057320545,0.0155761302,-0.0338637995,-0.041874138,0.0099943702,0.0007102382,0.1518139338,0.0198020919,-0.0160560926,-0.0217085055,0.0129703782,0.0108429608,0.0077194742,-0.0025974977,-0.0100551749,-0.0656743683,-0.0791474796,0.0068677407,0.0176450427,-0.037379287,0.0077115099,0.6917430183,-0.0366985837,0.0030200023,0.0387735216,-0.0017622615,-0.0019287375,-0.0389793412,0.000403151,0.0069347483,0.0224437693,0.0172930102,0.0025729866,0.0290788438,-0.0008720523,0.0025143624,0.0141269157,-0.007274626,0.0123980911,0.0113747523,0.0161846342,0.0056925704,-0.0067379684,-0.0208207777,0.0139860057,-0.0037838404,0.008516126,0.0065955327,-0.0060893844,-0.0082561815,-0.0013406056,0.4497174905,0.0249757738,-0.0171241453,0.0183541549,-0.0248679163,0.0034775352,-0.0205668192,-0.0054404743,0.013790766,-0.0040590951,-0.0043619712,-0.0037326317,-0.0020244308,0.0241774708,0.0129724162,0.0825681175,60807.9630472372,0.5783934719,354377.386672029,240905.2135027007,0.4378543032,23883.5431144824,-209745.8444079677,-127847.4405749444,-89649.134708351,28223.9395518932,-6759.87662401,2148.2593138804,16914.4247172903,-64540.3862812316,-14376.1007161126,77888.9341909358,63267.5814210259,-109327.7373096197,31596.3559366173,49347.8734924386,-151214.8077033721,-38557.0474799295,-43216.3047929291,-12971.58803701,-7533.600602533,10003.3414096577,7358.3593126628,-0.9925172504,-196293.4794454086,-275432.4126425176,0.0161181032,251213.9369469256,51933.5660409679,67482.8572483265,111131.1910406101,-114353.6051692227,42452.8372681287,1552.8383506892,10762.7679018291,11490.1261982495,30331.6746949531,-17591.3602112556,-69106.0407588496,88989.8178166327,-26242.0058614379,-12299.0703016788,84195.6442032738,1486.3611888401,2561.8528110889,-1328.7771255896,-29909.2253992918,15107.4239814314,-184921.7883739196,-0.9489825942,69657.0477564756,190877.5490271199,0.1763144125,62865.5505938245,-44927.2547320201,36380.790115446,-38692.8697975031,28628.7600034053,186640.552574136,3925.2828993502,-21386.5226861209,105206.5688697344,11784.9821513428,8108.240548529,121516.6511303241,24537.2937428821,-47438.9587378312,40834.1344769477,31094.2316153369,16257.8988594519,72019.3416175818,14021.7290937441,-19047.5191280067,-29047.9676180098,96134.8354143227,0.94446941,-90836.5654426823,-142129.431129741,0.8171466723,105605.8403758469,91716.0525690374,-30192.4110233346,-218138.5594056575,25217.835879969,169296.8776314824,-3102.9427684872,10075.4576829083,32820.5549257681,14005.6805620596,-98815.0119919562,-12607.3850122779,52277.8142041256,12005.8744175661,-1800.9057118374,-58275.1293222267,-15178.3195193606,35989.2145030719,5419.0912124096,-3703.3734843405,3480.6771561647,259156.6960760751,-0.3105843501,205754.3667703562,18423.5103110046,0.5988408769,153542.6181543736,-22626.1525075779,-34624.4864502923,-269398.3743890217,-109491.85982902,-159342.6458382921,-12604.4224749487,-30535.212354403,-129233.4322497499,18020.8125206603,168740.5747468713,-58598.2527295999,-44598.6533992275,26211.5976366606,12849.4346071617,-166053.8385231411,-34459.670108489,-3915.2779900024,11622.6439667893,1814.8286818075,10637.1999606424,129825.5777948949,-0.3723600755,188992.9922732698,-3766.3893301165,-0.9329976947,-199402.5896246898,-103403.0768202447,-144343.5875882245,61343.1993698755,104684.7371422673,-147290.3569814781,-8692.267365002,29197.4605468447,-109347.5004972691,4605.8802658787,62323.1063098551,-12897.7239348399,-35564.6628644546,29149.6684730199,3512.0925362108,-40559.5865008704,-24023.4506485043,-70195.4373495204,-2988.0073946328,-2610.8152538941,-28028.8889144798,7771.8095469371,-0.1583498631,156534.9531894531,151580.726448339,0.0968490829,48077.0239776504,77612.8663622537,-27816.4621654079,-228737.1484860543,-58024.8376143179,-11616.3446161718,5910.1586389009,34340.4062871655,-159374.6077750208,17340.2061860518,90804.8688117499,-49046.7123848454,-93273.6184076678,-30940.6098313176,60991.963649872,-140116.672598539,-12584.9856812423,-47434.0571941996,15685.2060376304,3510.5980071803,-8026.0827521543,-234765.8620479384,0.0602771411,3790.7917473185,47630.8956129687,-0.8335064189,-79661.7285655849,6497.3008003403,-94804.8491094924,260877.0303515982,-100630.9404446163,244119.9859200982,-9286.5960126556,13939.1949009145,72661.5150008919,1512.9202579621,-529.9605130003,38048.2843430714,37769.1956069559,-41396.1530580378,-23222.2975914158,47763.4352126429,39546.7769846635,-313.3133371624,-6014.2300795664,-19777.8176577137,-5147.5490995631,12659.4818611544,-0.4288154628,-165654.4302002029,-254215.1615582971,-0.3586095147,-22623.1346107835,-19907.3327347246,-7545.262771525,148784.0441122692,77025.0550417709,6225.0864023127,-1100.8967973788,-14669.2889408397,62084.7870447956,-12257.7322215562,-58164.197203457,-14404.045599039,56925.4376424584,4234.7991875133,-54299.012094246,64419.1357797844,14660.0885438112,71059.8222237348,-5266.9691850594,5072.9182314863,7198.7864685258,70709.0106125688,-0.578382824,108277.3231000141,62034.9953362161,0.1919458696,-277423.7715715976,139179.592718722,-261754.0980366101,-84493.7557152729,181314.205772401,-75083.8713282061,5005.5966564002,-33292.3468197005,-126533.6716019476,9030.1801214387,129547.8611311346,11965.2575004797,-63589.9314009955,61491.3036614548,16542.9355156953,-78382.6948576548,-21825.8857886883,30330.0128372912,2687.2720370149,-28965.5845903327,5413.1785684351,-113906.2750831908,0.3066419933,-200237.9599653232,163164.3837743763,-0.152627313,239503.510740212,-221805.6334404579,83821.8108789162,-163190.6847664228,38458.7407201711,112857.5415909805,557.0027356715,-48046.1771439154,58469.4429897302,-2023.5249021086,-53952.437505213,43381.6646764536,25572.9750910682,30516.6440003796,-6934.4604517604,-71552.8623034013,-17560.2068245374,65259.1861917727,5651.9927382321,-8834.1500019593,-1965.6353821495,65003.755409731,0.8076320284,-116889.7365422574,-816.7279956432,-0.1808979689,224377.3476687137,-23142.8980487053,130427.9240897089,-380036.0729938013,-23401.8989755931,-58574.9429673444,4322.8372867053,19962.5401580837,-76379.5051187293,-3250.4875460696,-70688.218245363,5993.842760871,-11734.5670220427,13978.8266203851,65258.4327925747,-28239.9732736232,5305.1901700485,-7710.6033070758,-33300.5308314083,-1762.920535386,-12333.0926223809,-39986.0626105309,0.6926974786,155606.6061183391,215644.425142935,-0.0315002363,-300680.9221394847,133627.0645199642,-107491.0903987786,-71755.4394525456,70819.1633651986,-46879.0620438828,2521.0950051965,1357.1551371181,-84071.1504546661,-974.0414636242,15054.358773072,41680.0518831721,-31521.9801632219,-34455.0676582616,34847.7992744275,60240.4206688676,13252.1379675428,-21519.6120673986,-4343.8631591228,-254.4333373674,8352.5449355047,79665.8118742847,-0.1420137783,137361.711827709,-112043.7315859925,0.5089751213,-48492.40290894,133231.786121277,47409.0806616828,-108625.5466676491,-67071.6563105409,-32944.7500549982,2197.2548304114,11938.3715835586,-117091.7014983538,8652.993591554,114479.3910805603,-56779.9294528689,-14927.1537185909,11155.9313875908,-18177.5120660912,-54847.7825200073,-24763.3314113882,-9907.0402843295,-5188.6315550469,6296.2828279359,8019.2798129613
biasActivation=0,1,1
[BASIC:ACTIVATION]
"org.encog.engine.network.activation.ActivationLinear"
"org.encog.engine.network.activation.ActivationLOG"
"org.encog.engine.network.activation.ActivationLOG"
