encog,BasicNetwork,java,3.3.0,1,1425337845535
[BASIC]
[BASIC:PARAMS]
[BASIC:NETWORK]
beginTraining=0
connectionLimit=0
contextTargetOffset=0,134,0
contextTargetSize=0,32,0
endTraining=2
hasContext=t
inputCount=50
layerCounts=50,33,83
layerFeedCounts=50,32,50
layerContextCount=0,0,32
layerIndex=0,50,83
output=0.0536583652,-0.6188186838,0.3090841287,0.0916155093,-0.3240180997,0.0304049787,0.3139620267,0.1575847227,-0.1538260572,0.1114431144,-0.0003425198,0.2538397216,0.1655299941,0.501558883,0.3507221199,-0.0013281648,-0.4376707334,-0.3479616577,-0.1942583905,0.5248938437,0.0672162844,0.1152202162,0.3161648844,0.2768988918,0.4758350585,0.0610261368,-0.0682723959,0.3824851812,0.1751962334,0.1637353916,0.191898991,0.0779144834,0.0205443441,0.1556262621,-0.0001407556,-0.3596574663,0.36109214,-0.1153106572,0.4674100893,-0.1488191516,0.3443013091,0.1863145878,-0.4810460794,0.3974501105,0.073566603,-0.0237557221,0.4100450647,-0.1401355541,0.3868274599,0.1806923218,10.7925570572,10.8082646849,9.8156996177,9.4997995453,9.9290471965,-9.6688077706,10.469381133,7.4367310313,-9.2755194096,7.4674993056,-10.2204459854,10.4679803741,-9.2067497413,9.5705742998,-9.7190205445,-7.6328747866,-9.2431287495,9.0565666543,-10.1620117189,-9.1495198718,10.1846148794,9.4473727673,-8.9764949329,10.2649448149,-9.2648204684,-10.3334010357,9.0567183308,-9.6526712762,9.5255577883,-8.5891057371,-9.3446605586,-8.6017472491,1,0,0,1,0,0,0,0,0,0,0,0,0,0,0,0,0,0,0,0,0,0,0,0,0,1,0,0,1,0,0,0,0,0,1,0,0,0,0,0,0,0,0,0,0,0,0,0,0,0,1,1,0.0536583652,-0.6188186838,0.3090841287,0.0916155093,-0.3240180997,0.0304049787,0.3139620267,0.1575847227,-0.1538260572,0.1114431144,-0.0003425198,0.2538397216,0.1655299941,0.501558883,0.3507221199,-0.0013281648,-0.4376707334,-0.3479616577,-0.1942583905,0.5248938437,0.0672162844,0.1152202162,0.3161648844,0.2768988918,0.4758350585,0.0610261368,-0.0682723959,0.3824851812,0.1751962334,0.1637353916,0.191898991,0.0779144834
outputCount=50
weightIndex=0,1650,4306
weights=##0
##double#4306
   -0.0017617148,0.002117767,-0.0022459783,0.0012524228,0.0043064432,0.0046105274,-0.0013606091,-0.0019091995,0.003830906,0.0006742375,-0.0050434368,0.0020567973,0.005322251,-0.0021468536,0.0010780264,-0.0010021203,-0.0043674735,-0.0017382655,-0.0023428794,-0.0000424927,0.0038046396,-0.0053132825,0.0010232279,0.001321765,-0.0015769053,0.0025243186,0.0032120872,0.0015422155,0.0006602817,-0.0009268101,-0.0042596855,0.0031756669,0.0487633774,-0.0094013724,-0.0035583702,-0.0011854007,-0.000605476,-0.0008057077,-0.0004327946,-0.0010992956,-0.0004686805,0.0022907631,-0.0002955177,0.006476092,0.0021439542,0.0095926173,0.0021098687,0.0042012136,0.0154873137,0.0024040644,0.0044192152,-0.0051320885,0.0001018458,-0.0082858319,-0.0069193674,0.0050895854,0.0060941487,0.0032510617,0.0045263631,-0.0098451362,-0.0015800335,0.0014838344,0.0053018187,0.0096925798,0.0035425846,0.2187943281,0.0053374564,0.0006752167,-0.0026243525,0.0063950405,-0.0033985283,0.0218013124,0.0027280288,-0.007026697,0.0003177373,-0.0008201446,-0.0015417022,0.0070094172,0.0065508763,-0.001192088,-0.0024172391,0.0037640616,-0.0079793889,-0.000403849,-0.0090879661,-0.0004478404,-0.0028512928,-0.0017619287,0.0009841133,-0.0034857682,-0.0030530066,0.0080897057,0.0028808437,0.0009553593,0.0182322507,-0.0031974047,0.0030554462,-0.0019280039,0.2473458699,0.0011394873,0.0007758271,-0.0017660941,0.0065903542,0.0005181657,-0.0056441631,0.0017560921,0.0020234396,-0.0054776676,0.0091090349,-0.0015100757,0.0019069843,-0.004718378,-0.0014118305,0.003099153,-0.0027365824,0.0020671887,0.0012673183,-0.000125177,0.0012174518,0.0023394847,-0.0024019823,0.0024557759,-0.00608481,-0.0019810662,0.0031463577,-0.0002559325,0.0014276911,-0.0048787406,0.0020384698,0.0065204684,0.0032325947,0.0414315322,-0.003659769,0.0005779165,-0.0036517724,-0.0032089743,0.004497859,0.0029217194,-0.0058239105,0.0018634539,-0.0011267847,-0.0044520208,-0.0041554991,-0.0030934156,-0.0019427782,-0.009443331,0.0084329272,-0.000103647,0.0048803328,0.0050746337,-0.0126545067,0.0005544581,0.0042724556,0.0012735025,0.0004136125,0.0015651734,0.0011672031,0.0034720356,-0.0085077299,0.0066963418,-0.0032960158,-0.0004399948,0.0083817774,-0.0058215931,0.0246109835,-0.0011786208,-0.0122365073,-0.0099993727,-0.0007882512,0.0041063156,-0.0026633762,-0.001021195,-0.0014387167,-0.0059720829,-0.0035454832,0.0012043004,0.0004128595,-0.0042555038,0.00655057,0.0097798377,-0.0003719855,0.0058727102,-0.0077917733,0.0128003121,-0.0009385852,0.0008358043,0.0041333978,-0.0015314594,0.0101436067,-0.0017912701,-0.0022769628,0.0001947054,0.0039269872,0.0032498429,0.0019771507,-0.0126318502,-0.0007890204,0.1434158928,0.0043653502,0.006822573,-0.00329078,0.0097999265,0.0060284585,0.0051724654,0.0028982104,-0.0002483065,-0.0015172715,0.0009871088,0.004445779,0.0025818375,-0.0031562726,0.0077821748,-0.0000255341,-0.0027402347,-0.0055016106,-0.0093109638,-0.0030971917,0.0044171277,0.0045027163,0.0043854383,0.0031774103,-0.0057315506,0.0020914479,-0.0009123363,-0.007171313,-0.0002751649,-0.0006717201,-0.0058819822,0.0085474368,0.0000072805,0.1167707761,-0.0052624973,-0.0025655449,0.0108190496,-0.0093412663,0.0028018964,0.0092239381,-0.0085585707,-0.0028021574,0.0044957102,-0.0096319085,-0.0016157266,0.0055519032,-0.0045999906,0.0021127838,0.0035828262,-0.0084617423,-0.0002063653,0.0010169333,-0.0067599409,-0.0051457865,0.0026430638,-0.0031408871,-0.0030808097,-0.0058099608,-0.0034874506,-0.0064806856,-0.0036100425,-0.0038012404,-0.0026757435,-0.0065073772,0.0011945871,0.0006706917,0.1342152193,-0.0066615775,-0.0048016876,0.0061076358,-0.0056073148,-0.0002404516,0.0013461257,-0.0106789916,-0.0019502704,-0.0008341163,0.0029225189,0.0058765444,0.0022905865,0.0037580108,-0.003837572,-0.0021634643,-0.004334121,-0.0096051155,-0.0030886936,0.0029026782,-0.0000245802,-0.0022458544,0.006916599,0.0011237906,-0.0023713473,-0.006236596,0.0011298379,-0.0046831215,-0.0007850757,-0.0066690067,0.0005552965,0.0003823459,-0.0041739546,0.1138520855,-0.002618435,-0.0027352929,-0.0148969219,0.0011785889,-0.007204758,-0.0011584074,-0.004240591,0.0018859014,-0.0069092661,0.0059670887,-0.0049767007,0.0026244428,-0.0088622923,-0.0082297556,0.0067381156,0.0012903393,-0.0038370633,0.0034392081,-0.0018547874,-0.0017783913,-0.0053164992,0.0069460103,-0.0058546405,0.0013826559,0.0011937556,0.0000369833,0.0022335205,0.0021712239,-0.0063704328,-0.0021500224,0.0001959152,-0.0031367021,0.1298065768,-0.0000036283,0.00000085,0.0000043661,0.0000001424,0.0000087535,0.0000017641,0.0000022522,0.000000313,-0.0000017764,0.0000072847,-0.0000021347,0.0000023208,-0.000003487,-0.0000104681,-0.0000050124,-0.0000009351,0.0000062714,-0.0000036502,-0.0000009253,0.000008491,-0.000009669,0.0000008114,0.0000037397,0.0000072321,-0.0000024157,-0.0000198418,-0.0000023876,0.0000068214,0.0000023178,0.0000140954,0.0000024434,0.0000027444,-0.0003423447,0.0055885204,-0.0034353998,0.001586269,-0.0017754839,0.0025161373,0.0047113986,0.0029195185,0.004500462,0.0037951125,-0.0032142743,0.008466797,-0.0004716987,-0.0011662505,-0.0015329633,-0.0061064537,0.0002891425,-0.0049017315,-0.0014193662,-0.0044651704,-0.0060120169,0.0057154129,0.0009599912,0.0024077582,-0.0012130433,0.0015309939,0.0012779973,-0.0024042568,-0.0116472147,0.0053171754,0.000348897,0.0041320592,-0.001576112,0.03405035,-0.0012017102,0.0022313676,-0.0038849018,-0.0019462161,-0.0006939233,-0.0053815366,-0.0109881508,-0.0031680388,-0.0004312014,0.0017934505,0.0128596912,-0.000241402,0.0053808064,0.0011243767,-0.0032302477,-0.0023848209,-0.0064671384,-0.0073776413,-0.0081605635,0.0053868602,0.004086934,0.0102161828,0.0004590886,0.0036563914,0.0017686719,-0.001731715,0.0080979787,-0.0048044979,0.00279489,0.0018456023,0.0059220176,-0.0036962731,0.1036033936,-0.0016948725,0.0015038947,-0.0018133709,0.0111535284,-0.0054559851,-0.0133272903,0.0003804518,0.0062186993,-0.0076927741,-0.0019659245,0.0016623431,0.0013521877,0.0046568059,0.0014886015,-0.0021782961,0.0028886053,0.0088084646,0.006616955,-0.0073973889,-0.0065074176,-0.0026030354,-0.0033103511,0.0017154558,0.0022222572,-0.0065787348,0.0048969464,0.0032550848,-0.0073759298,-0.0060154511,-0.0004348735,-0.0016007428,0.005371269,0.1771234671,0.0066040464,-0.003652858,0.0077721044,-0.0058991237,0.0036542069,-0.0102191746,-0.0021060228,-0.0106731708,-0.0005446353,0.0069844052,-0.0016514712,0.0050944966,0.003039683,0.0051880668,-0.0005996548,0.0064090093,-0.0093094106,-0.0043862749,0.0063616858,-0.0073626662,-0.0102017609,0.0045462649,-0.0026366034,0.0092476603,0.0047449242,0.0083657548,0.009544239,0.0013072167,-0.0045130267,-0.0007998548,0.0058334222,-0.0051078627,0.1556167871,-0.0000066139,0.0000009037,0.0000033338,0.0000012486,0.0000335893,0.0000203491,-0.0000093885,-0.0000020408,-0.0000022902,0.0000278265,0.0000011725,0.0000064865,-0.0000078105,-0.0000260276,-0.0000196946,-0.0000020582,0.0000202187,-0.000005815,-0.0000016675,0.0000290508,-0.0000235522,0.0000146566,0.0000091121,0.0000349677,-0.0000104733,-0.0000614219,-0.0000128461,0.0000269819,-0.0000082288,0.0000497744,0.0000093125,0.000001637,-0.0010845836,-0.0089182601,0.0013848102,-0.0025172025,-0.009345008,-0.0080734881,-0.0032746953,0.0042745761,-0.0097592451,0.0043058379,0.001666118,0.0016663117,-0.0092543215,0.0035493199,0.0005752703,-0.0089295937,-0.0116831903,0.0083920866,-0.0085411899,-0.00222418,0.0079012236,0.0015436824,-0.0129216875,0.0010974171,-0.004018371,0.0090064253,-0.012186056,-0.0006781589,-0.0010351974,0.0041796231,-0.0015702567,0.0055949354,0.0010335453,0.1496397845,0.0022221176,-0.0071598962,0.0008837333,-0.0007861741,0.0030846324,0.0038835309,-0.0052881148,0.0067961265,-0.0023827033,0.0010354945,0.0008499456,-0.0032751833,-0.0006379974,-0.0010402517,0.0098648812,0.0033265949,0.0064779639,-0.0021195997,-0.0022959201,0.0039363834,0.0008114839,0.0028892783,-0.0009277261,0.0005520692,0.0022104432,0.0102798163,-0.0041754803,0.001220386,0.0027844604,0.0077524064,-0.0006778314,0.001577875,0.120272889,-0.0050523467,-0.0029056847,0.0061749381,-0.005841549,0.0005372528,0.0014002113,-0.0089874978,-0.0048016861,0.00046986,0.0029126766,0.0071513627,0.0015376108,0.0008152178,-0.0023381965,-0.0033398686,-0.0042461637,-0.0086015774,-0.0022618729,0.0035792504,0.0007902412,-0.0033105791,0.0057061086,0.0021275027,-0.0004597052,-0.0051267515,0.0008428903,-0.0036686764,-0.0014502119,-0.0088060371,0.0018546285,0.0014609772,-0.0040246143,0.0766707523,-0.0084969401,0.0038765744,0.0030258278,0.0046124147,0.0008532796,-0.0088426433,0.007318753,-0.0016326641,-0.0036919576,0.0020079606,-0.0011271412,-0.0016591869,0.0041644831,0.0042515856,-0.0028755349,-0.0018529725,0.0070876675,0.0011538689,-0.0065089119,0.0063703855,0.0043782819,0.0030331543,0.0005540929,0.0063327896,-0.0020537099,-0.0036072251,0.007806069,-0.0067826391,0.0012727958,0.0053943237,-0.0027561471,0.0008491029,-0.0078879839,-0.0022462818,-0.0036236068,0.0042025987,-0.0015603462,0.0003777442,-0.0005897573,-0.002489635,0.0115667531,0.0028714411,-0.0083428496,0.0088292147,0.0043706677,0.0019988861,0.0101055146,0.0009723367,0.0001135922,-0.0002256115,-0.0034709983,0.0009978742,0.0028189395,-0.0025296161,-0.0086722091,0.0024452643,0.008000691,-0.0018453707,-0.0077282581,0.0010795015,0.0030279237,-0.0048476424,-0.0056304943,0.0002626564,-0.0005126585,0.131367885,-0.0022247563,0.00176571,0.0014570664,0.000186703,0.005348116,-0.0002418207,-0.0012879473,0.0038757138,-0.0028343867,0.0044608641,0.0015340127,-0.0019278476,-0.0006470123,-0.0022865359,-0.0036290214,0.0034871884,0.0049630664,0.0011681306,0.0048126381,-0.0058435545,0.0002765639,0.0019393554,0.00270975,-0.0050863774,0.0019309445,-0.0022329967,0.0039508304,0.0027753306,0.0013829123,-0.0051654267,-0.0022588739,0.0031801644,0.0374855887,0.0042090514,0.0009962861,-0.0019791005,-0.0096111976,-0.0030153574,-0.0000206648,0.0001630612,0.0006672026,0.0029652096,0.0047029586,-0.006315512,0.0062732944,-0.0010791178,0.0041199375,-0.0030783032,0.0038461836,-0.0019773277,-0.0016930452,-0.0008601955,-0.0026211525,0.0039118684,0.008739161,0.0015928105,0.0022941089,-0.000667412,-0.0036417853,-0.0049226619,0.0038255964,-0.0024711349,-0.0011192683,-0.0060807691,-0.00181557,0.0178737465,0.0007056451,-0.0044623629,0.0040119821,-0.0048556458,0.0081894279,-0.0055188095,-0.0069810437,0.0061947899,0.0007855606,0.0032644281,0.0170157168,-0.0036074463,-0.0009046814,0.0003191838,-0.008169715,-0.0000118334,-0.0050114208,0.0036373739,0.0153736287,-0.001840206,0.0069225448,0.0018357895,0.0060316982,0.0026295719,-0.0005140786,0.0043626185,0.0046349231,-0.001026106,-0.0035234433,-0.0125363309,-0.0019606387,-0.004611892,0.1760718526,0.0035179103,0.0071366766,0.0069408644,0.005808504,0.0017899383,0.0216920151,0.0042935103,-0.0008367074,-0.0051660632,-0.0013951431,0.0048202266,0.0047038863,-0.0018910168,-0.0024128287,-0.0065151811,0.0065539818,-0.0018052235,0.0010362341,0.0068502233,-0.0049656529,-0.0030924155,0.0113025341,-0.0020649905,-0.0042375921,-0.0060093499,-0.0022854612,0.0038031513,0.0033734181,0.004481075,-0.003404178,0.0049147631,-0.0008931147,0.1785040489,0.0027502698,0.0016845204,0.0000518813,-0.0011676514,-0.0065941317,-0.0012226557,0.004551513,-0.0036681938,-0.0047004415,0.0044695785,0.0028548582,-0.0054994774,-0.0018118857,-0.0072446085,-0.0003875636,-0.0026560916,-0.0033087269,0.0012118643,0.0017672813,0.0044696416,-0.0044064427,-0.0032117508,-0.0029478013,-0.0018913751,0.0014799412,-0.0054593844,-0.0042423626,-0.0018775236,0.0022358137,-0.0043473986,-0.0083722716,0.0036653686,0.0531050908,0.0041799414,-0.0003068567,0.003303637,-0.0018675613,-0.0039855965,0.001594012,0.0026367121,-0.0054491786,-0.0063752335,0.0027429777,0.0035060175,-0.0055442336,0.0001313205,-0.004093352,-0.0013628995,-0.0024725823,-0.0010850177,-0.0007631668,0.0000368865,0.001054204,0.0000990276,-0.0032782792,0.0005288011,0.0024371606,0.001642893,-0.0033376292,-0.0043803466,0.0004143093,-0.0023433702,-0.0024387184,-0.0051372919,0.0043889797,-0.0022104098,-0.0016134259,0.001484353,0.0104264035,0.0101821047,0.004623689,0.0065165144,-0.000061168,-0.0022044072,-0.0027774462,0.0072242962,-0.0041434732,0.0040552184,-0.005959519,0.0026138221,0.0007764207,0.0139324407,0.000026326,0.0089438084,0.012454909,0.0032021324,0.0037044395,0.0013652427,0.0060008704,-0.0047424645,0.005329406,-0.003993834,0.0061791526,-0.001361348,0.0018782083,-0.0035919596,0.0022244729,0.0072217813,0.1886123461,0.0031706458,0.0039817231,-0.0053531293,-0.0017462364,-0.0017585269,-0.0064974402,0.009514205,-0.0011173996,0.011663858,-0.0074777507,-0.0052270854,-0.0006093281,-0.0020700809,-0.0016459977,0.0016454681,0.002942842,0.0034124364,-0.0017393048,-0.0002845626,-0.003268098,0.0018133695,0.0041033377,0.0018501463,-0.0051305034,-0.0041610469,-0.0042117831,-0.0005962438,0.0027365546,0.0011663883,-0.0009654192,-0.0087885779,0.0034701905,0.0871486529,-0.0110346031,0.0026608598,-0.0020273568,0.0092174024,-0.0001294719,-0.014904361,0.0145163474,0.0008186983,0.0065721541,-0.0058505607,0.0017878972,-0.0022341028,0.0056999187,-0.0063735635,0.0118556437,0.0039546314,0.0085686792,-0.0047152716,-0.0059052774,0.0108518285,0.0000435442,0.0053924237,-0.0018920399,-0.003174784,-0.0011776186,-0.0062497375,0.0029340648,-0.0033499237,0.0039635975,0.0067406843,-0.0107954359,-0.0008181008,0.1939388533,-0.0164711749,0.0085481668,0.0010322736,0.0001177327,-0.0010525218,0.0062179281,-0.0029194024,0.0048240631,0.0129685735,-0.0030849424,-0.0160980419,0.0041788655,-0.0087564489,0.0003207091,-0.00619093,0.000299403,-0.0127081926,-0.0095899004,-0.0046057197,-0.0005637968,0.0043588642,-0.0050651846,0.0015722444,0.0067765658,0.0069145411,0.0020592473,0.0053015432,0.0065043848,-0.0027543705,0.0040316309,0.0015260427,0.005625619,0.2138286201,0.0083482844,0.0054543564,-0.0092142692,-0.000998986,0.0046695215,-0.0102252339,0.0115366239,0.002733942,-0.0042833735,-0.0091110861,0.0015246664,0.0015627942,-0.001707765,0.0064348647,-0.0004314069,0.000045124,-0.0018453969,-0.0019112495,0.0081232853,0.0141028492,0.0042798902,-0.0040768909,-0.0030523264,-0.0105948041,-0.0008989123,0.004414594,-0.0036075851,0.0079506757,-0.0081991966,-0.0074731604,0.0043565224,-0.0011922243,0.1680232203,-0.0024642509,0.0002912908,-0.0034715335,0.0079400715,-0.0032097764,-0.0033971172,-0.0020000766,0.0042997554,0.0004481198,-0.0021612666,-0.0098871127,-0.0116985895,0.0023847662,-0.0031744319,0.0022733215,-0.0071623754,-0.0095644284,0.0000331683,0.000087899,-0.0068411739,-0.003958818,0.0019460707,-0.0078086988,0.0034697499,0.0076735428,0.0022013722,-0.000363939,0.0070549997,-0.0033205073,0.0015061958,0.0062272254,-0.0022674449,0.0664007319,0.0067686092,-0.0047912532,0.0113540968,-0.0002996075,-0.0019774274,0.0065379249,0.0023997983,0.0046027293,0.0048204006,-0.0111995964,-0.0049589013,-0.0014159105,-0.0037737015,-0.001849197,0.0009818917,0.0048950732,-0.0034203048,0.00118745,-0.0038189372,0.0108187759,-0.0046884333,0.0003180534,0.0027328467,-0.0044449225,-0.0023474453,-0.0110950895,0.0044317705,0.0010115023,0.0024265531,-0.0026688687,-0.0036332903,0.0016952709,0.0721320084,-0.0000002239,-0.0000010366,0.0000025946,-0.0000008323,0.0000030597,0.0000000966,0.0000027021,-0.0000001687,-0.0000003905,0.0000033125,-0.0000010724,-0.0000004687,-0.0000002355,-0.0000055504,-0.0000048876,0.0000013988,0.0000017607,-0.0000002792,0.0000000045,0.0000020247,-0.0000034745,0.0000008217,-0.0000010777,0.000003601,-0.0000000527,-0.0000063756,-0.0000025967,0.0000008597,0.000001257,0.0000055075,0.0000032581,0.0000003718,-0.0001686803,0.0001205408,0.00359036,-0.0136166648,-0.0044965167,-0.0038015849,-0.0017052772,0.0020023031,-0.0024806741,0.0006789235,-0.0015789643,0.0067267472,-0.0008895734,0.0076114969,0.0092348174,-0.0069291504,0.0082408337,0.0058134177,-0.0023585174,-0.0009055105,0.0049379284,-0.0071880141,-0.0071110626,0.001529863,-0.0026963732,-0.0046118642,-0.0026541146,-0.0077545477,-0.0012196638,-0.0023671524,-0.0006392755,0.0102511864,-0.0043953212,0.2249732141,0.0011748167,0.0003597543,0.007136725,0.0022480578,0.0057594259,-0.0062380311,-0.0055737914,-0.0022802637,-0.006800546,0.0083667429,-0.0069177465,0.0072308643,-0.0072220466,-0.0034088527,0.0085652694,0.0017418359,-0.0015414433,0.0021819454,-0.0052778337,0.0015725784,0.0046303813,-0.0091162335,0.0056895479,-0.0043502953,-0.0037336498,-0.0006118041,-0.0043700058,-0.0048385269,-0.0004149646,-0.0020254656,0.0119391933,0.0038465097,0.1462601377,-0.0091412742,-0.0004015105,-0.0088372745,0.0049849476,0.00050874,-0.0060882703,0.0093071302,-0.0090761008,-0.0027087877,-0.0058832052,-0.0058942401,0.0038953213,0.00698758,-0.0005603431,-0.0047088288,-0.00416542,0.0131963266,-0.0009802116,0.0012570262,-0.0029425801,-0.0074054886,-0.0060976855,0.0060196502,-0.0034778458,0.0061283839,-0.0032240264,-0.0022991772,-0.0075407996,0.001541918,0.0037239183,-0.0067081435,-0.0059853955,0.0572321216,0.0094340526,-0.0006278995,-0.0016079872,-0.0104772113,-0.0029041935,0.004866982,0.0024257908,0.0132242582,0.0091232322,0.0068546936,-0.0034781522,0.0027475269,-0.0096717752,0.0006988348,-0.0054546386,-0.0023185147,0.0047095792,0.0094856887,0.0045207884,0.0035035943,0.0004694837,0.0029769486,-0.0051946688,0.0012559404,-0.0003265556,0.006711163,-0.0000466896,-0.0108940411,0.0082668895,0.0063551942,-0.0048987222,0.0008417236,0.0846114769,-0.0072746844,0.0012933757,-0.0093842762,0.0019532864,-0.0027891438,0.0027238149,0.0004742155,0.0027196406,-0.0031534723,-0.0021100971,-0.0047361609,-0.0033565321,-0.0031535201,-0.0048742009,0.0006417243,-0.0007109595,-0.0029716574,0.000955464,-0.0028573206,-0.0004505779,-0.0016103106,0.0034405916,-0.0017961859,0.0036763365,0.0019900494,0.0020796206,0.0015923111,0.0037519562,-0.0044324607,0.0017484712,0.0029476274,-0.0021641211,-0.0015790767,0.0062909946,-0.0070998477,0.0021440647,-0.0032629581,0.0023313748,-0.0051764702,-0.0006666827,-0.0030315252,-0.0010088275,0.0018956152,-0.0050394216,-0.0019384597,0.0051292265,0.0075033531,0.0041843204,0.0014767574,-0.0045535577,-0.0007354748,0.0001306622,-0.0078985148,-0.0014918907,0.004313121,-0.0050319268,-0.0000998382,0.002034757,-0.0024368579,-0.0014050911,0.0025768287,-0.0027564059,-0.0042177148,-0.0025371936,-0.0052698481,0.0682399491,0.0033751447,-0.0007141375,-0.0004065084,-0.0006724978,0.0053959605,0.007367755,0.0014690651,0.0003729874,0.0088702098,0.0026639977,-0.0010436768,0.0006696454,0.0032834106,-0.0029767055,-0.0025889845,-0.0034635473,-0.0061105839,0.0028970865,0.0002671551,-0.0029577998,0.0069223978,-0.0069112972,0.0025866948,0.0033019233,-0.000905394,0.0053419484,0.0006658042,-0.0036091245,0.0024454099,-0.0016401246,-0.0029670674,0.0006912269,0.0431507381,0.0006792631,-0.0023025548,0.0021571362,0.0004093046,0.0029189808,0.0027280269,-0.0005359131,0.0021700092,0.0031445619,-0.0010453075,0.0049031439,-0.0009279541,0.0024377221,-0.0035628247,0.0066278086,0.0036660501,0.0039646507,0.0000568361,-0.0025204472,0.0014272084,0.0022075221,0.002393942,0.002149953,-0.0001754422,0.0045931737,0.0060406308,-0.0061903697,0.0053270381,-0.0020144056,0.0033067276,0.0032291756,-0.0012215867,0.0233488308,0.0144392603,0.0008450561,0.006098766,-0.0085886738,-0.0037503396,-0.0037460788,0.0031204454,0.0122058893,0.0076370795,0.0050647045,-0.0073201334,-0.0070752816,0.0035729449,0.0038547618,-0.0050010804,-0.0045381195,-0.0013539968,-0.0040486502,0.0111090649,-0.0113208303,0.0006774313,0.0007169714,-0.0065979813,0.0064648035,-0.0000756449,0.0156023248,0.0007293697,-0.0019679891,0.0065000051,0.0115890998,0.0047120471,0.0006681503,0.1933349319,-0.0054594637,-0.0023430478,-0.0028143026,-0.0002545493,-0.0005713044,-0.007505503,0.0090218293,-0.0084652051,-0.0028371022,-0.0005439031,0.0131990029,-0.0044123299,0.003422181,0.0016729494,0.0076507446,-0.0055196214,0.0027038841,-0.0053958399,0.0048747135,0.0040149263,0.0107656793,-0.0062580326,-0.0001797723,0.0111014201,-0.0004384151,-0.0096607956,0.0051270572,0.0051099127,0.0039021313,-0.0033170434,-0.0082271077,0.0015136403,0.0595352699,0.0049060563,0.0031246416,-0.0096418239,0.0048452023,-0.0019536488,-0.0024230645,-0.0037478114,0.0035706534,0.0044923056,-0.001235023,-0.0003225335,0.0014680918,0.0102057244,-0.0037033907,0.0066324302,0.0015934786,-0.0005902248,0.0057884022,-0.0059745793,0.0000048539,-0.0006880946,-0.007722507,0.0007750957,0.0003271286,-0.0118011843,-0.0003519694,0.0037317185,0.0029486816,-0.0056513996,0.0021130459,-0.0034130291,0.0137421881,0.1900494495,0.0082816361,-0.0023369298,0.0073508381,-0.0032671009,0.0061528815,-0.0049269013,-0.0045432275,-0.0034125366,0.0022941393,-0.00001378,-0.0076533091,-0.0028805021,0.0030246578,0.0019795772,0.0055325821,-0.0042892232,0.0034473896,0.0061319555,-0.0087366957,-0.0059504844,0.0006225429,-0.0036769454,-0.0034589013,-0.0025226447,-0.0031284148,-0.0039254169,-0.0015951278,-0.0004815162,0.0024064653,-0.0029027477,0.0034253775,-0.0057823923,0.0032823698,0.0056609013,-0.0010383602,-0.0004643326,-0.0113928917,0.002836038,-0.0016358654,-0.0056263673,-0.0051477545,0.0026151432,-0.00283964,-0.0044251795,0.0075994546,0.0020531373,-0.0028143676,-0.0013054884,-0.0021689142,0.008558495,0.0018699778,-0.0011790693,0.0019755096,0.0039999975,-0.0045366011,-0.0024189951,-0.0039432511,0.0004681786,-0.0047076234,-0.0039212781,-0.0035953426,-0.0027579117,-0.000694937,0.0067814209,-0.0049512498,0.0000011129,-0.0039826619,0.0053283448,0.0141500124,0.0006564198,0.0011827335,0.0055446808,0.0119616742,-0.0027725869,-0.01536377,0.0035884517,0.0017052556,-0.0029271368,0.0058362411,-0.0071946737,-0.0085022922,-0.0052141495,0.0048879104,0.0010650702,0.0107356805,-0.0133669282,-0.0032875607,0.0028013638,0.0018952776,-0.0009488695,-0.0013268688,0.0006886159,-0.0020004074,-0.0034166696,-0.0064953267,-0.0015572159,-0.0103920389,0.0113995071,0.1287707116,0.0070220205,0.0023205262,0.0005397309,0.0086736492,-0.0082280506,0.0048407802,-0.0115438774,0.0046909352,-0.0024977924,0.0018579073,-0.0079818478,-0.0059676599,-0.0078919332,-0.004338463,-0.000933073,-0.0040274755,-0.0006916382,0.0056687153,0.0098343592,0.0118300773,-0.0102926436,0.0030225968,-0.0048345974,-0.0012563472,0.0005711342,-0.0042729041,0.0007619084,0.0001051171,0.0134639687,0.0097227047,-0.0078353591,-0.0000933569,0.1122070877,-8298.6030946979,10932.3809923606,-272.3142574354,2885.7522708789,1109.3130888276,0.7896653474,17687.2652386285,0.378201278,-3533.9346026271,2.7141846178,-0.3423325417,-7096.7039776252,2743.2114514585,1.1422113862,1143.0155458146,0.6229315225,8140.7318301425,9058.5128936485,-3533.6019077025,18837.1502001431,6.1931150519,-0.6917110716,-297.3392113085,-11206.7071028839,-9.5514582165,-0.3000748727,0.0416043354,2601.4186514936,-0.3799868308,-0.115184451,-2576.0249766908,7737.0256455047,-1260.2582955774,38835.5930292528,0.2875551144,-449.2310493483,7961.7003095869,-16788.6519863959,-11199.7367606531,-1789.1801799557,0.8816798159,-16502.2700397666,-0.9832371557,-5890.9076991141,-4.9351213638,6485.930550648,-16.0255332797,-7641.7700658099,0.3710401549,16.7359807453,-0.5853896714,1250.9377432324,9757.0865154292,3954.5447162748,-983.983306981,7.6985863219,-1516.6399220016,-2757.904300811,2542.1976996196,13451.514413224,6402.9206149697,1285.3725309145,-5500.8135585833,5799.9201647546,-3707.8719158468,5602.9998090589,-4060.4118118411,-1579.3102763183,3592.0099345682,-13665.2414455797,-6248.5656040987,-1911.7087467149,337.9420328019,-7437.8902695345,4508.7385870652,1042.4951010096,-228.4316469634,8806.0001860703,-71.2066829507,-104.2780543956,6369.2343942214,1934.4029657313,-1836.6457742001,1.3210013627,4126.0823363654,-31.5434674233,3995.6537605026,-232.7994066158,1380.6503781518,1.0510810363,158.4011548901,4812.52893687,31.7643895,0.9705559389,-0.8282251935,8882.305836126,-6244.5667626886,-0.3764575173,-0.2393211659,22.2825161696,5319.5395721342,4812.2274476856,-10732.0135246982,-2928.8260811519,12336.9680734898,0.7254002587,-713.4267144992,0.4930509169,-0.2279832298,-0.2006267368,2379.1548318076,-0.2560344471,0.177715896,-0.1136200146,-25263.5981420142,-0.1895154999,-0.6671281833,0.8089823666,-13488.5163920927,2716.1548707883,-0.7086232827,21.8853446233,-7133.3437861468,0.7347511627,-8096.0162623617,-0.1709650198,0.9489469501,0.0096499547,-0.027396042,-0.3603459328,-2568.7851865349,-0.094521009,22718.5300976003,-0.0006184205,54.6870956141,-1034.262181635,1630.1587905983,1376.8609384709,-9462.0960987415,10542.832635676,1466.7245184855,-12880.9070671084,-10316.8190609084,-9429.7138163144,9300.244650992,8971.292221686,-622.8641500346,-11960.4893653513,7001.4791668143,818.1923953862,5506.634305774,4966.7383788968,-8.2392796961,-15884.6343762392,1907.0683103004,-2008.2891897033,1175.0404079415,4163.4318200348,3558.3597327942,-6788.057140747,-3456.7344915097,12395.2615839388,7513.2596321952,-14958.9648270564,4921.6116907987,9801.9937875563,182.1336455371,-14442.3445051197,9617.4565026004,-3174.8133099015,0.0925133453,1239.6539513361,-7879.7907351832,28.1510304764,-328.2655016263,2403.2886849325,-0.7854841384,-203.2911862968,0.9175388655,-5329.3326656432,1.2829496445,-0.500735616,-1328.5984850473,-0.8208206599,-327.1513574186,15306.4328820842,8.9162512786,1778.3968410751,44075.0440231669,-1688.0324219434,7550.0914043423,0.006548053,10.6257614273,0.2898143657,730.6606300054,-1790.1454749477,344.0357811277,0.6913409306,-2035.7168108919,5900.6431108079,-0.8186246588,-16911.2478652823,-2.2088241382,-19438.3200670616,3388.6239815847,1823.9153199272,-0.362608663,1.0174943066,-34821.4366607836,-0.9068075808,-0.278038482,10378.6945629213,-12785.9816566044,-3046.7040718276,3102.6994000568,-0.9800151351,0.4620806527,48.7397540069,-86.712848657,-1897.1483162747,9787.2728822362,-5516.4483398949,167.2685988919,-6327.6484561453,-290.6950614757,140.4303852034,2.6955837553,7568.3758952385,-1120.9181894983,2297.742641071,1050.3089476849,-1674.7628299972,-8196.5558488765,-6525.8002564287,-3534.4431360793,1369.004009026,-7213.7791524426,-5834.8115211279,2770.7161569797,2558.0657879543,16679.2505224671,-4309.9296927012,3679.7346392115,-1396.1622298542,-2.8881378523,-1157.7156870166,-8164.4017490639,5659.6010252889,4559.0681305039,-0.8592820363,1935.3636177335,-3750.4738720328,25105.338742305,0.7131713515,842.7871196921,-16012.7463177277,0.1806680097,-122.3941875905,524.8826268183,-0.4475764796,-8115.0717316628,-299.1475810204,-1754.5782650732,0.0372862199,-0.3104667065,-180.1675148198,2693.9317463893,-122.4472892482,-1604.5792438974,-5852.1211242566,21715.6779716497,-8353.2099761002,6263.9541692287,-150.7657186139,-488.8513355325,-2608.7476192118,23942.197736321,-0.6360297031,1.0711302517,-0.681093074,-100.1221970137,0.2146214567,3486.9738887257,0.4077026574,-6203.9896897879,8764.0872083119,8373.9841993564,-0.8605499323,0.3256571767,4903.3925993421,-0.6720368598,7342.8426980872,-1912.0913491519,-2008.3994388053,-24.2389115313,0.223488699,-4082.8488868154,-3327.0980830697,-0.1232263698,0.0776815108,7880.199201941,10290.4429343147,-170.003939466,6758.1535392666,2379.0113467069,-6265.8621210709,-11040.7660969653,1610.673963738,9631.6866289107,1216.0854275142,5950.9131728603,-9153.8776346702,10137.4611710803,-430.7677501017,2877.4358953669,-3532.8760707989,2631.9710116919,108.8874839409,-330.2715826646,-2710.4451008725,-7632.851102563,-1367.1850980316,-3078.2270700596,-0.294324876,-10548.06631873,924.3126821418,59.5292722591,0.8041419974,3400.4726002326,-7366.1915689488,-3672.6808484798,-4.0641022773,1.0448948245,0.8922144498,19380.3988186906,-0.1650191968,-1.1260782571,-0.5145531527,-3764.3949707533,5680.178904064,-20538.0778942717,-2181.1067279195,-0.8461376853,514.1317870483,-1754.0823933949,-0.8257867735,-315.4140443678,0.5687500266,0.6717269548,0.2643112802,-20537.9914326342,21260.5974821631,1133.5056487383,-7426.7091206044,-5793.0450978018,-0.5589019306,-9075.0010739012,-0.742229525,0.8782467794,26.3563866907,0.6511781045,0.3225288585,2916.2220567055,-3.3046744047,-3846.5881894489,15327.5458682314,-0.8159502776,-7332.3904878737,3817.5011299255,26.1618268149,17139.5288623246,18283.9164126892,-15712.9074142456,878.9214427231,-10402.0075014463,22598.2797978834,0.5994849275,-5952.2373631551,6224.2201267152,-2396.447370501,14983.2617630365,-8019.1509314067,-2.7479463591,-18659.5956897808,3795.1610332017,7485.9444176606,-9263.5642301517,26241.0001808593,-3921.881588541,3392.0715612562,16807.2133972697,-21003.2807281435,7875.8206939453,-12090.7591987828,-17414.5075175617,-5653.0492411177,7754.7412559282,-89.4772249633
   11642.6834913318,5068.5586168129,-8303.8398064626,-1436.1113652426,15742.6318739722,202.2527776149,1242.3052722504,30741.4289198861,-0.6154232779,-1622.5687107483,7614.5794141923,-5250.2077122907,9558.1021912084,23853.3978327006,-16632.9442351512,5335.2052818556,689.8123218268,-4120.0075661673,-506.6323807967,18.6882073912,31425.2315468748,-0.1206331443,4617.4790913611,-0.5087496502,3164.8858306458,930.3120387581,0.1140434824,-0.9000226668,-1075.766454947,-2240.4659261056,0.4973697032,1.8439787223,-0.1381107306,1116.5438104381,0.996768853,929.8754901366,0.0940907569,-1469.2765254585,-19768.8033968029,14828.1083758425,-1719.224960711,-270.6323136202,-4421.4915511918,-0.6116711643,0.4563581065,0.2332063242,-5644.7254780862,0.6778569701,-14.1926669495,-6188.0656013256,-10490.2678786255,0.9453782828,-1178.6331237586,44457.3220965255,-0.9464657144,0.5055842254,-0.022366226,-857.134518744,1.0703405468,-26692.0541031913,-74.299565056,0.69440129,597.9055330563,-0.2063096355,7061.1107949141,-68.3163350048,-3378.4412505002,0.5560914327,-2193.5988062086,-33.4288269222,-7994.2737732641,4181.8121843548,-831.1076818817,-165.3935774426,-3764.9909412771,317.4744875193,233.7848876318,3856.7094818984,3561.3031583192,2813.8238296625,2245.6959585798,5.2413811013,-3633.9344978442,3527.9520542905,2208.4718405643,-10.9945014155,-6640.1785980795,-2026.4702532936,1797.1566687929,-11107.2699725101,8358.6375228094,1108.4986915703,2518.9965705662,4650.0389271911,2864.5113497089,4922.6760780991,-568.2205708631,3350.378663658,-5576.1327883631,0.3412088004,0.8094537382,-1.1682097106,-9396.9783386921,3058.1052100953,-17636.3815420796,-0.083502413,-0.6121648923,6804.123288633,1.3451417604,0.0916537386,0.645376327,0.6065918369,-69.9860816826,31.3395313854,0.2780001638,-0.6459929811,53.5466566806,-0.2143463473,2.1471490574,-194.5818735923,5688.5118846063,22390.7681490985,0.7402310898,1.0265463397,-1857.0115377992,0.5758255868,-2567.231990375,21424.2127803157,-6335.1010502154,-1335.8056150398,0.4192675489,-0.6930341989,-1213.3531590849,10984.6874914464,-0.6291613087,2290.4138900329,0.832110411,1864.2391394264,65.830432063,-18308.855778637,37470.6963251704,-61.4863401198,-5600.6289238269,-0.8936455172,-2934.8023630091,0.4918761677,0.8846044136,0.606084352,-0.4350690803,-0.4221725214,34.4135050283,2021.1675738206,1.4319684666,1551.7762388908,-2737.2200382821,9145.6598170692,-1998.9767548531,6945.413503202,5441.2563156025,-8955.1273491373,-3353.3306524609,-4689.9131064174,2896.8081058605,1364.8089714093,-1275.6210446049,1644.6704999334,-4372.4787404246,5715.0850620888,3588.1195334178,598.472229782,-513.4797438593,-4192.8350498399,1631.5329431202,-784.8399523318,1108.4872917483,4235.7944091543,-573.8836155683,-4041.3394945819,4952.2028453977,2391.5801338342,14053.0647382039,3375.6453696079,1139.4400458209,-12723.9423515243,0.7843806347,-317.4323925435,-0.1951219586,-1.0648274932,7.440587089,450.5925261964,-5599.5124708873,-1805.4557328778,-289.4711534884,0.6339166919,10393.4279234613,39476.5086300043,5226.0327188119,-2840.3258841226,-0.725273468,8276.8998483151,-0.2877681147,-1805.1550504458,32940.891974793,-982.1215009268,1718.3353073501,0.6681503093,0.9460638867,-5589.0805696459,-0.0111297373,12534.8225411499,-1.0474964994,0.6184192499,929.6103769378,-1843.6810279396,-1898.8395294096,-6229.516426765,-0.2766776023,0.8211886077,-8086.6265154247,-0.0068708028,2231.5376190877,-0.5328160666,-3055.8189104383,-19237.9535432687,2.5252627998,-0.5828066264,0.1042324917,27637.5631542439,0.6468489146,-3596.9596193335,-3093.9740977304,-1.9785047301,-0.3884761482,0.3369893526,-7934.0095096624,-3150.5949440458,-1763.1042244063,-6943.5533367611,1637.4720880854,6969.2103198419,-1408.6978952631,-1340.9193384878,3222.2331419101,-2757.5393149022,-786.5218537893,2878.7919850623,-16131.3295143778,-24.9268318593,1169.2655684368,-5047.4502685216,-748.212377444,6066.449403868,-15288.5578191491,-2704.4625576736,356.6041360835,510.9917757989,-8452.5841765828,-10957.7037718763,-831.8968880879,-159.7894880558,5282.0468903879,11648.4284076635,-1579.9993619745,3956.610445813,-235.5423621846,-3392.8029747392,0.5540562134,-14590.9998833547,0.254676439,-8137.8671072323,0.2725783764,-830.1983504143,8879.3754125903,1.5581856095,-10923.1451375595,1.0872674961,0.828681824,31629.6139674279,37926.6830774868,93.8905731971,-0.8127356865,0.1256296229,7.9374615138,-16718.8280048152,-10923.5965170794,7697.8620634863,14349.7876895692,-1946.0540749528,0.8372825706,-4343.5362136563,-6596.7837283266,8987.9557704212,2675.8444448057,-4219.4342577046,1.753886729,-0.1688000806,-0.4720868015,0.381324583,-703.7900199754,7846.8408906115,0.4685318654,-10770.7204070321,166.117974511,-23635.4219448931,-0.3642288279,-8503.6077518728,1489.9503890877,0.6715620677,-19054.6300472782,-4364.8274157454,3860.5190127553,-0.1072221203,28421.981947569,27876.2393858848,-32318.4527565355,-0.5524988391,0.675671997,1267.8274270976,-6416.3614166329,6.1810910314,-6114.4112460887,5551.561892295,-6007.6638536555,4510.8580309763,-697.7349687954,-3131.2380515975,1927.8200393194,-9082.6074379203,-14196.9432808417,18978.5801322382,-1550.0135175383,-4961.7140305506,-1550.6193993833,10086.9279225811,14339.7046040269,6699.3505488831,-160.2133289036,14902.3449340234,60.6960061437,-878.3302362214,-11310.5634266537,-6368.8747217796,4998.495938754,-1029.3228311841,23.4305970465,-8880.4838722653,-9922.597437833,6730.1928964761,-2.7439696232,3506.7101114964,4658.2949131068,418.8330881423,-3018.9437561138,3354.1495153952,0.6042899799,-30.2556944223,-0.7386123339,2760.2443341522,0.9562524006,-0.8010560902,0.2419203131,-0.7819373545,-23991.9620463711,1.7156683647,-0.8010142237,23.851934275,12458.731493867,2759.1758504083,-2034.0916236003,-59148.4496924843,-0.5318024632,2620.0122251034,-3601.2950008929,-0.6916631071,-3202.1883178285,0.7430578195,-0.8937326294,0.3512018652,0.9622992328,0.9731144698,-43.4601236715,-0.8642780366,-6351.9102477075,-0.0917573321,7088.0545443762,-0.9457414799,0.4387714701,0.6580099066,0.8309427584,422.1835662304,244.3510259593,12980.4314578538,0.5015706276,0.8301378092,0.658788609,-1.2956692519,-4645.7129598659,-3077.1685162428,16.7683912979,-0.1195553863,-2577.8359895487,6744.0253806569,4494.6033696009,714.3995573076,-2997.4840889676,-3044.1751859,-5259.8832206455,12688.7549853553,6927.9211154095,6278.23199108,3782.5468253793,2946.5095883594,4712.5729671049,-20343.323056451,-15557.5290440291,828.7072852696,5544.6522745922,2476.6416003178,-2474.856840291,-10228.1315187746,-8097.5159741943,87.9568912514,1472.1878143304,-1581.7796353397,-470.5971237146,3687.0555771307,1217.2741270958,-2893.5977257585,-6799.9753024911,4884.2729665675,-667.1529076705,13629.6681286311,-14383.0782619145,-0.6299724942,-19079.0297512037,0.077625857,-972.8765106932,-218.8484326875,-48.6374433423,-0.2487234827,-0.039892967,3503.3819065503,0.1446343465,-0.1174625107,-3509.9682614292,6478.3692266364,-4645.1074283059,0.2536604913,3.6168865522,-571.9992844274,0.6046114912,32905.9287901874,2538.397295141,0.8236218651,0.3035504195,0.5864389621,-0.8875613781,2642.49859474,-0.3847487608,3466.1341282922,-27826.4304362463,-1.4954114624,5543.8687722344,2888.9180121602,-1.7358291846,-8372.0591717313,0.2914418114,-297.6022342834,3.9882197033,20791.1444535217,21022.3740680079,28339.8937197626,-20.9267011736,-0.4256382563,-5083.0864671474,-0.5640764423,0.5608858624,-12947.3876038995,-981.0969589342,-9962.5321790546,6589.6397173013,287.5593204714,0.4373427856,343.3802597452,-31.9953065352,-11515.5132906188,-5991.571718201,13624.9968601169,-3932.4145392999,6965.0596092772,-8678.1329310478,647.90467817,-9864.962514526,6736.617437981,506.6636319215,2620.6116357604,-3763.2837266446,7663.138498219,-9560.0545542962,-8863.1305263824,-4270.1217761136,2350.7613195993,-3931.2609784527,-1541.678701489,-6225.531342569,-1284.053140373,-9919.077526703,2553.5766381563,-0.4565614685,27.9654955768,-30.0034761584,-4746.0421091049,2239.492265126,18912.2569179885,-1311.3343102518,5342.7582370784,10364.8651343093,21465.4655959782,-0.4942067442,-0.5678127122,0.7882101873,0.9878725472,-225.7971854347,-40637.9125805887,1657.6419346117,-0.2144731903,-3328.0932642746,0.7413820214,-117.4743390337,2126.7728443647,0.0134666965,191.1797613176,2400.7185236496,-40639.2918852563,-0.9352056557,653.1476696092,4.559441749,0.36785026,-0.6351662421,0.5910632788,262.001434852,10.8109685314,2508.59996597,-4601.0121075536,1.7790467843,18.8827825255,6.0891951945,-0.0341325004,-18.8260133375,0.0610730485,1588.8536391595,33.1474515369,-0.81885261,-0.8889771397,-98.4409488955,0.7429743729,-0.5692968259,26673.3289254396,-0.6540636283,0.534602069,-3.8772757354,-80.5485972669,-727.2767450749,-0.6541371324,-0.0316302055,0.1720719335,13843.3228979645,11045.4724331239,6605.5882818088,3502.9968973672,8667.1294213902,-6.978162139,-829.275641382,1030.9023573341,-3949.6861683173,-16869.1404454331,-3977.4575091929,1649.9656969447,1364.3772951189,0.4412148384,12041.2600200221,-8326.8505304067,-7174.6346375263,-29.4051717617,-3571.4815457856,10869.3088472421,-1279.4651678101,3070.792840146,-3586.2125188605,5.5124442339,4025.0007423202,-0.0664364976,653.8205656606,73.0518822017,438.0826623696,-6042.116215054,5937.7280461455,133.4641422734,-1455.9691681776,3.9179903537,-20767.4847983478,-1375.972732005,0.9545053067,0.1456680201,-5267.3577173243,2910.4344572396,-970.0519087918,-1.1990118912,-0.2294857093,-777.1528556402,-1872.1345533137,-2742.5535729482,2758.707907486,0.5687638111,-5556.0646586975,-5894.1745254718,-971.04767416,5863.5109578579,3152.7456955466,3666.8507977525,-0.9270848726,1381.7723487046,4204.8639641546,3521.2767556271,-19534.0655220329,1295.7187584271,-0.1077454608,0.1440911086,-308.2023203029,4079.9191915314,-2897.6984108636,5106.8223481901,0.8663014015,5978.3899855475,-0.8101747054,0.9956065121,1502.5570698931,-208.6994461337,2370.407717548,-1342.0053197738,-1.1390372625,-1333.0240324248,-20680.8303384229,-4026.305652431,0.0429080443,13814.509274692,-0.3944034978,1668.0475758526,0.6055188438,2156.7618465367,1.5675556728,-549.2696927459,-2296.0658490254,2011.6896499129,3066.7844031016,-7194.5375504964,-2887.4864291239,-1690.228427102,16295.290257907,330.5288511472,2391.9139486261,0.6664663324,59.5618033639,-3349.7550618777,3178.6473332548,-874.8503972163,-986.0494748889,-1595.0902870345,1419.6132748086,2866.933610308,-2026.5580961677,-7553.7575875188,-2872.6532846746,-2655.7618669286,-964.9300667952,-587.2701640016,6394.7968640598,13857.3660325458,-11435.258048368,-5997.7807540877,0.0147250823,3517.2998788722,10.0114828479,0.6543620467,6.0033846109,-0.4192729668,-5704.4542430796,24564.702037497,-33909.5362646338,-0.9558371765,0.4166034731,0.6717808308,-0.0432251205,26.7294575774,1169.8175988569,-0.3524797061,-0.6640694407,-0.5780881622,0.6173815288,-0.5800892801,3608.9644292801,3278.8180625588,1.6705520038,-10074.5984989277,4.1491040439,-2108.1696174449,291.0363731305,4.3736961411,11595.5626496022,-0.1986632202,-0.2154381879,-3.2835489318,19826.0582292166,-4559.9144293257,14197.2213963664,-0.2139806319,6885.9432968126,0.0645158967,0.5819591952,-4324.4645595198,0.6429895083,-0.1246886729,-0.0591000764,-25441.8502421928,-24906.8743615309,-2361.8428958312,2511.372704671,0.9340424301,2285.8593417961,-1481.712434185,0.2151007409,0.0202649873,-2086.2285247394,5594.7959027101,-3250.0695517205,600.1931055448,1.8882152537,3456.1147003231,-7743.1069914047,-7477.4242923515,15510.0194892415,-4287.1665784683,-8634.3329700738,-9570.744097207,-5751.7806692081,-1823.6025160307,-15219.8511748769,2518.9382322005,-78.8259147583,-0.136633891,-5367.1267270148,3576.0423121285,-22281.5213944235,360.4283928767,-116.1407438129,0.5066961464,-6260.6692784713,13060.9810511159,-764.9801238176,-4923.5367225324,2005.9816968889,-8112.9845233667,933.9264642267,7039.1191490398,-7792.9094498368,5959.4450675818,391.7137396119,0.4788284817,-0.2439696237,0.4412507104,-3272.9677249166,0.1288118216,-25743.7635893772,6.2976497978,0.4226094304,16212.9309068197,-37783.0394732444,-13647.1367709336,5.4685770948,-0.3802845461,-1.2667072485,827.1982416085,-25744.7324091545,-367.5685795973,-5724.4313606276,-6700.5119483539,-12545.0623365035,10439.8375095965,0.2235840918,-1.3619521716,-5028.2428832978,-12723.6202680457,0.3561888618,0.1345548083,-0.2606875519,-0.6968026661,0.8582891386,1570.642345139,-0.1428014395,-6889.3539015275,-15.9406684796,1265.5157597117,2522.4173754152,-9550.9822152963,13184.839839215,29451.3517924153,8501.0316898026,506.0570195606,-1176.4668203147,-10533.9133936967,0.0765187266,-21566.9670879836,-0.8244211889,0.5257486975,-0.9597400498,-3021.9809283151,-2972.7898102638,-2.9036060557,-31.266176958,-23925.0446097892,-10933.433624717,9106.7831940209,-110.5154443674,-17930.4809344642,-19588.0615953728,-10411.5555658577,2586.0469993017,-4660.5960916605,-5952.0578388045,11466.7055413982,4528.3746784757,-2399.9202029738,-3225.6764160307,-13208.5907340657,10780.9188322468,7174.4902545316,-1115.2221362614,45.2053352222,-5629.6150604777,4378.2697180344,23779.7672034801,3787.7392779454,-23820.6891068146,-4037.2589534478,10977.0086443072,15986.7177011785,-372.6993684716,42661.2685802736,105.4626285288,9269.7245184473,9726.7024266705,475.1939475583,1.1132367906,-4.5468670409,-65.3429476854,-40425.9623975676,928.5241003005,0.6283161609,0.4633716525,-8238.0154246518,-4119.7150839809,1.0709838333,-0.6237590154,1575.1089384185,10172.4002080759,-40425.1924374379,-12189.6708777136,9373.7743038217,-0.5389893966,-838.2022843735,-9364.1304394818,-0.7738031726,0.6057644673,-0.1710820965,1.0552516479,-30417.7441041801,-11999.0134187444,6900.4604127597,1892.2683276529,0.4039524755,4142.7093955938,0.3564136143,-26.8628919772,427.8084568577,551.9993583917,-3913.6141577956,-21.2034659079,3785.85953862,31413.4210716483,11826.9661855197,2084.7848003088,-4730.8497355294,8478.9145077684,-14.2616730975,5410.2181827269,-16186.8828286996,0.0783529682,0.4325781288,3733.1343061426,-14092.0022461846,-2953.6892570222,-1204.5623483727,-10330.7915865978,-132.9684587279,4334.4002758322,18.5375097458,16614.5380240756,6.9912064688,846.9669720425,-2562.8660023243,10985.0958970163,-119.0903801476,-9849.3757818946,25.1851090994,37.1993850455,-859.9984614675,9575.5936876607,-15604.2544954099,-5979.160416973,-3867.2481116774,-55.3618522579,-14866.0727468442,-7783.6724418437,977.9704138585,-11079.7744469958,-128.7241138035,-4305.0214432694,-5526.4353732808,-15470.1113614824,-8533.3679863091,-3567.513996279,1419.1353239235,-1423.6998067223,0.7899151331,-10765.9123692407,-4111.4657026231,-0.0527573329,-1247.7665898507,-1726.4469116969,-2.7725991962,-0.9687189945,12093.0844376611,-0.275460647,2198.9913310089,0.6353470672,0.7095530179,1507.7516679543,11766.4054184349,-1727.4672935332,-0.192559627,-58.4344237791,44149.5947201204,-2966.9543033492,5089.1193503434,582.4915865838,16227.7601019024,12083.4205658566,-161.214508441,-15669.1332532017,0.6738462087,-24400.4323547951,-5.3154930496,-1.0398379588,-10.331663456,0.5470994889,-2735.4372482186,-1537.1305985641,-31.0378519974,1.4398036033,-29257.4629711342,3.8762634076,4831.0393137465,22955.5563401292,10053.8322653458,-0.1497610765,-0.9402609063,1855.1128871635,-4141.837621515,19465.5886992082,4471.1606396551,-0.0083268688,-12.5799221917,-0.0182915662,-4021.9528163573,-4363.4856953309,-13735.3026313075,12839.2879797609,1568.6556455752,2144.9612942103,-1001.7275976622,1.1510641924,8036.0605299146,2171.5973199633,-16.4646993814,-667.4585184121,5720.0684648569,-0.0327254523,62.6803961786,451.766520047,-6607.3991570981,-15643.371908671,6937.3245674144,-3316.3811855044,165.1176450989,2322.5388633192,-6091.0688212977,522.3198380634,5864.2099787016,-4459.05339102,-4400.1135134996,-16352.4945049493,-2031.955461287,3100.4811037792,-1.2415493137,-3734.5329970167,3156.3991311541,-0.6144463926,2.6372205456,0.7693850545,-7560.0062074785,-0.5076687382,-1326.9702111549,-1.2739286987,0.2345427073,0.2624135707,9.430214121,338.3604355952,-25.7334672523,-0.8906765916,17332.7933871789,16478.9676734582,-1326.7746889365,12500.6516957399,-24714.0539493686,-1144.9606853987,-887.1641418904,0.5565126278,708.0168700719,-21057.6357714142,0.3177628241,-6151.2018412768,1355.6662011951,-0.4926949852,-13.9706215248,0.5982659508,-1.4406158891,5867.3487261217,0.604111285,-4288.8751387502,-0.2427616315,2.2998776534,-1.2489754629,-7848.4830361893,-4682.6334936806,420.6062730986,4634.0515939587,9906.7484464285,3243.3159321228,26628.9091576999,-6154.2807188522,5.0075321548,0.4937161715,90.6522275468,-0.5777734675,10350.4460278698,-3563.86848607,180.9751642666,96.6395536103,-2216.8329153259,4238.9090496989,5147.7767146625,7562.6726078968,-7712.6233642316,5088.9577500518,-1928.0709784486,-8069.6180404675,-371.8985188075,5815.0409334298,-4233.2402924914,5.2822997652,2004.1625436435,15985.9990338734,-529.0178211815,9887.5505813416,85.7738709847,1813.483105628,-11319.2271834678,9051.7595470158,3108.1849848266,-9.1424342741,-15198.5950998134,2299.5223386798,13927.5388285815,15987.459479087,7352.7569080924,3935.1565536052,-0.1634307248,-7470.3055765886,-3.7160332487,21.7191227506,0.6879723417,22.2104766341,735.7502369827,-2979.5211072101,8904.6982451664,-0.3893027711,0.3101099303,-21284.0015349745,-0.9948643782,12156.3039086124,-1699.0601570632,0.3251319291,3169.0082222469,15466.4635283441,8904.5471594998,12453.8153465905,-888.8735734673,0.2024878033,1231.8831400417,0.1869773395,-3914.6655693593,-2642.3973699047,2.7036195648,-7291.2825434616,0.142495797,-1677.6881280356,3536.4339070215,0.3375974985,2560.7044906543,1946.7215281827,-0.2437274883,4399.4364611456,-1420.5909154578,15.8009083871,-0.6702343588,7246.0885661968,-0.2516021405,-3263.9652670056,-14655.305095756,0.1351407584,-0.6654199364,3.5458872339,-1.1273423804,-20075.5826667991,2140.5723302701,-0.2955238372,0.2978561656,-1608.1168518597,-3705.3891938501,7559.1209451461,-12025.9516714975,-6787.4807880131,-3176.1881615881,4920.4428436105,-5098.8575957152,-11646.1078615996,-1102.0814314132,-25.1073195799,-13015.418228755,9011.0819467193,20831.3781368974,9026.1958222514,1178.1152433436,3.5712651089,20.5633058369,-18.4801277732,-7286.3533130501,-2051.9438486922,-444.7260781426,4810.9473864061,-7000.6286858624,-17114.4482526859,3101.9820188232,-80.8401330379,-5117.7429229451,95.8936473933,-10068.371898115,-4681.1649714449,-1026.6163201746,0.6290544994,1.1944379864,2.1891056206,9414.3714116242,-51.9862404162,-11039.1345172756,-1510.6541696136,903.5584518707,2894.7144453427,5300.3121892087,0.8996034209,1447.8959832246,-1082.9715379555,9005.3365260594,0.8719651837,0.9793602685,5333.9698542185,-25531.2458564681,2893.8741957893,0.8408657953,13516.384284134,-8252.0620321002,-23907.8952513762,2221.6380102279,-6199.9435863579,29517.1875713636,-8.2301494557,-0.9556274409,-24740.697476528,0.7693628161,1.0132101124,-5116.801862431,3070.9157909501,-2644.9813040727,0.8832497077,867.2064759018,-1.133808066,3792.147740397,571.3386318721,0.3762388626,-6508.094294857,4763.822632743,-2552.7078149585,0.4854063496,-6.1570878259,-0.5455906157,-19.8255637056,-152.4047432918,-44.4742820007,10402.6710959485,0.6012804707,-3997.4169713887,1295.8875248789,-7667.8861976736,-22.7269971387,-329.2140209877,3366.8034707697,3642.7603921394,4165.9048813398,-2522.3889048069,3273.8285974709,1273.6178938966,6532.2657867688,-1819.8689214464,8244.4874495004,-4224.2315038251,-5018.4446601584,-1245.2777944401,-5.5919551235,-3520.2890200779,-3603.8310737585,-2362.262739719,19035.3919091507,-9537.5575518922,6697.6196235836,3532.7491984292,-2850.7356108229,1131.0446569502,-6784.3939598314,7663.1220365037,-17846.2137764596,4806.1162984797,-1.9137282703,2.0261875937,15895.8588253959,33551.4243825089,0.0296254511,-0.8497278747,-0.1138199452,0.6259582704,5861.1682419685,-804.0345989088,-5826.5085051702,-0.7616110855,-0.078422072,-1.8623559502,-0.8782113586,0.7902097534,-0.4428481743,0.6000127555,-549.013245561,-804.318355753,29826.4366582959,3008.3006066566,-0.7142765668,-173.7054287168,-4.6111263439,-3731.0300955491,5457.4015325458,0.7180295948,-0.5513648508,-521.8547719777,2.3609222797,-0.3567912657,-20159.595355173,-18330.9041680823,-0.0295440721,0.8304313021,-11243.0400800799,11043.2857477728,2222.1614404751,5424.7299563854,2486.8389018614,-1064.9772111288,-0.6167951535,-16709.1661796422,-79.1820810852,3.8863843544,-7235.331276125,5058.2499747353,-9988.010861587,0.9076096296,0.2478391611,-0.6334713143,-351.6110972197,1485.3782988851,-2041.5676594317,10512.5298562446,4767.0207643725,-3009.6999342004,3070.9366965112,-2858.0733033141,-9749.7189119282,1.5161909281,10701.3126864922,-665.1793683517,4050.1213187657,3261.3958201985,21874.3485264432,733.5953981963,-9768.471568106,-767.1862017358,5031.2922834664,1374.7971372438,53.9984538642,6958.9262990461,-14636.2347926729,-10.3619372242,19.6033908486,2508.8046558433,-31.3405472231,-814.0660394021,-10076.8586425442,16356.5311310513,-29774.5241298049,-13141.5098950973,-9732.422597669,-4811.1162456915,-0.3856236556,0.0419843573,-7401.2055480764,-12.7350220335,17533.837923954,-7426.6932317337,-0.0490231607,1125.1681973609,0.0646441424,-1.0220124435,-0.0740972644,-0.6054388393,0.6683020673,-0.5284427707,-0.8118739636,8106.1460665584,0.1534804838,-1003.3000734069,-10194.2526462918,196.6041406631,6404.7602837987,0.4068669304,188.7665897283,6.9498946272,-0.3623748043,3387.3398774115,2842.9318921969,0.9183707286,13965.4919476386,-4401.9767299049,6188.2675344998,-0.2022162544,0.2206367025,2084.2373329377,-0.0951670011,-9081.9894291369,9369.5413648494,29205.4763006443,-0.8535379757,-8506.866223675,-15747.3926599262,681.5202623259,0.0382302872,-5718.2554742078,-4.0896198737,-38783.983462075,-0.7765813681,2351.5462074488,-0.9420160038,2272.2545058436,7502.8134197592,5953.5347504882,-51.3758631365,2809.9047038612,-1786.8286647437,2722.9692073219,-6592.3347770351,-428.8994813065,2536.4552086409,5960.6262347113,1231.5824202203,-5399.1258842691,-684.2825902967,-3807.0655153351,-1.4594515017,-2803.8053326028,-17.545561598,-4362.1874402044,-2373.0230437564,2694.8864571715,5824.4672161277,-4968.7750176992,3172.5455406343,519.6718772658,11383.3956154243,-6024.0414834759,-2930.6813123745,829.0878239061,4459.2030145792,5145.7919233376,3593.4599191038,20054.5356952451,4125.2883885527,3169.7489236189,0.2876759849,-0.0922246588,-1386.1584941693,-13258.6793682458,4692.6893731357,-2461.471759251,3350.1254253076,0.8024498314,0.8132835316,30.0172003064,-1.4970125222,0.6455449223,-0.4855618713,54.4580789885,0.3414428596,-2462.7844691246,437.4034029099,4425.7925697725,1.4798599566,-1.8145881629,-1.0555694123,-1000.3265892624,-9.0303081263,-0.2200408379,103.456539125,-30730.0244947906,-4892.962522656,0.5886899252,-24.0143589581,-25.9417213557,-4.0725137664,-0.9858399534,8573.3135820503,-0.8519255683,20992.893900319,-0.4047496237,6752.2593359872,4866.1217847186,1.3301185918,-619.1803957924,-172.7722389905,-7195.2365448732,-1536.30981703,8923.5611585179,30319.7412697089,34.0819887687,-12359.2426418462,-0.2805209247,-2918.5327519812,2942.8960937855,4518.5712433325,5502.5057934151,696.2748859521,17833.8541079268,6691.4016060944,-8660.5521896547,217.2636387929,5224.1777354212,-22.2519323768,5893.8965844762,-1068.4994110296,14184.8183387006,-10424.6851747822,-10.3807082716,-2145.182202743,1148.6229760269,-5274.3108590298,5455.4494381669,1131.921549705,-2358.0753921204,-18821.2509649094,44.0982860014,4040.8462121387,2596.4695802842,-522.1246671465,-831.6391340018,-12783.5209444579,14545.1379145316,1630.2420676354,-15713.9968759579,6783.7465294694,-14415.7155873792,-468.7932098647,-17066.6710640785,0.0077746605,0.1499053662,-39.5112979905,-4967.3062960064,1161.8379148242,-0.2861934237,-0.5230836874,9328.4158523971,27575.6086148816,-1.2600348905,-0.2664165178,-0.8286103635,-14933.3122323201,-2808.7711969477,1160.3900964958,8.9020888962,-27809.6168782556,8.798530754,199.147834058,1873.5517614829,11912.7839774225,0.33527982,8841.4742093602,-8589.7274625591,86.5968961333,0.2992822306,126.3621892072,2.9799658232,1846.7403529834,-4017.0101902105,0.8333444871,-8511.0169829333,-2442.3180268379,-4067.1881805221,-0.60128149,0.1535103896,5525.0278390245,-1.2845616901,-92.9704619587,-0.7535922541,20321.8201732169,-0.466749638,0.1058323573,4339.7025207837,0.595774687,1801.7001015892,0.4319397326,2181.0694453489,-4049.8545268122,2788.8147617643,21008.685991003,7554.853744226,4611.145688876,9580.0472744872,-2034.8134361088,11483.8057129542,-3235.7369658288,609.1690180591,-4281.2422989368,-2742.0958512737,-2688.6042821731,8082.7825611152,-3830.2393136052,609.9918532077,-4386.5960613354,9458.2293407329,12457.0055699656,-14023.9402384795,1058.3661737695,-3914.8717618343,739.9502315164,6177.5027739763,-9099.6709547205,6710.7791526567,16971.5786966464,-1619.4014071902,15678.639591403,-4645.666251869,5330.0666919057,21663.1890101803,-0.3373016275,-191.0096843867,-2053.5514949812,-4252.5905046396,6955.2541242354,-1814.964248634,-3.3404061282,34389.8819480385,-0.0400453296,0.9006862664,20586.0672842503,204.1935577395,283.729031857,1.1372625433,0.067741541,-0.0435216647,-5592.9079892497,34389.59670833,0.0499507813,-222.1618791672,-4447.0130367654,-26567.7595425101,8529.8297881312,-13037.9686643292,1055.5931857457,-1.2899727641,-4363.9551318583,0.3745509786,0.6961632756,-0.6652637151,-1207.5232013789,-0.3007200573,-5119.6347738746,-0.8216343478,17599.3241680566,-8.7381344255,0.135707081,-750.0826582708,-2592.4650458541,-1.2819334469,31065.5872757277,-24808.7854118364,-0.0961653533,2010.5444976155,0.2109538632,-0.078167796,735.9358391213,-0.3011790482,936.9770000253,-0.2360902011,-375.0472893078,-2076.5977748297,-5169.1466250794,-8002.0797085048,1389.5544185355,2838.5943061346,-2108.3643173763,0.0357327312,40.8614309499,8333.7467435331,873.3360907147,4842.130567097,-6277.3849290265,185.2631023808,2793.1326955358,4962.6368008468,137.2506382247,-24.7066527555,1877.9790302449,-8683.5873147187,515.8090048575,8842.0321452844,-21721.2673341799,3.6139122807,12264.0279223136,-1012.447593946,-1625.4591541495,2698.3515003596,3494.829506327,6841.3267640173,85.9149289924,898.889417818,2122.8143002189,0.3650170739,-216.4766148177,-6938.1282117016,899.0584225706,0.2902179863,175.1849470267,-0.7716928109,0.0715906648,-3438.1266323613,-0.1545622843,8161.1814069055,2014.4262694004,-11863.7157277198,0.307400471,0.8271935802,0.6470441507,-0.7446321209,-0.4950035039,1.1544916823,-44208.6242056549,-0.6861110358,4957.8355872593,-0.2003929495,-2695.9454692123,-8130.4244400537,1.0946010694,-0.2475719801,1439.8437127091,144.1329222422,1.0227602468,-1116.0160357003,-1109.6032297193,740.48455127,0.999781891,1458.5342701216,1168.7475117754,-17697.003967049,-1.7738771861,-3.6355746865,3513.7726205143,13511.8903649057,-0.0726739183,-5528.6884886245,-0.5913744318,2095.5512672186,0.5997158433,8699.5880516305,-3456.2277938388,-22152.4145082891,0.7736507342,-9568.336646774,-8199.4170559366,-8777.2751578382,753.9262711441,4.0592332372,7329.5237784741,72.6279033381,-338.6661427622,-19330.403561358,6145.5134184399,15056.3634682811,-10940.919585839,6047.0015233397,-4900.6845656357,-5961.2582583257,520.6161390874,15926.0316177685,-4353.646682742,-1112.5646776523,3896.8355268596,3585.8857852415,-925.0595199534,-0.3736971896,13108.3951233374,3914.3810296486,1753.1370909834,-3431.5477889276,3.3551960914,-1333.898273809,-24655.8619888275,1143.6541544383,-5189.3003982726,7420.9581031503,-1612.2788307868,0.0929472209,195.4186561853,17027.4252986412,18429.095445651,-1586.1139815685,0.683606185,0.3001643668,45525.9355999846,-0.2438334513,-36781.223356277,-3144.4672102345,-5222.6295671765,0.6282492568,-0.1165561959,-1153.1752966007,22476.2390034199,0.1031188649,-3296.4650777638,-2690.4519951951,6878.5467156433,438.3944109089,-0.1832590167,-0.5446309984,0.2613133213,-1.1526154964,2.2073535077,-5477.4368323813,235.5831560437,484.9416860635,3.7591318107,70.3008529949,0.5557590575,-0.7941517046,-3840.9152224381,-0.7637210924,-1444.0658452307,-0.2169751423,17297.1575219535,9212.4694796257,-15940.3198102137,170.4995969717,-13293.0422250636,0.4308282283,-196.617665469,6406.9128084449,5918.6581561961,-131.2852218113,16344.8337255402,-0.0296403639,-3265.253421121,5522.2315941338,6499.5321812515,-6566.9664428623,9394.4714951486,-1738.1165153239,3411.7728725558,-29.1624925032,-1472.9210108416,1038.9615034156,1692.7671987324,12257.9969391384,-8217.3628438743,3361.8057611968,-6485.6713672819,842.1608116946,-8371.6151144685,-4853.0610700284,-221.3853954761,350.9841021374,17682.7413161086,-8622.1892824782,8715.972681331,1128.0759851038,-10861.9914422577,0.5361983931,10140.5602038097,1231.8883614568,-164.0941975107,12751.2444644363,205.2401301025,-4683.213260511,-14.1334744301,2.7735840393,185.2536536209,16739.6893634468,0.150390689,14369.4043468459,20534.8983781928,7267.8160652068,9578.3742538987,-2175.3885295289,0.4828917225,14200.0844961543,-5673.8188739885,5666.077333205,-23.1111305504,-0.0701017921,-9573.0898844726,0.6616726351,9577.2478931366,-0.9789005555,-306.4721960635,-16264.8373319859,-1293.1946977337,6568.0530459334,-67.7566229412,-6.6019306095,-2424.175226974,-4235.3040954441,4940.3130118979,-0.9719077376,-2469.8521728489,1396.0771451294,0.6849044451,5873.889829142,0.1449499536,-6966.7919958342,4.5422783084,19538.4401471217,-527.6599561306,2.6704080417,-14.5428229711,0.1808674416,0.4267776559,-1.102869387,-7505.6816341618,-3500.3514568909,838.2141348301,-3264.0067209877,-1.2718330657,-2587.4132806978,-1.1086049693,8917.8589185356,2496.3056475029,414.1989949212,3002.5496074127,-715.4692305692,15322.2673927862,4527.957551458,14401.6860821567,-2848.3312765816,511.8107099822,3658.3129102745,13046.6596588862,-131.2143077084,-753.2160570022,-1710.5989466739,5510.1605837268,-6062.8090318837,12.3082358498,2069.9088058124,-292.9694579947,3852.7362291154,-6742.5234926091,-325.2058219811,1810.9346118683,942.007295821,1403.1028882372,-13443.172046908,-13720.3511520329,-137.5435188647,4308.0046322689,-2059.2944653142,5540.4800035303,-4985.8590720808,-1484.3849349852,-1002.0050031288,7307.7014367181,-19025.7795773866,-5645.734792685,-20.4484729525,29.9083734167,1.0546294208,0.6672042984,-0.6718602009,482.9204610263,-0.8271936384,5512.2264913472,2999.2950195053,-0.2379668865,14883.9292103925,-3141.1378253638,0.7807116102,0.7892850013,-9099.9439822379,0.3070847334,1.5061936467,0.7128106121,-0.5262344393,25112.7536918613,15934.2428676903,-0.4025801703,-4292.3960495855,0.7019507766,-0.4988273785,-7.1420244768,-0.3867278668,2485.1797360114,0.7881969979,-8227.5595919315,17223.1834750723,-2877.8662064445,0.6032780822,-23030.4585880695,356.7560523035,-0.012291806,-92.0173803003,0.2123353354,0.5381137745,1927.2332256836,0.6824736748,7578.978432525,0.2816300413,8157.2656625098,0.0420430616,8979.1463001291,0.6569338064,-965.1262142137,5209.4810257252,-6142.0222716703,2467.9364234587,3028.5504643554,-5625.2521344862,-2363.6556648947,0.9499859557,-3945.5230396753,2336.6975220898,-162.0291716373,-3310.6823668508,12446.5377169245,-4700.1392803428,-3593.8102960906,50.706320329,-4423.0651547202,572.3638684516,-6998.5495390547,0.887175612,-3037.9792966959,82.2703016395,-43.0427607922,-10.9527112958,-13065.7023281513,-18.3030035003,-946.8208397623,-1911.5199716662,-1520.1420886895,4530.9745781188,8.8295997267,38.8391823789,-2761.452081597,-2386.3975958283,0.6454227137,0.6553461254,0.2806994182,-9.9209143296,0.4556783934,-0.0527140274,0.9942334329,1509.0578652045,11216.0910738934,-0.5350554975,1.0433679137,0.6768293,6359.3104664142,0.0592298792,0.6554625493,-7725.6284982556,-15578.2033087031,5193.1764213808,5694.1611579652,1790.1164561208,-1.3002240496,8784.5901862658,22677.3089783967,0.6044173483,4308.1011686721,-1.0230333142,-0.3913361281,-1492.7955822827,-17.6711105836,-0.0121792924,-0.2314294988,-600.3935487101,-118.3463238592,-16014.0657030364,-0.0173648646
   -10728.0900159112,0.0779878397,11070.5592809032,8340.2395954406,0.4914739886,6877.6429391432,6847.8952833804,-0.8086763787,2075.8886132102,-1805.7674964976,5.0075890263,0.6777098375,733.6965979828,9739.4070646384,5838.7469715521,-12761.0426509775,14234.4623326274,-10027.9986360819,-890.3895414505,388.8035174089,-666.9285211795,2186.8509386708,5.6568632562,-7660.1468966198,7339.0645883399,15374.6571018924,7272.9140961273,5982.1907168138,17442.6004887475,-5420.0986079414,-1093.8157745888,12459.0139797643,10811.6358035861,-329.2602637561,5379.2810871428,-313.7007175169,-315.8218740144,2153.5143436183,-13883.3709794131,-5193.9953376272,16737.7254618911,5007.1332628686,71.0900303721,-3988.4741065706,19596.228578946,26672.0417085459,13893.3159195772,-4275.6352817565,2.4924526698,224.7925718039,-2445.6619527747,-23893.0708583905,0.6238566924,0.7611032006,0.1421840052,-0.1693435868,1267.0446215387,-1910.1185779462,23700.8689188435,-0.7736584061,-0.1958414956,0.3156513441,-0.5392221748,-0.566847288,-0.8655296594,-41672.7476167322,-3245.9310059033,-610.7200352427,-15640.4884258639,-152.5891123845,-0.0351284544,0.4291977056,-1.5112620184,-0.119704526,75.0192379239,-133.3143885547,-6267.8990182869,-0.6345500178,0.7078728073,-1929.6622220522,10069.2150446497,386.7261337583,-3834.1737789353,15692.266596186,-15610.9975647259,0.6469107054,-64.5679873997,-1118.7631749241,-0.4382158857,14102.205061152,-36571.1716203504,-633.7561154618,-6132.6584976089,-3900.9004142114,-0.4958623497,2849.3430919265,8125.7252134364,-416.443558054,7506.3371039959,-17874.6034989619,6019.4766938635,-12.9558518567,0.6034568882,-6187.2472009154,-3374.8419565119,-7989.1344492546,-15.538997495,-6692.3467192394,1352.162220943,18218.3091361749,-0.8502143849,-2614.4820211735,2388.0544831057,-2122.5381613041,-3213.777733819,-0.9022102243,146.5089630299,148.9122029858,177.4227894205,-8519.3604798805,5473.5852261715,-3585.7746394375,-1458.772001426,8788.9714279262,9493.2473774092,1595.838903506,1420.4875990026,24.0666580907,-0.6517102227,317.7796945212,1.0309397474,-0.3549268338,5873.7588718759,-641.2379005171,19533.2379137846,-0.9222621747,5018.8947606385,0.8208449151,-13.6794688891,2209.3822328113,-28311.9877579924,-7867.1608878233,0.4017726472,9162.1761365324,3177.1746237701,-0.1352534569,-17002.7791046379,-4.8279228934,0.2098034046,10970.6651055365,-0.0856152311,8547.9334742197,0.0229121725,-202.1454376767,0.4754713578,-49.6788491634,-0.1308829293,0.2376980761,-228.6511150455,-9305.7540667493,-3023.0773956898,0.9409312291,-13778.3217222247,2327.6142437406,0.8400535265,0.9597747978,-40088.2391762263,-554.2515447257,-0.6889680215,19797.0775296369,-16.7552417004,61.5846937445,0.7877387293,1.0294665502,2862.8596573354,0.5713800423,3.5365756742,0.5171676004,14751.9507754428,3706.1116149273,-5701.276781984,-1606.7614720197,2061.7800982817,-5534.8396991402,1988.2977045381,0.6020637118,14890.2649371709,-16005.9964369576,-6894.10567274,886.9678225715,-1405.6622235188,607.8678681957,-6238.6078527815,-4903.2587865766,354.453909282,8197.1847858017,8507.299479258,-1506.3064513192,2770.734436769,-2425.7467144251,-216.1628879886,-3450.6524450038,-4065.2728690629,-57.7493564439,-3131.5259227415,-2785.8759381735,-5147.1985082888,-13323.0502081971,75.6729446331,7887.685738397
##end
biasActivation=0,1,1
[BASIC:ACTIVATION]
"org.encog.engine.network.activation.ActivationLinear"
"org.encog.engine.network.activation.ActivationLOG"
"org.encog.engine.network.activation.ActivationLOG"
