encog,BasicNetwork,java,3.3.0,1,1425320471778
[BASIC]
[BASIC:PARAMS]
[BASIC:NETWORK]
beginTraining=0
connectionLimit=0
contextTargetOffset=0,38,0
contextTargetSize=0,14,0
endTraining=2
hasContext=t
inputCount=11
layerCounts=11,15,26
layerFeedCounts=11,14,11
layerContextCount=0,0,14
layerIndex=0,11,26
output=0.5535356764,-0.0000049834,-0.064463569,0.4784892536,0.0000290777,0.3795051049,0.4494524033,-0.0265615719,0.6770672068,0.6221955801,-0.6983255703,13.2051482324,-14.1998239155,-13.2279989927,9.3229533633,10.2469939834,12.7431940039,-12.6324921609,-11.693946952,13.5370343598,-9.5728791612,11.9253520321,-13.0698488007,-11.6767081656,12.8603201151,1,1,0,0,0,0,0,0,0,0,0,1,1,0.5535356764,-0.0000049834,-0.064463569,0.4784892536,0.0000290777,0.3795051049,0.4494524033,-0.0265615719,0.6770672068,0.6221955801,-0.6983255703,13.2051482324,-14.1998239155,-13.2279989927
outputCount=11
weightIndex=0,165,529
weights=0.0083781285,0.0113050371,0.0366743641,-0.0025317276,-0.0014115145,0.0090869669,0.0201367994,-0.018835966,-0.013959982,-0.0116453941,0.0031050847,-0.0372651786,-0.0274308216,0.0033451603,0.2350361834,-0.0000003078,0.000000669,-0.0000022897,-0.0000010868,-0.0000026482,0.0000013387,0.0000009913,0.0000019913,-0.0000005406,-0.0000009675,0.000001156,0.0000001198,0.0000011304,0.0000026089,-0.0000002055,-0.0163280267,0.0040018105,-0.0158715901,-0.0092423708,-0.0089534335,-0.0045366349,-0.0122964126,0.0041669573,0.0003367141,0.0071726167,0.0074712907,0.0068532706,-0.0024229958,-0.0030221439,0.202294145,0.004693241,-0.002016044,0.0169640482,0.0062829541,0.0056043216,-0.0028611023,-0.0061570085,0.0024369003,-0.0021733012,0.002325121,0.0101025229,-0.0118065633,-0.0062023889,0.0044271394,0.1309964171,0.0000007886,0.0000006613,0.0000010002,0.000000275,0.0000024116,-0.0000014229,-0.0000008628,-0.000003143,0.0000002622,0.0000012077,-0.0000019134,-0.0000001473,-0.0000008479,-0.000000374,0.0000083035,-0.0096188517,0.0030813996,0.0082899672,0.0060916588,-0.0068070819,0.0006315725,-0.0112521883,-0.0064517814,0.0002469983,-0.0189690725,0.0104918651,-0.004716305,-0.0107216067,-0.0014932481,-0.0304221329,0.0373200678,0.0326919973,-0.007760465,-0.0042089829,0.0116673757,-0.002190745,-0.0084387472,0.0041674141,0.0098709915,0.0004362296,0.0037140153,-0.0068797951,0.012194028,-0.006652952,0.1722217802,-0.0165284216,0.0028336278,-0.0397037031,0.0058606874,-0.0231609215,0.0387905888,0.0126058649,0.0010606654,0.0040104378,0.0305328966,0.0004764783,0.0227596693,0.0372445467,0.0055833955,0.4596279297,0.0107645144,0.0054357105,0.0061329273,0.0097247627,0.0278226922,-0.013784341,-0.0154757114,-0.0021737427,0.016033211,-0.0199533381,-0.0117784596,0.0040603269,0.000680335,-0.0020039177,0.0914025249,-0.0026113322,-0.0176528494,0.0224395844,-0.002386491,0.0185032068,0.0040673092,-0.0098583668,0.0002016125,-0.0004776372,-0.009111847,-0.0088358147,0.0157238591,-0.0067736944,0.0063418922,0.4309449742,0.0268546637,-0.0078307252,-0.0252975073,-0.0117277725,-0.0132942602,-0.0233333215,0.0213298663,0.0091910613,-0.0318509879,0.0195661681,-0.0081259101,0.0080821945,0.0085534119,0.0001639526,0.3398352609,52177.9061279916,-0.1283671125,-205992.9331057323,255998.7386629323,-0.9015852861,-218427.8649941102,446997.7098223982,-199452.7153196766,-396892.6474202531,117823.5586227979,-11791.5901211373,-8389.3414261684,-17865.8175632095,-21419.0416759043,-8787.6309450671,94818.4470258262,13089.66224421,-55274.3139951468,-78105.219584759,-7807.9448881896,55615.829803192,59054.1959210455,-111218.1012738472,-33866.7596446821,14926.6909601934,6705.1556911226,-41014.8756811543,0.2033723842,110408.5674129132,154502.0425551955,0.4350137656,-68611.3375030463,279527.2512969417,184627.2378794862,-387542.3909691387,-104228.2223055723,-137832.1693929569,11021.7625500599,6099.7167316688,-32366.4844015055,-41856.5058527333,32565.1795708983,41248.4766624184,-85579.2023509814,16613.7767840297,-30542.2664688643,78158.3932119311,-14652.5191338832,-27996.6114749725,6372.4942377913,-51294.2488285165,-37331.1509141776,105997.8307450985,0.1393725829,68220.2960799026,551701.4756494709,0.1873779868,-292849.3256627551,13734.7560992648,-128257.9603467436,-401362.8007178933,60160.3623688934,-199065.546810749,-24263.0696715886,-94369.3243546551,67703.3975807777,16629.9388085324,-28752.4948847121,-29675.244456442,-44648.2637569048,-97521.4281937737,-46977.7515039627,80468.4556591394,8634.9729837834,-14922.0749789192,1377.1101997021,6075.0861325462,-28931.1076932496,140009.2103854738,0.7457087326,-77280.5864032352,-74319.5038873183,0.0243473745,199704.0252174471,33769.5213095207,39153.0271546378,-225396.5179131133,24532.0154019739,-106010.2419246403,-5796.2908968429,33810.1120740744,-23587.4937319533,-18110.0974992905,18104.2999160075,21215.4520611944,13834.7969458339,37895.4508413289,-47710.1796401629,99952.5920356465,70057.381638815,-22457.9008730442,-2188.3190104286,-11118.0758457108,5525.9016319708,230842.9511227082,0.4476314887,156482.6127031594,-341570.3739833232,0.5917050947,-64923.2078183478,236045.9331703728,-2269.8313258834,-53929.9125696686,-176792.8423333431,-219067.5319831392,-0.6777935518,37379.0119831941,-14530.953955056,27982.3646156244,42384.6655298549,-2991.736256306,123478.7348765625,-35028.9735537349,9909.0998241203,12270.0572029994,-69470.1567391909,22588.4000686392,-10288.2884232753,-23115.3190308346,13463.8210986384,40549.8936637063,-0.7436874602,-227704.5590198408,-310060.037578395,-0.6592196686,581299.0577399638,-150868.4300228603,184615.8270975155,-196777.3829324888,18413.5179754799,185503.7678030265,-12065.3959482486,2093.1286937044,-14176.7057900948,6716.0475690297,71852.4147658441,-2135.052716328,14092.7786651916,81632.7007996517,-88428.7463993254,-167272.524888204,-24933.5052533566,92448.9397394094,157.6749022188,327.4452341193,1945.299175498,-61983.0788707712,-0.254201399,113506.037808093,545023.1879944563,-0.4157326199,-180193.4798648464,-77336.8917203289,148623.6076125636,-77251.1090008329,-254687.3455645656,17568.7530732561,16108.7193815721,-62827.486781805,22213.6909551682,86425.128700468,9405.0103376889,-21888.0380481605,50911.9777370331,-65500.9703650226,-21389.786735428,-48949.1620201303,10122.0007476978,-31910.4461353873,-27609.6454285809,-31516.5922302127,2014.4767515313,244867.6406483541,-0.1225412422,255117.0429017736,345599.7890924289,-0.2549102787,-119004.7171464293,-48555.7489162223,32921.4915057386,-348094.6573361736,-113339.7624569549,-231472.6648376537,285.1447968607,-101619.0012659692,23869.5500727553,98180.5326245057,-82508.3752332308,-5585.6342316158,83506.8105610861,-14509.4282334025,-54107.0911033878,103644.3937436266,-3073.2801826975,-19181.0201631007,8840.4943825163,-535.6428065208,5123.5569427459,-74815.4700408705,-0.52242714,-171131.8931221116,-307259.9612833798,0.3289678709,244406.1521817423,4187.9479389234,80988.841643738,-238829.2844370969,81876.1990401434,150661.34252625,-1636.4264704793,91221.072494249,22498.6269765299,-1805.7494642835,-33912.2582576136,-30702.6843003084,-22503.3342672729,9707.6987099255,-29532.9590493259,-27117.1009844109,30256.4974735513,-51007.2660351359,-12988.2447691653,20638.6465649524,15570.1060799582,-192339.278757097,0.4465673274,-31235.2639401255,236980.1188556663,-0.2362802429,-55388.885269026,-256372.7600081845,-79738.0575065488,-32294.4476505658,157439.4548205065,76311.3218615905,-10356.9138886052,-5254.3330719936,13156.3702621162,23010.6405963957,-51065.1012293845,12753.0195171773,-2583.5050082424,-54822.6307550399,14335.0259001229,-96878.6554659498,16131.7067507263,-48637.145319525,4408.5100844032,-5196.8475586846,21517.8532420146,-302402.0495709645,-0.8752549507,-94704.4951067848,270373.187236139,-0.8293112025,-47314.6767355506,-280122.1571111913,215663.5555330568,555524.224921932,-10473.3738747053,-151008.5632142733,7298.9704173668,78316.6718224485,4393.6685303528,-60472.5434887187,93120.6897192428,-6643.8396016497,-126220.2197345831,91321.6818928588,-44705.6795197608,132436.8458741165,53859.3435588734,-59382.7988370588,-23359.5677671662,12372.6770248054,10318.6150567957,-10949.6619412578,0.1132654312,-84583.5363957655,-281727.2689537348,0.3309134554,377591.8466804308,-158004.4875268859,205717.4500014828,314132.4277373477,-170952.2687663414,-6617.8634689483,-7322.7627714153,51261.517091811,44584.3106051833,-12476.8465947782,12055.032510776,339.0535007057,-93019.9936697818,-19724.1776862951,-36188.0565699391,-86335.2031727039,-39645.7451066514,25010.3873590216,-11757.3119642894,-3504.6670604566,-41750.7478442042,-29563.424681208,0.3215972512,-122693.1129259136,4207.6549928702,0.3358279235,242562.9495736522,118308.6277394466,226956.0409184928,-84591.9187298678,-139566.537792141,-83200.7801124887,4913.8050505364,-11792.2176996951,-30482.7356534895,-26919.730565204,-61994.6161618294,26649.0560512864,-10343.9137903307,40180.7139541084,-82285.8141160137,-64233.9754877779,-58967.4804288178,16842.1976893967,11415.368319555,13414.5723927553,-8371.1769680062,222695.0059084486,-0.7565282066,8171.2884917893,130106.5841577914,-0.2416287328,147077.1299027285,-83177.582259453,-18136.7200242095,-173402.6141140988,-75655.1612199253,-146861.8160426871,12719.4675450536,-15605.6894970728,4026.7408379427,668.5861150447,36928.3887726371,-7383.8250826412,58267.3715709745,1650.2661379225,-41275.8671719555,-102018.2503637805,-44898.5545857888,-29749.9165744411,-17189.3471048876,-4767.180172435,17005.6709022253
biasActivation=0,1,1
[BASIC:ACTIVATION]
"org.encog.engine.network.activation.ActivationLinear"
"org.encog.engine.network.activation.ActivationLOG"
"org.encog.engine.network.activation.ActivationLOG"
