encog,BasicNetwork,java,3.3.0,1,1425324942910
[BASIC]
[BASIC:PARAMS]
[BASIC:NETWORK]
beginTraining=0
connectionLimit=0
contextTargetOffset=0,38,0
contextTargetSize=0,14,0
endTraining=2
hasContext=t
inputCount=11
layerCounts=11,15,26
layerFeedCounts=11,14,11
layerContextCount=0,0,14
layerIndex=0,11,26
output=-0.3919279116,-0.0000461486,0.337759068,0.0891951193,0.0001080535,0.1214816777,0.46540004,0.403268775,0.4736841844,0.7775292386,-0.1849773702,13.4737071336,11.8682812507,11.3083016297,12.3767615839,12.8113503232,12.0743207599,13.4835209908,11.1294978822,8.7827731877,11.3254782677,11.6716539596,-12.0421055409,-14.0236180997,12.1739113384,1,1,0,0,0,0,0,0,0,0,0,1,1,-0.3919279116,-0.0000461486,0.337759068,0.0891951193,0.0001080535,0.1214816777,0.46540004,0.403268775,0.4736841844,0.7775292386,-0.1849773702,13.4737071336,11.8682812507,11.3083016297
outputCount=11
weightIndex=0,165,529
weights=-0.0031368176,-0.0188426924,0.0012664185,-0.0277730776,-0.005828264,0.010793944,-0.0055098339,-0.0121746645,0.0110629391,-0.0082945518,-0.001907451,0.0067889956,-0.024988263,-0.0085767838,0.2122955333,-0.0000003184,-0.0000010879,-0.0000004841,-0.0000019127,0.0000012488,0.0000000137,-0.0000004436,0.0000012089,-0.0000008982,-0.0000008501,-0.0000007073,-0.0000005167,0.0000007713,0.0000010432,-0.0000057707,0.0074827372,-0.012948739,-0.0032992795,0.0279394621,-0.0090404268,-0.019425844,0.0116958835,0.0077490543,-0.020173519,0.0100735375,-0.0011821151,-0.0052577383,0.0141213885,0.0015132364,0.3817422584,-0.0134599925,0.0156139576,-0.0023141648,-0.0350609881,-0.0170380003,0.0183315563,0.0093370489,-0.0014503452,0.0062668148,0.006898228,-0.0134846916,-0.0238605655,-0.0165588417,-0.0084645824,0.0402587254,0.0000007987,0.00000016,0.000001071,0.0000021435,-0.000001536,0.0000004795,0.0000002134,0.0000000156,0.0000003596,0.0000006793,-0.0000008944,-0.0000009443,-0.0000041323,-0.0000005947,0.0000050964,0.0145042684,-0.0102334437,0.0084031069,-0.0194661482,-0.003796548,-0.0012466866,0.000578011,-0.0056575235,-0.0033171258,0.0008300656,0.0248052001,-0.0089421465,0.0116137654,0.001263273,0.0822961067,-0.0035340513,0.0446787202,0.0217153185,-0.0581913062,-0.0015318872,0.0217720295,0.0061111694,-0.0000200898,0.0171143626,-0.0021792446,0.0127533577,0.0227769696,-0.0006846972,0.0054591603,0.0557183807,0.0359063236,-0.0308147767,-0.0302075571,-0.0074639816,0.0496035631,0.0027023385,0.0009615421,0.006811933,-0.022717582,-0.0014596238,0.0129247589,0.0123171651,0.018282927,0.0038770688,0.3849954074,-0.0227467017,0.0019235651,0.0230335633,0.0260499553,-0.0020761098,0.0078263376,-0.0322890462,0.0064331966,0.0288657966,-0.0038307543,0.0026048976,-0.0014998878,-0.0135928884,0.0064919127,-0.0579308869,0.0141909811,-0.0158105822,-0.0075696033,0.0351208803,0.0092058275,-0.0087234412,-0.0153406137,-0.0044156984,-0.0100626634,0.0012010026,-0.0172740225,-0.0143027351,-0.0183577123,0.0041849515,0.4640344395,-0.0120124645,0.0325328804,0.0053630962,0.0212111206,-0.0048975567,-0.0274382716,0.0042313118,-0.001043615,0.0093326737,-0.0096596501,-0.0022256933,0.0236820324,0.0271809984,0.0007901266,0.3263473962,-245257.3933717008,-0.4262171568,-161835.5485624696,-79690.9423374817,-0.8223687844,371638.9544582591,-106802.6197781704,145480.5631836886,-31259.6398541107,-7315.1682252421,173414.4605737627,-2520.4884812211,-33479.6489158494,-72536.9145008157,58439.7875272878,-1484.5542572465,2906.8612097618,-3024.4198612325,-45202.3463708326,-52858.9792014192,-775.4991597942,-43307.4861247093,-1688.3669679115,-31704.3687794524,-32036.7368002004,-3430.4448735198,153054.4505804798,0.1423243299,55317.0586212116,-63155.9102567973,0.602006195,-107692.5031727288,234307.7671483763,-74975.7193199161,118044.9201589898,-65003.5895812247,-148504.7361585698,6558.9190968534,5710.1347829544,-83933.175201465,74142.6006250142,-15530.3078243491,45127.5161171152,60726.7395651932,-22744.8503125089,62507.2828086473,-21455.8851220996,-7029.3034525765,-59648.4909056002,8060.0217475944,-19715.2773765412,-3666.7564096554,-84645.1069981564,-0.1438766448,-149047.1466103708,-205301.4495502412,-0.6361124999,-174717.7329027534,257155.1900259776,-44894.1897988641,205657.8297443171,-19972.5894097616,138731.9983677379,-6000.324529132,22263.7697511628,-67549.9110319171,-10920.8878660436,69722.2586641859,39966.8514026075,122889.7520988651,-12302.0186683513,17971.8016094871,-19497.2255329732,17013.7250683396,-24526.019371118,2342.0242806061,7481.2515741739,-14683.5337740389,-13603.9982185602,0.2498460525,-218427.8080202784,-180169.6752631533,0.0703939074,370574.3504357342,-127409.2268327034,211761.2919129337,85557.876689423,-48762.4085287021,81000.0801104243,2751.0744827068,-26983.9486941373,-96174.2529913222,-686.2524397791,21138.2411679256,-41140.8468538711,68257.9105202088,82960.6464620664,-11947.4854681157,-120774.5477306049,-20407.5136325206,56648.1761242223,-1857.2625148096,-10619.9655797576,1344.699177594,304940.4903778784,0.6187941004,-42404.479766718,-230877.428244324,0.2595692158,243652.8791937946,82210.5901253172,-5351.6559378095,-284322.2958127537,-103055.2554862614,31081.4413732846,-2410.515504213,-5791.1110143304,8762.6588147945,39327.8681463954,3648.7213785497,34622.3239318941,44253.1567029117,-24314.4111370906,46365.7367031073,-121247.7240419596,-26174.5426104884,53009.9575833022,-5798.6618406081,11123.7940038752,-5131.9008308201,166829.4520625723,-0.3953128871,-58700.4509861535,-272753.4246066438,0.4491364414,304624.6307438795,98416.1921792612,171663.4962338357,-194605.3817836349,-169741.4352947686,92230.667158821,6915.9575998483,1274.1501899252,-47102.6267167707,34294.6289680543,10571.1431045387,-47758.4609380744,67731.8996381008,12376.0124423828,-14353.3686514541,-83430.4981518055,-27358.6976341598,32003.0374867171,6120.9532157043,217.2087957602,4230.4416504395,83311.9882022983,0.3886467425,137544.7250763223,121788.0854528767,-0.3459651917,200157.1182462448,-136606.3787017015,146775.366006227,-246224.634537084,-108854.1256315303,-96748.7624702533,-8268.6114722158,19756.3479215348,48417.524618004,595.7367901338,-21822.691393736,-37137.8180515112,29077.9531656237,-8377.1011395554,-64502.648839783,7833.9783549616,-14057.8559606499,-8181.78206634,-24649.7233318321,-9029.8318938143,-30824.3667568032,-33809.7892212718,0.9161228823,-97595.8425692085,-71859.8329963526,0.2586763477,-150034.7107580974,52703.5977480364,3179.3388215166,304750.1183676818,13686.0381932739,-121679.0347263649,7549.8570394223,50045.2315744609,-32981.3776792964,-28245.7586777763,-24300.6571457759,-6790.3417072672,-54458.6078764785,-11154.089020083,-633.0654613837,43551.273318754,47244.3503282629,-29951.3572559165,-9342.7345715239,2646.8536467997,-10956.4515202755,-73357.8086853949,-0.3501373356,254393.1511784512,137062.1620847564,-0.3544970994,-457504.1967391384,180661.2311212976,-103261.9154426555,-117250.3924371381,-138860.5990100228,12006.8211138118,-5811.6715748516,-332.9462855565,69036.254527494,64246.5420279164,13356.5581523055,34938.4985547531,15186.3371600256,40820.3674030524,66475.8191549357,-130366.667399936,-52602.5537739437,-95992.2344868427,-6179.7075889796,-10460.0874371527,4172.0262053845,-23629.2283345312,0.9578878433,-50575.3224969541,-188700.3582287408,-0.6279561148,23528.4941931621,-60535.345437457,21303.8347704947,138870.517743774,150297.4276985773,9810.077069625,14174.1278181116,-33238.9689666431,-46981.500229108,-58560.6478092929,90794.0976961366,-66944.0770000062,20201.2488930607,83452.7252619312,-48907.9802774754,27522.1326576504,34143.5567437073,-1565.722458711,-5368.5900030605,15037.7024258565,-22653.5130169158,32300.7076722595,0.204840491,-286296.3865320644,-215157.7455760299,0.4188248376,140918.4722599717,30695.9001451932,108731.6495255224,-6576.0610749416,75389.393418461,47816.4639532612,-12234.564463707,38339.9160687651,-76159.2105274347,-29674.5001109855,-16789.3232387344,324.92333711,18514.6571990433,-11567.4287437291,-20607.0996533575,20738.0086547995,35120.6499031268,11287.619478286,3739.9284731203,-16078.0442932024,14719.4640339375,-22095.7346517129,-0.0317880209,203579.5048972774,-26835.1686715786,-0.9233601223,-237443.6982040249,169971.5787228401,-20640.850966451,35398.6243418235,-128225.4797173273,-7758.1258322985,-4387.7574856836,13314.134312463,90407.0665217024,40352.2675033127,5449.9924721532,97397.5055851983,1928.9994122455,-33671.8253207245,-24811.3511910821,74914.4775800726,43698.7374586047,-50113.0284218175,5542.5910847169,4541.0252312525,-2358.5595120874,-25020.8045811814,-0.2214248363,-50052.6640887449,-96590.1369230888,0.3227084887,72727.040542434,-48656.9850185157,73590.7581225674,213264.1583203523,1304.6084775218,-120746.2191279573,-13345.0074406688,-16815.7272960071,-61243.7871929613,35643.5164395889,19614.5413572176,3765.2432787624,101759.0956937254,39794.5029073236,-23557.5967335426,-34447.5370983957,16494.6582299288,-25601.3201760653,2474.6284076717,63897.1624836446,19849.108825095,71278.0048220131,-0.0081612362,-40531.0129993445,-145171.7341902988,-0.5767547433,-68334.6868398908,47822.9011260929,-60042.9152052665,246054.7106439891,-65540.2515164678,-40286.8177651182,12368.5553066325,47432.9824878038,11504.6218783371,30966.0578021851,-50243.0963580167,27791.7080732341,-10409.4200013468,62575.447039424,27443.5859705443,12883.4295796628,-2240.393033267,-61877.1811285713,-7309.8202683496,-7178.6082696702,1285.7244178283
biasActivation=0,1,1
[BASIC:ACTIVATION]
"org.encog.engine.network.activation.ActivationLinear"
"org.encog.engine.network.activation.ActivationLOG"
"org.encog.engine.network.activation.ActivationLOG"
