encog,BasicNetwork,java,3.3.0,1,1425325320038
[BASIC]
[BASIC:PARAMS]
[BASIC:NETWORK]
beginTraining=0
connectionLimit=0
contextTargetOffset=0,133,0
contextTargetSize=0,31,0
endTraining=2
hasContext=t
inputCount=50
layerCounts=50,32,82
layerFeedCounts=50,31,50
layerContextCount=0,0,31
layerIndex=0,50,82
output=-0.068972711,-0.0349862524,0.1902294852,0.0349585435,0.6412560733,0.0186247972,0.3205197409,0.2640823096,0.1266140478,0.1993905335,0.0001270891,0.1337039107,0.1143784898,0.5328424992,0.1046135758,-0.0002239445,-0.6907389773,0.0489915665,0.0817852325,0.3155841018,-0.354186988,-0.0802890504,0.0681362907,-0.2563773092,0.374771965,-0.0211183055,-0.1336129707,-0.1910634911,0.3281153703,0.7224284455,-0.1380238688,0.0265290304,0.3489336223,-0.2110170548,-0.000044989,0.0410225626,0.3869378941,0.4505566566,0.025443322,0.2966723531,0.2615804824,-0.0534632923,0.0172350463,0.0530612798,-0.1228716515,0.1741032504,0.6018374268,0.3547459567,0.3012015377,-0.1075779365,-8.6082103447,-9.7192869483,7.8093428991,10.1771724219,9.9407517552,8.4064276854,8.0016498549,8.2290538722,-9.0590064149,7.9201003067,-8.9329603815,9.4898097924,-10.7175928241,8.9614565548,-9.1874973982,-9.3138127992,-8.1052504896,10.7763204621,10.2293516458,-6.6095674822,8.4013702382,-10.5206289797,10.255124363,10.0445516706,10.4478664789,10.8556089879,6.8354763668,-10.0778443626,-9.9533338584,7.7524298049,4.6811369653,1,0,0,1,0,0,0,0,0,0,0,0,0,0,0,0,0,0,0,0,0,0,0,0,0,1,0,0,1,0,0,0,0,0,1,0,0,0,0,0,0,0,0,0,0,0,0,0,0,0,1,1,-0.068972711,-0.0349862524,0.1902294852,0.0349585435,0.6412560733,0.0186247972,0.3205197409,0.2640823096,0.1266140478,0.1993905335,0.0001270891,0.1337039107,0.1143784898,0.5328424992,0.1046135758,-0.0002239445,-0.6907389773,0.0489915665,0.0817852325,0.3155841018,-0.354186988,-0.0802890504,0.0681362907,-0.2563773092,0.374771965,-0.0211183055,-0.1336129707,-0.1910634911,0.3281153703,0.7224284455,-0.1380238688
outputCount=50
weightIndex=0,1600,4142
weights=##0
##double#4142
   0.0016610397,-0.0025241067,0.0010383175,0.0047198263,-0.0021317115,0.0045708813,-0.0035609487,-0.0057447853,-0.0033573076,0.0040576436,0.0001520528,0.0036669177,-0.0006776694,-0.0042746182,-0.0028916876,0.0051524458,-0.0027194781,-0.0057770953,0.0030028139,0.0017345277,-0.0007399698,0.0054389196,-0.0019257307,-0.0047031567,-0.0011614454,-0.0036070663,0.000574607,-0.0016766886,-0.0028185909,-0.0010527444,0.0007614329,0.038056141,-0.0061554245,-0.0082007157,-0.0031567669,-0.0024165491,0.000439217,0.0024331193,-0.0070894007,0.0024511433,-0.0075090154,-0.0040628708,0.0062548957,-0.0000356267,0.0060726223,0.0024622306,0.0087735793,-0.0077736963,-0.0019342761,0.0064316557,-0.0005486727,0.0011524092,-0.0010609728,-0.0027873302,0.0015651014,-0.0082558015,-0.0095635181,-0.0032727203,-0.0061460771,-0.0018046798,-0.0052536111,0.0015029167,-0.0031227396,0.0495462196,-0.0031673679,-0.0019149896,0.0100899444,0.0062713313,0.0013848674,0.0027879969,0.0007527824,-0.0146465134,-0.0071436661,0.0111651928,-0.0026022424,0.0013797278,-0.0003694694,0.0039297516,0.0047985822,0.011177982,0.0001987016,0.0014540961,0.0013595174,-0.0010424546,-0.0042071103,0.0005943373,0.0022781401,-0.0067533946,-0.0056680693,-0.0104981895,-0.0106195232,0.0011076236,-0.0073220553,0.0004072436,0.0038097397,0.2128482817,-0.0003791892,0.0139922476,-0.0082111928,0.0031095108,-0.0021819087,0.001105646,0.0026323073,0.0067557085,0.0013584361,-0.003485142,-0.0012678078,-0.0012013393,-0.003963509,0.0015982925,-0.0056818229,0.0002338799,0.002653247,0.0036502357,0.0015378112,0.0056248681,0.0044138093,0.0017328021,0.0051447445,-0.0039155981,-0.0047246119,0.0057228411,-0.0013438513,0.0015723616,-0.0054378874,-0.0053411278,-0.003176069,0.0548177928,-0.0002596634,-0.0016015732,-0.0037125501,0.0030913068,0.0057713459,0.0031901913,-0.0008979354,-0.003552835,-0.003665438,-0.0072282058,0.0012126908,0.0113317574,-0.0070908475,0.0110311581,-0.0032635827,-0.0028208378,-0.0063239853,0.0107138928,0.0036714462,-0.0032270492,0.0114291692,-0.0031618827,-0.0084444068,0.00530004,-0.004192309,-0.0055372667,0.0012354348,-0.0025440018,-0.0039861021,0.0003788156,0.0029713397,-0.038767329,0.0093522481,-0.001645244,0.0051743891,-0.004040892,0.0049583196,-0.0057848475,-0.013811451,0.0074222413,0.0004275995,0.0075903986,0.0026271722,-0.0006447769,-0.0007958981,0.009536387,0.0011554916,-0.0007199091,0.0000429669,-0.0038010854,0.0051828963,0.0063398786,0.0087756406,0.0011861239,0.0072790264,-0.0102540122,0.0089096512,0.0027847989,0.0054641736,0.0072815273,0.0143543399,0.0004634123,0.0007221735,0.0618103997,-0.0040072924,0.008561804,0.0029657303,0.0024233713,-0.0007848275,-0.0033859341,-0.0004521061,-0.0038330618,-0.0059034869,0.0032998209,0.0017592385,-0.006175702,0.0008339422,0.0144296606,-0.0032548384,0.0041177351,0.0039013095,0.0018626817,0.0044952223,0.0011730237,-0.0012465878,0.0020204857,0.0031151775,0.0010841373,0.0059974683,0.0030297191,-0.0088442165,-0.0079484059,-0.0103621545,0.0014508382,-0.0077727569,0.044635714,0.00649851,-0.0040621649,-0.0003656494,-0.0033750958,-0.0052792354,-0.0052371444,-0.0008069427,-0.0074872176,-0.0003151504,-0.0070492971,-0.0010385517,0.0026930049,-0.0041464172,0.0016986553,0.0006759227,-0.0005059318,-0.0025159648,0.005490223,-0.0050567847,-0.0074508624,0.0082874067,-0.0059629558,0.0108416175,0.010644094,-0.0042859229,-0.0009431241,0.0013267788,-0.004653713,-0.00251139,-0.0053521399,0.0082384574,-0.0082554247,-0.0002956593,-0.0069914403,0.0007212321,-0.0080361148,-0.0013690308,-0.0005808615,0.0037635956,-0.0024576892,0.0077865156,-0.0000906419,0.0073123488,0.0007475809,0.0066879415,0.0026918888,-0.0048231645,0.0056460849,-0.0037961481,-0.0052198498,-0.0001629962,-0.0073957514,0.0053950223,-0.0049270031,0.0005368054,-0.0014535342,0.0022321936,0.0020384379,0.001764167,-0.0043617498,-0.0028652428,-0.0059030643,0.0011519039,0.1267700903,0.0018137415,0.0043381823,-0.0039530136,-0.0133340253,0.0072012414,-0.0008410521,0.0070307136,0.0029399811,-0.0053291373,0.0037303432,-0.0058786012,0.0143497349,-0.0034143975,-0.0043807674,-0.0036181575,-0.0057690379,-0.0018152629,0.0026066858,0.004567195,0.0025844682,0.0014230488,-0.0018921425,-0.0024821875,-0.0025737246,-0.0013040113,0.0039650148,0.0058564493,0.010635042,0.0051932795,-0.0086890927,0.00091467,0.0274566954,0.0000019742,0.0000020234,0.0000029242,0.0000018522,-0.0000002538,0.0000002383,0.0000027616,0.0000010515,0.0000014026,0.0000007974,-0.0000003154,-0.0000020983,0.0000012916,0.0000007697,-0.000003103,-0.0000028326,-0.0000017006,-0.0000008005,-0.0000011424,-0.0000024226,-0.0000010062,0.0000004777,-0.0000018039,-0.0000003646,-0.0000012716,0.0000003718,0.0000026828,-0.0000015116,0.0000010223,0.0000005111,-0.0000036416,0.0000924673,-0.0031569771,-0.0045725939,0.0066761558,-0.0024610363,0.0031914661,-0.006448248,-0.002631525,-0.0018719882,-0.0004876066,0.0049652451,0.0023484212,-0.0047078,-0.000692875,0.0011442398,-0.0036733119,0.0029835322,0.0090884798,0.0040751272,0.0032707714,-0.001226163,-0.003990227,-0.0007515422,0.0001825604,0.0067517751,-0.009376185,0.0046118278,-0.0024625901,-0.0069023111,-0.0043673953,0.0040304157,-0.0024289915,-0.0318529849,0.0004304512,-0.0118592223,0.000935833,-0.0089365075,0.0066003996,-0.0027280403,0.0014861777,-0.0028978863,0.003474381,-0.0032219556,0.0001726008,-0.0011337152,0.0011339302,0.0048161536,-0.0016452287,0.0206844424,0.005336285,0.0077971608,-0.0045141041,-0.0015592256,0.0013495723,0.001169572,-0.0021266665,0.0024158434,0.007355088,0.0001713005,-0.004354636,-0.0123267431,-0.0084078678,-0.0005616706,-0.005872904,0.0401596012,-0.0052154887,0.0062714822,-0.0013848895,0.0038924299,0.0044735294,0.0029808206,0.0014490607,0.0166282098,0.000199639,-0.0024269709,-0.0060011933,-0.0001673868,-0.0046002209,-0.0063895697,-0.0011551471,0.0005333875,-0.0051944552,0.0016959063,-0.0008062895,-0.0005984149,-0.002749034,-0.0036355895,0.0079287461,-0.0008502594,-0.0065165436,0.0038396744,0.0049775969,0.0012319367,-0.0035520875,-0.0038694688,0.0013906015,0.1223840942,0.001505868,-0.0143305468,0.003830668,-0.0044363214,-0.0004685008,0.0001431641,0.0026663124,-0.0018712556,0.0058807392,0.003768753,-0.0002491142,-0.0031476514,0.0007477948,-0.0116100848,0.0024084857,0.0030863101,-0.0024343214,0.0028667051,0.0017053752,0.0006852918,0.0034446433,-0.0096128955,0.0083816616,-0.0158428009,0.0047432182,0.0018616333,-0.0053630101,-0.0012730197,0.0175447948,0.0066656904,-0.0079267608,0.1987371892,-0.000001474,-0.0000025671,-0.0000020173,-0.0000010561,0.0000024017,-0.0000002823,-0.0000017856,-0.0000038432,-0.0000013191,-0.000004777,0.0000034343,-0.0000006778,-0.0000019946,0.0000002085,0.0000031083,0.000002052,0.0000050475,0.0000008672,0.0000040281,0.0000075235,-0.0000005573,-0.0000000498,0.0000013188,0.0000000767,0.0000004383,0.0000049185,-0.0000004604,0.0000012834,-0.0000016842,-0.0000007469,0.0000017931,-0.0001545541,0.0060896709,-0.0075074346,-0.0165135289,-0.0121547375,0.0018286786,-0.0028809182,0.0042054489,0.0003823757,-0.0034186531,-0.0108434332,-0.0061583926,-0.0048075692,0.0038888099,0.0014411004,0.0041515394,0.0004418985,0.0019825606,-0.0048419052,-0.013922544,0.0099048451,-0.0146503477,0.0011302996,-0.0002095587,0.0080864282,-0.0004586395,-0.0095893461,0.0013716357,0.0007025142,0.001433204,-0.006695115,-0.0017584604,0.140188255,0.0021345022,0.0052757886,-0.0036063027,-0.0052893226,-0.0050459729,-0.0045400365,-0.0091068704,0.0057874225,-0.0014745427,0.0025162727,0.0050491854,0.0031387394,-0.0023196832,0.0058745807,-0.0007394367,0.0055547776,-0.0092339597,0.0042714254,0.0064974398,-0.0045367543,0.0037864495,-0.001826231,-0.0052955436,-0.0016403421,-0.0010337064,-0.0036859723,0.0027120058,0.0044658461,0.000867434,0.0038994474,-0.0021342994,0.1317850964,0.0009394932,-0.0066559816,-0.0006621462,-0.0076209716,-0.0019467029,-0.0027500313,0.0031999669,-0.0013715159,0.0094109335,0.0022734365,0.0070016543,0.0007644065,0.006288569,0.0020725048,-0.0024173626,0.0065304599,-0.0031076316,-0.0051898685,-0.0018457459,-0.00845034,0.0041040333,-0.0033566233,0.0027955757,0.0022403421,0.0007503812,0.0000930912,0.0042400198,-0.0061935925,-0.0006407246,-0.0056823479,-0.0005095837,0.1586526482,0.0021438127,-0.0033826859,0.0043579916,0.0063110124,0.0070528742,0.0013478491,0.0043733966,0.0070611571,-0.0035510303,-0.0111840995,-0.0026666601,-0.0040716175,-0.0024431279,-0.0060842681,0.004981912,0.008819165,-0.0022570798,0.0047803837,-0.0043929759,-0.0035633844,-0.0042740037,0.0030515883,-0.000279955,0.0017135586,0.0025893445,0.0018020582,0.0062896827,0.0019669399,-0.0046249183,0.001011034,-0.0042805467,0.1574636416,0.0067095391,0.0025846387,0.0048806661,-0.007043391,-0.004189138,0.0004137927,-0.0020602096,-0.0023048454,-0.003404919,-0.0107714305,0.0044457432,-0.0039633125,-0.0073819422,-0.0010201742,0.0030529048,-0.0031450462,0.0045680754,0.0004204668,-0.0027740523,0.0021161448,0.0006368206,0.0043706742,0.0128434768,-0.0011528201,-0.0000076002,-0.0021290915,0.0027305799,-0.0019376036,0.0055225633,-0.0075728272,0.0055805119,-0.0356424936,0.0002589421,0.0045225998,0.002169095,-0.0009495998,-0.0016221948,-0.0031601282,0.0036019285,-0.0047705111,0.0004572123,-0.0015918743,-0.0021466252,0.002687233,-0.0025290351,-0.0049744883,0.0030129755,-0.0033477031,-0.0005368558,-0.0071933855,-0.0053818397,0.0042943575,-0.0004805228,0.0001419818,-0.005344891,-0.0034422858,0.0012825104,0.0025649846,0.0019753239,-0.0025597036,-0.0049585985,0.0054555149,0.0047449162,0.0549168208,0.0072225658,-0.0012322302,-0.0011853444,0.0007191871,-0.0008129371,0.0026797078,0.0005885267,-0.0031730759,0.0003570258,0.0049019492,-0.0066192659,-0.0054110612,0.0051930427,-0.0032569694,0.004722673,-0.0021186198,0.0022319249,0.0010240037,0.006386899,0.003314105,0.0032191082,-0.0079006907,-0.0018857553,-0.0012201201,0.0066380597,-0.0017944287,0.0063360737,-0.0009704526,0.0038121517,-0.0015224758,-0.0007836732,0.0278655187,-0.0038731647,-0.0055211006,0.0072485617,-0.004559559,-0.0001150066,-0.0068186637,-0.0002848623,-0.0042861272,0.0091489254,-0.0049579847,0.0132198201,-0.0074459256,-0.0045728039,-0.003792249,-0.0005228916,-0.0036288584,0.0093910099,-0.0097672558,-0.0064889014,0.0061380899,0.0048147052,0.0013291032,-0.0006011566,-0.0075482834,-0.0000868775,0.0015889676,0.009119304,-0.0124882754,-0.0025671449,0.0004539682,0.0066302086,0.078900677,-0.0018426067,0.0088259314,0.0163859377,-0.0047166774,-0.0010641396,-0.0057369211,0.0075169309,-0.0121461514,0.0070116929,0.0054362042,-0.0045588328,0.0044617293,-0.0054456256,0.0060780226,0.0103925017,0.000919696,0.0058469871,-0.005374874,0.0045516521,-0.0073692525,-0.0076939773,-0.0054833677,0.0018762449,0.0001001141,-0.0028032603,0.0020345458,-0.0034256911,-0.0029293698,-0.0086063518,0.0098870016,0.0031310879,0.2128324461,-0.0056178685,0.0007907679,-0.0006900574,-0.0036635181,-0.0076655128,-0.0000850521,0.0009791636,-0.0002713666,-0.008119641,0.0069680299,0.0021488736,0.0104601325,0.0014829553,-0.0019704521,-0.001171695,-0.0071827955,0.0057174527,-0.0050784299,-0.0078439715,-0.0060765779,-0.0085563656,-0.001370091,-0.0001465113,0.0031871037,0.0057474525,-0.0022245192,0.001128832,0.0119277136,0.0051545315,-0.0034589716,-0.0052240514,0.1465382376,-0.0021259843,0.0024383536,-0.002270265,0.0006218051,-0.0029438779,0.000282786,-0.0017583309,-0.0021047724,-0.0035126588,0.0030318572,0.002978212,0.0047903901,0.0019497469,0.0024239012,-0.0006982269,-0.000944351,0.0029687861,-0.0048276301,-0.0052238575,0.0019333121,-0.0069396305,-0.0024061578,0.0012271063,0.0023073846,0.000034565,0.0003692377,0.0038664278,0.0026682905,0.0060807343,0.0003469556,-0.0044019041,0.0647994624,-0.0069802108,0.0118400548,-0.000131483,0.0048956416,-0.0028198728,-0.0050742476,0.0013385624,-0.0087609075,-0.0053951118,-0.0077536601,-0.0068052001,-0.0041981715,-0.0002353138,-0.002866548,0.0067648013,-0.0029870169,0.0059518738,-0.0043397044,-0.0016894712,-0.0046033748,0.0061128392,0.0112344324,-0.0013853748,-0.00752636,-0.0031530415,0.0032775321,-0.0036318869,-0.0023977907,-0.0005621742,0.0086134754,-0.0065153411,0.1909416357,0.0074048608,0.0045875242,0.0006637997,0.0109769922,-0.0038387626,0.0048299584,-0.0055533832,0.0092653069,0.0091434322,0.0063054289,-0.0042669861,0.0007032047,0.0097235476,0.0032661999,0.0010564467,-0.0026174477,0.0011774904,0.0020313133,0.0000217708,-0.0013270535,0.0017774148,0.0016095513,-0.0056621378,0.0036859549,0.0107897031,0.0037197758,-0.0065397357,-0.0030666845,0.0027044716,-0.0049931497,0.0061636485,0.2328315992,-0.0001831527,-0.0079537578,0.0055876086,0.0136676973,0.0026619885,0.0012340021,-0.0035486589,0.0183570657,0.0016764994,-0.008526387,-0.0013276357,0.007814712,-0.0026336705,-0.0000046542,0.0043066437,-0.0025815933,-0.0076704895,0.0070740983,-0.0011843561,-0.0021246036,-0.0002944448,0.0076805531,-0.0092617112,0.0039975732,0.0107820741,-0.0010827206,-0.0074482924,0.0065590037,-0.0065851928,-0.0027986582,-0.0124483477,0.3136603717,0.0028452737,-0.0009738851,-0.0008844899,-0.0028198692,-0.006509073,0.0151037462,-0.0004690978,-0.0072282752,-0.0148095592,-0.002230589,-0.0148664075,-0.0052473654,0.003797328,-0.0058323699,0.0022909837,0.0013088048,0.0019235755,-0.0018007335,0.0011043111,-0.0075012154,-0.0029000512,0.0064751431,-0.0087715661,-0.0002223969,-0.0084234588,-0.0028009016,-0.0037924669,-0.0099172022,0.0094692962,-0.0088541008,0.0056432397,0.1799476618,-0.0036190574,0.0136265915,0.002743333,0.0052928737,-0.0015447522,-0.0006691296,-0.0080880284,-0.0020828508,0.0079701936,-0.0094929914,0.0073904957,-0.00661883,0.008314108,0.0087912227,-0.0060590056,-0.0091323896,-0.0034397393,-0.0022979825,0.0034203572,0.010391708,-0.0016950062,0.0084511639,0.0027235231,0.0001927091,0.0116647037,-0.0039809565,0.0025901608,-0.0044015257,-0.0055104426,0.0006962148,-0.0017512824,0.2122846545,-0.003958686,0.0004613958,-0.0066357746,-0.0044508801,0.0066489729,0.0143170339,0.0148493956,0.0009253892,-0.0001657747,0.0034992188,-0.0013017415,0.0007248102,-0.0021784575,0.0033596822,-0.0058640554,-0.0030737226,-0.0044547222,-0.0024291347,0.0025670729,0.0012578421,-0.0031724282,0.0021696068,-0.0105979475,0.0075796561,-0.0025116923,0.004164651,-0.0088724393,-0.0018156965,0.0086111096,0.0042091503,0.0023506719,0.0394989833,0.0038050858,0.0072023056,-0.0005185367,0.0021566325,-0.0050327055,-0.0073568475,-0.0005035722,-0.0006065293,0.0035189466,-0.0116488379,-0.005536,-0.0003990216,-0.0058047797,-0.0052516907,0.004567616,0.0015572013,-0.0023449955,0.0058367331,-0.0002511154,-0.00777737,-0.002778246,0.00812146,0.001656334,0.0030802422,0.0031629311,-0.0034882521,-0.0060728029,-0.0028804442,0.0091872122,-0.0064764387,0.0026483388,0.1911984638,-0.0000010324,-0.0000032839,-0.0000021632,-0.0000011163,-0.0000014178,0.0000001047,-0.0000000332,-0.0000019863,-0.0000012541,0.0000001135,0.000000338,-0.0000000493,-0.0000014487,0.00000118,0.0000014783,0.0000009159,0.0000015955,0.000000021,0.0000036095,0.0000038186,0.0000006992,0.0000014537,0.0000007682,-0.0000005642,0.0000015441,0.0000010845,0.0000005802,-0.0000006419,-0.0000010566,0.0000003649,0.0000025675,-0.0000959499,-0.0047756744,0.0010521923,-0.0037498031,-0.0027120638,0.0059887758,-0.0017679617,-0.0014393128,-0.0024610011,0.0024628731,0.0053226066,0.000535068,-0.0040208271,0.0058037883,0.0005069666,0.0032018569,-0.0118429765,-0.0068480943,-0.0026184298,-0.0022642682,0.0031640581,-0.0076449755,-0.0027140978,0.0010038872,-0.000444212,-0.0001008116,-0.011690228,0.001352528,0.0048482035,-0.0084944636,-0.0002854815,0.0029532029,0.1720275645,-0.0066046081,0.0088126612,-0.0073707224,0.0076090956,-0.0005708011,-0.0002233525,-0.005975662,0.0028329423,-0.001971437,-0.0061833819,-0.0052127238,-0.0017750289,-0.0011324491,0.0011689486,-0.0048816014,-0.0026432754,0.0047470469,0.0113296072,-0.0044549627,-0.0005973322,0.011457063,-0.0018457582,0.0096914588,-0.0043881131,-0.0103368519,0.0055648579,-0.0030658568,-0.0053631978,-0.0050212284,0.0009724755,-0.0017939067,0.089624349,-0.0005224382,-0.0101078178,-0.0038397459,0.0087625307,0.0140992222,-0.0041570401,-0.0022800886,0.0131708136,0.0030514139,0.0014379414,-0.0066593918,-0.0052567154,0.0085323435,-0.0027610452,-0.0008207878,-0.0104287541,-0.0083644736,-0.0046571523,-0.0058250422,-0.000093833,-0.0036860848,-0.0022320413,0.0037173191,-0.0009853121,-0.0040094597,0.0013626639,0.0004298774,0.0147686969,-0.0061951419,-0.0018556794,0.0033140235,0.2422692816,-0.0014707674,0.0020743841,0.003727358,-0.0011413819,-0.0099278901,-0.0035279025,-0.0015291226,0.0003617855,-0.0053303115,0.0128291395,0.0034111781,-0.0076609159,0.0067551762,-0.0063002011,-0.0005171161,0.0000616285,0.0064106831,0.0050389008,0.0027702109,-0.0091055491,0.00065238,-0.0026202067,-0.0124218444,0.0051654713,0.0005198799,-0.0002363047,0.0083134473,0.0108474076,0.0022536298,-0.0007277637,0.003396039,0.2444116969,-0.0015661804,0.000717691,0.0017028727,-0.0033672234,0.0051331745,0.0058851886,0.0062048673,-0.0013724403,-0.0034487996,0.0004452723,-0.0031710963,0.0067988657,0.0012788921,0.0048560216,-0.0015739593,-0.0003747895,-0.0045510164,0.0026892508,0.0010949638,-0.0007581241,0.0009223107,0.0035490017,-0.0043279739,0.0023984009,-0.0023629882,-0.000740553,0.0036835921,-0.0016518643,0.0037055432,-0.0008772051,0.0042605262,-0.0206554198,0.0032364941,-0.0046862083,-0.0032297241,-0.0012003633,0.0037793392,0.0012263254,0.0048926644,0.0005730671,0.0015720804,0.0073447685,0.0007607984,-0.0011476072,-0.0022727863,-0.0060992959,0.0000135723,-0.0024834607,-0.0073723129,-0.0010244055,0.0053387647,0.004669091,0.0014768737,-0.0021475307,0.0046545888,-0.0020923215,0.0063225074,0.0014950366,-0.0012326605,-0.0000300216,0.0088612723,0.0075645176,-0.0048319,0.0144668517,-0.0012593958,-0.0055157797,0.0036818772,0.0069812892,-0.0001647688,0.0002161057,-0.0027767525,-0.0050415444,-0.0013853794,0.0046734934,0.0066198915,-0.0005332402,-0.0009539162,-0.0083792242,-0.0028461429,0.0028744664,0.0035708464,-0.0022844154,0.0056218487,0.0025806924,-0.0034550377,0.0054208485,-0.0033277659,-0.0016489948,-0.0091643374,-0.0010592332,0.0050111355,-0.0047366359,-0.0039770377,0.0030018638,0.0038008013,0.0203975066,0.0020563949,0.0003594456,-0.0030162244,-0.001982637,-0.0015172473,0.000311264,-0.0043546694,0.0021511113,0.0001892674,-0.0035550588,0.0055266026,0.003954037,-0.003662629,0.0031605044,0.0018071005,-0.0016411789,-0.0024815624,0.0022310669,0.0061247699,-0.001465648,0.0023443586,-0.0014974247,-0.0029360672,0.0004652611,-0.0023754358,-0.0034113365,-0.0020941379,-0.0006465431,-0.0044081875,0.0010845303,-0.0049588714,0.0012973193,-0.000913437,-0.0030279788,-0.0007393141,0.0056277067,-0.0121788995,0.0109965156,0.0077321599,0.0026084177,0.0013000949,0.0073424419,0.0041953683,-0.0165505953,-0.0000084547,-0.0048993001,-0.0015363127,0.0040734632,0.007125817,-0.0008872231,0.0137408445,0.0124753406,0.0025368615,-0.010087995,-0.0072155812,0.0039709612,-0.0019284931,0.0051369356,-0.0044685514,0.004780431,0.0096247106,0.0081399822,0.009260066,0.0736916796,0.0065911229,0.0001178892,0.0057693229,-0.0007776006,0.0051538293,0.0059883535,-0.0074816896,0.0047318883,-0.0004101367,0.0001630036,0.007017761,0.0044744156,0.0007024451,0.0105144668,0.0034026311,0.0012319754,0.0095614134,-0.0046015944,-0.0162598941,0.0059302963,0.0001572181,0.0074292917,0.0054392977,0.0008991924,0.0076264183,0.0003460031,0.0020241813,0.0014069244,0.0082558508,-0.0021446079,-0.0048328904,0.1714529233,0.000332418,0.0105081819,-0.0004240954,0.0069809665,-0.0025897594,0.0042249769,-0.0036861519,0.0056045212,0.0032896415,0.0002115323,-0.001093116,0.0119229386,-0.0005251363,-0.009611367,-0.0084476112,0.0028043773,-0.0068422924,0.0006174862,0.0014403396,0.0048993326,-0.0057344452,0.002650457,-0.0033324686,-0.0069843396,-0.0022392064,-0.0005386737,-0.001412492,-0.0059284833,-0.0025108545,-0.0044434212,0.0075519321,0.2083725456,-0.0019873004,-0.0058145431,-0.0079718814,0.0071568087,0.0016809454,0.0020725704,0.0028770103,-0.0043084984,0.0049420494,0.0025679867,0.0051468349,0.0019266488,-0.0104263468,-0.0037898284,-0.0032613661,-0.002943747,-0.0003480576,0.0087906304,-0.0031129199,-0.0048962495,0.0050995635,-0.0033383943,0.0041855418,0.0055413892,0.0044279945,0.0000549627,-0.0046514066,-0.0007837412,-0.001084509,0.0093485127,0.0062788592,0.0026534906,-0.0003745047,-0.0039550391,-0.0063971351,0.0017953248,0.0037811257,-0.00180895,-0.0045091804,-0.0046620062,0.0085981197,-0.0043720142,-0.0045942674,0.0022810202,0.0012885769,-0.0011546192,-0.0067281126,-0.0052822808,0.0020171407,0.0072203431,-0.0005041201,-0.0029421624,0.0034041266,-0.0049723065,0.0035729385,0.009974677,0.0000585805,-0.007923802,0.005447284,0.002057296,-0.0068427205,0.0040974204,0.0059756815,0.0073736547,-0.004386712,-0.0008641706,0.0088557095,0.0043234085,-0.0063774176,-0.0010838267,0.0073799716,0.000438042,-0.0000910892,0.0001750033,-0.0020891094,0.0039351609,0.0024599482,0.0005786638,0.0064637529,-0.0018824399,-0.0029541364,-0.0195797603,-0.0041442838,0.0030997689,-0.0120057471,-0.0084712623,0.0058105119,-0.0007344605,-0.0049830324,0.0130243074,0.0114690598,0.0053130469,-0.000131117,0.0047809647,-0.001686675,0.2213651387,-0.005811629,0.0033085112,-0.0057288428,-0.005990897,-0.0036276004,-0.0054735623,0.0026337143,-0.0005981845,-0.0098979348,0.0025132324,-0.0049594361,-0.000910626,-0.0021354297,-0.0020256592,-0.0038382864,0.0045549559,0.0040556362,-0.0017083049,0.004917805,-0.0150772599,0.0031678515,0.003321355,-0.0122310959,0.0024421108,0.0038437048,-0.0048591789,-0.0058295104,0.0186567515,0.0067811625,0.0014896579,0.001124238,0.20507004,-85.1007825719,-4727.3496142338,0.3715412683,-19245.3792252584,1.256547105,-15.3398020787,15448.5306388029,954.3472661017,-0.0140416126,147.625547928,0.6863588223,10593.6541367879,-4584.0975125386,-0.8858438135,-575.2728452439,-0.1061561043,-11921.9864237556,-1.538584637,0.8144076354,-1466.8181351036,13019.0556313929,73.9560824501,-1.4488914393,1815.7133058113,-0.7750146877,22366.784861537,1867.1918361632,-31.6153499405,-0.4873476659,-0.0599117115,-0.4915992749,7403.0645925563,52.3661834148,2247.2568851,0.4268955729,2542.7592507953,-3866.4129985538,-0.5640260724,1930.6210603653,653.0029578502,7631.9224860282,-1959.2917922515,6825.4013031724,-81.5587196396,-1.272925397,-9831.796772354,23609.7804590344,-915.6359596333,0.3222428215,-2.0550290717,0.4461425486,-3149.416136658,10284.0945225524,1094.2520973582,-162.3596560753,-7931.1209179429,2824.9745791339,2307.8576256662,1331.0302701181,-3368.2249558835,-12471.9490511726,-3614.4117703361,5574.8237061891,7909.1289541922,4364.7486431666,776.2287771994,603.6576347817,-80.5885518393,-5480.6132862219,-8066.2232276217,20.3604828245,-112.3150354226,-2616.5209686351,4078.7206717521,12293.0983783993,2307.9052168378,-11039.1720064119,-4848.9179071426,-12342.365580068,1048.2970386795,-261.4779602422,-8499.0004069135,2.9366696312,4470.0995165274,356.4376300882,31455.3510067713,3.6753737843,3511.6785112087,0.561171722,-1777.1133108235,1055.0837547734,-26134.4559866339,-0.873715223,-1.5837729144,0.1639223134,-0.8896783759,-3880.7785561845,0.3661808176,2435.3673924185,14839.8117895084,1056.6003078762,-61.8372605942,-2.513093661,-7.8834168146,-1319.6777272892,-1874.9608841444,-1383.3174323238,-2728.4049714036,1814.5447355198,-763.5799878609,2776.0147031327,-1.1922901299,-739.76624734,-11.4868641862,-40891.0271463082,-2687.0975033508,0.257252866,-4534.1363128151,2.5641157985,53.1558020239,-10.8491900723,-27554.9990950525,-24555.0024549385,-1.2076435372,27690.4359230961,-712.7959474124,125.66365719,-0.9691752112,-13532.6656311365,-20651.7721526344,1.7902994547,0.222314422,0.6424840696,-8266.7845721112,12318.7107855421,5366.6942081733,4318.2185970443,-696.7957579606,-11300.7005244999,4677.0512550444,8088.4028681524,-2832.1004808063,-4726.9857783111,-5720.7111911892,-525.4363187062,-6689.9864981048,10765.3179965194,-7317.6729180037,-22.072153046,-4897.6832479286,-12502.5689827289,1.0320727319,-3359.1303594019,-833.5923320376,3605.9435674167,-612.6789166872,-4238.5972289448,-6229.1957891457,14001.8994867343,-6384.7814110103,-7244.8264632106,1101.6372893102,-10555.5321323868,-811.2291356322,0.6647643566,-44.4182519586,-8896.0801605426,1641.2847472355,0.7871284005,3501.6610890154,7104.2090053652,-0.7879776784,-21914.2394065147,2090.7843276411,-0.4476468022,393.2099896983,0.067263792,-0.005241417,3129.9269713531,0.8449980451,-732.222492072,1.1831895748,-21915.3332359457,35773.8652617112,-1.7488835132,-3.0056035928,21957.1759826719,-2643.656276064,0.7580107671,-1191.5836636855,-4872.8150281214,9296.4510393014,-0.3915117257,-0.7071994821,0.6092290207,-2369.6879860145,-2915.3769196086,3139.9002178298,-0.9989456976,-42523.4983051643,6371.0919979168,8.0561063136,161.3745804182,1497.8783757078,10623.1904366218,12.127357146,-23672.4237908435,-3589.4411739778,0.8388929374,-6850.5219338561,-0.2600267512,-10.6909775051,-0.7411173828,-199.6834040104,-0.9774635557,51.9277971085,-1701.5967988492,-2801.0758007673,1546.3820461783,4.9305623755,-1280.7034189701,-2448.716776862,-6857.7196904855,-7483.9356782885,-1931.533987424,176.0412032546,1078.2625488623,5089.5850175033,-4109.6760073466,-3298.8695461706,4329.2929992403,9103.4854392405,-1588.4461597975,-5475.8732721823,1435.0731779375,-3555.5005087776,-639.3199706244,-1.447723895,2583.979404623,-955.9068132556,-3.377071534,3260.7178228698,3673.4573741214,-3151.51790746,3.9144428444,-1.1936994261,1165.3533786887,-1.0467173968,7188.5645150944,-1.7781787803,7.0707424473,-0.0473936548,-0.3426052944,11616.2172845095,-2979.1476841512,-350.6778788954,-0.3546203426,76.9956369725,3.5019448034,-808.006366471,-0.4856483869,0.7484189642,927.2389645049,1.4182335469,-2978.1750466979,531.8256985817,252.0756763725,25090.7251660305,-0.7358893102,-1.5048857812,1382.5897427038,-8205.7601744552,-21374.2034368624,44.1984738265,-0.3625253993,0.9457579065,-2705.4452979585,-5594.3469609989,-24702.5543386099,11431.7263062696,-0.7647553098,-3798.8099366019,0.1540592439,623.7504101103,0.4556514386,-26333.9250671901,1236.9569066312,-0.528838778,149.5687922891,0.4769792331,-4373.3457769959,0.6379789791,28390.7077191625,11258.9961523602,-670.0186753875,-3.4197001475,0.0370246415,-3117.976066601,-1054.3853695491,-655.8779523543,-987.9153370311,3922.3750244247,1700.7617314299,14.473702492,1616.5726950023,-367.8411674487,1151.3751497326,3937.4283679309,-7253.1227538084,-34.7730618488,1003.1044501672,-1070.7629725807,14497.9504679856,-3041.2748557907,1424.1336852378,-8574.2045824977,1197.4338993553,1832.817292848,6727.889113967,-1726.1887964162,1.4248198501,-1381.1185744099,-6280.3918109837,-1248.3844053235,4989.9387757004,-681.809648671,-9554.1355535565,-4492.4223172726,-0.195468626,0.5163214379,-5028.8180065887,-84.597237746,0.9238558152,0.0064989707,0.4901256879,-8610.7296036248,0.1199597782,1.5498006997,-0.7257763254,-6208.0910051912,0.0427519657,-0.2466469847,8400.2011766416,-0.1823574504,-14436.6234201673,-4.5936955342,0.5432757089,-356.8187117531,-7825.8723991817,12432.2077962924,-10844.8510031677,-0.1189232818,-0.1663467084,0.3361635563,-6678.7694657175,18778.2694867175,2648.7502042049,6503.0734844657,-1220.2216879281,1.7644546055,318.5002438966,-2090.3606000797,0.7908893033,26467.0112678177,0.0621612705,1.1234195003,-0.0579578105,0.5112562138,1656.1758397995,0.0571460967,-5744.8837495355,0.8581424168,0.0115154136,0.263106418,0.7292172496,-0.2747650512,-1.0936107836,-0.285417144,0.9427171785,2171.1125280093,-10251.5139777614,2532.0635078508,1001.7683334076,7615.3767628692,-13182.3679427779,10081.807984744,14272.44967212,-10027.4912149419,-2800.817240471,-9449.2242165436,12.7170067325,-9909.9203211791,9662.9816619356,-262.7729769328,-1986.8929284139,-2012.3677989528,-1695.1998940251,-1631.5595415623,8414.7993518292,-11238.0190298131,6907.5856052698,-11630.6708569535,4473.6550482297,-755.5368355278,7834.212297457,3001.0282534888,4178.7199631185,4628.0292924465,6469.2109373165,-502.5364936025,4243.2683759099,-44.5216379024,-0.1327441726,-4013.0857187495,0.5304154089,1.0261073164,742.6262868983,24.1923418317,10751.1351149339,1559.7581842837,0.6640090906,6197.7027981433,15601.3942099045,-6.7522158587,1850.6940080226,0.7471948197,-21018.1414459894,-462.5206182348,10750.1150357953,-1734.4331785277,2897.2452230885,0.1494785689,63.099699145,7457.8879337318,-0.3549554059,-1380.2981965254,-18065.1363669364,-3.5737385081,5901.4158696061,6573.5589754941,-830.1831773523,1446.8598397195,-0.5298329144,8211.5335385547,0.4250406141,-3521.4743798676,0.2917840912,4924.7282049905
   -0.7766672552,-14.3404604854,1325.116884892,3399.729705335,0.5822146075,-6486.3982064163,-0.1516704909,677.9695469529,17.8717527464,27642.8672519668,-67.5715630727,2.4737668091,-0.1697098151,8.1107561872,-2270.4328648933,26.3133434899,45.5496120669,-2598.4053034506,-7517.7955815802,2942.080992406,8075.9304048647,12948.6896364742,-3676.1233503859,-8974.9928360197,3678.2594338911,-200.2917722273,-20.4686874127,2195.2793132582,-4210.0244424745,-9746.508725643,-4713.3606528146,1622.0169630477,-4696.4615693368,-12632.8776236912,11499.1565917645,156.4573806142,-1844.8851845512,1049.1250693475,-1560.0713646458,3427.9994335058,-5148.491997041,2684.9395653465,3420.875406811,-113.7157917849,-11243.78907528,9.1851314552,-2533.3971309416,11.3694395319,1.0744583697,10875.4040043306,3045.8242707763,-4883.194322913,4071.7330450339,1879.4309366291,0.2723268443,-15.9227551157,6519.8424852358,-3097.9268588175,-0.203675932,-0.5657372976,-9.7918996577,4073.6290193373,4070.3792972878,-1830.0779961556,-18011.9905372007,16065.5792207155,22068.6215471914,-1.5951192886,240.1663401093,-1.8655253109,-4648.6982954236,70.1629441889,50217.7703261933,0.3995273528,3.4489377377,-526.3382958151,1400.2738269977,442.2519284716,-0.2215826949,5784.8179283059,-0.4381539409,-551.4830286835,1185.0954298005,13621.1572509365,-873.6990699649,-29537.2422642365,-1194.1389243837,-0.966122251,1.0086414501,3819.784737282,-17537.4625658033,-959.2589572885,-11821.3633659496,6775.6102941352,-0.2442871501,4933.1088613913,-579.9309958107,-3330.1013713304,127.5709185885,-2699.4090065742,-462.0956878083,-1651.5884206004,-150.6481310863,-12543.6688957007,5421.4665686628,3.5304191029,4293.3118856638,-7574.2409160522,-2989.1803491546,-649.1944190009,2845.4478277496,1482.480816789,8664.8387106982,-1016.9654975535,30.233037054,14791.3726099099,-1927.2158892912,-9619.1138301364,-655.1031276214,-3650.8633752465,-6912.1577471434,-377.7172580564,1.5233030885,-10209.7804736765,-2827.3645452942,2649.8248606942,318.7389620627,0.5358328881,-1517.1351985753,-15242.8551830231,0.0005766868,-9227.4874937532,-3777.2267253537,1347.9349721915,-516.961829881,0.9613383342,-0.8058888159,7499.0662050082,-0.5057598339,-258.5065916966,-5301.8459804092,0.2817389854,570.0506722028,15.6000233895,-516.5758903931,-117.7382932337,2220.4342228441,46948.4081761178,-0.1909808693,5788.2809845314,2927.467452841,6690.1881400599,1192.55721855,181.3314209179,-0.3516242285,0.8573172389,-0.4382650842,-11776.6971791562,2948.6540458779,6261.1834141442,-0.9395902892,-2344.8913714139,-29479.1817689607,341.3670466295,-0.6857186646,-0.6495671805,12740.9880926512,5941.8714454974,25368.56846798,0.55221877,0.097701902,-3596.0669955798,14972.3119925074,-2975.9193434876,-0.6151983035,-0.8971041222,-0.8998630114,5873.2044779641,-3989.47966507,-10388.1313491215,-1606.2665328305,6872.5224943764,-952.7762961506,3056.5459754065,-18133.5125431621,4035.9542049665,4050.0632150378,1545.2901392156,3.1412276311,259.2018663006,-7352.4670728068,388.6866395392,-4001.0917718332,10197.3694118095,2476.9447629997,626.904257494,-3929.6966296533,-1380.3788576001,-6352.8224475262,-8.4464822151,-2037.223662846,0.3652473555,3712.271724929,-3556.4208014163,7324.6725656308,-140.2373781469,6911.5101415407,-10260.4226390539,-9.8598861426,1328.9763178401,1709.4299855189,-125.35528549,16.0001084869,-30.6185463986,-10962.3490420319,-3825.8590254438,-90.0332693567,2.634537488,0.3917104998,-19846.7457059553,-7714.7745469041,-2.6825637962,-0.6696501441,-0.4143864888,-0.2561015486,4674.7241756625,-91.2116162234,30157.8065818252,6.2133540445,2229.318089393,-1.1812921056,-3553.6716055684,0.1923202543,-63.193347983,-13786.4189207417,1350.5195427916,-357.2147935553,0.1646372737,-0.6097827275,586.6416515773,-0.2816948846,21067.8089398002,-0.4981486504,9330.9376789362,-1848.1904952892,-6372.5824925969,4004.4438596923,29286.586469014,0.1854957442,-10.9755102734,1242.5638871218,0.6606889629,-23530.9004319268,-8.6490390673,0.2913584547,-25144.4122590559,15.069140968,1.0038070418,0.0644862844,-6584.6543818528,-0.197708419,-9516.3224764598,9752.6443488871,3889.1351081925,-7988.3516591645,-157.7732451378,0.9792888427,5542.7110635118,13719.5693777278,-4192.508069347,-1137.2093484704,11730.8991872334,-2193.2885930469,-2625.3636600706,-793.8019264022,-8399.8770299763,28.579040887,-6236.6261085654,-10511.4691004656,13064.9542895179,16656.3367025126,13831.7894275349,-13521.0535348961,-17067.2566765699,12.7112328256,-13677.9759949713,-10696.602706962,-10138.775893229,-14641.341146963,4148.8546695694,-3551.8481352432,4642.8947662228,-2215.6358088415,49.280089815,-0.8686939973,-0.3717512797,30525.8841684704,4171.9426424707,0.0781600415,0.4390792769,0.0914181694,5.3320273882,12075.0021373745,0.5878536616,0.8749681825,0.7384562005,-0.6659550373,4.3912930169,-0.4416730794,6983.8216719564,-51620.0709978115,-19771.6304030061,1400.0431445413,-40279.7637102432,0.8626384121,-2672.6317187768,14926.1989117559,-0.3096187699,0.3521688333,0.6814824304,0.5921408945,-1191.9692375492,0.2053319806,1.1911533318,0.9355395904,2600.9787949457,12202.8663969751,-13761.6490776145,-5623.4922981499,-9.7185829475,1741.6274498425,-2792.9295459065,2848.448778622,-8.8949994893,0.8765496124,0.0608618737,0.0104252847,5387.7878044367,-10273.8622027775,0.9028324519,0.0732852776,-6859.2381423977,-820.8201676816,-1076.0834578218,-6542.3976929947,4313.2195700848,1069.5089554435,-4.582465761,11171.9579676811,-12561.3004271316,-11280.3068673014,-1607.9090486682,15318.5099656729,-5184.3715636871,-1.9416190694,7188.2724879273,15861.8813347969,11430.3419163552,601.102979991,-9191.9803890261,-1807.1536956436,16106.6197698683,-15001.8587775218,-7344.6589988463,1565.7656289657,5676.7883224953,-5434.5045991311,-300.3058009555,823.5260857566,2466.1758616564,11936.4973902139,-1745.7648394515,1428.6277591251,-646.3781482544,-831.1008862612,-3473.2578279289,24.5585667338,-6869.3009300415,0.2434622577,300.3695422774,18.6813531834,-3.6466139224,-0.1821399712,1.7567431581,-2.8732615437,54.3910103368,-1.1123731666,0.7660049142,1910.7838275313,-3962.2179999723,18.5247696489,36624.6916803409,-2450.6139468199,-3134.2017117195,-2.3615283377,-8.1027842257,-0.1956934942,78.4307461928,1335.7368815808,-3238.2640890686,-0.1280426691,4597.6047613243,3.1135807156,-819.6120599808,1209.7758609021,0.1299751133,-0.9059295681,-2043.521572113,-1358.9781943051,-0.0454398311,115.8665060655,18884.2482354011,1405.5440126017,9435.238726785,-12521.7859133335,0.5822161844,133.5525729809,-3625.5464841628,1121.151617702,-766.2648012152,4291.1196964486,-1928.8661610899,2.2634858266,-9337.4159592032,-1316.1759593601,2294.6974717242,11403.1453618404,90.9900581176,-1067.8078910824,502.9283834283,1930.9976045424,7415.0078296858,-2338.8768637081,-11921.5593630939,-16.5349885698,-5410.8811393841,-4556.5374598617,-5712.1547816665,-7505.4301011151,1819.2504369936,-2584.3771491395,-4455.8372023453,-5112.5301506683,-2370.2153089594,-313.5205474405,-93.2632233495,6570.3673425689,-8413.7684865691,-6475.8608603433,-971.470599364,2286.0692489189,4199.5692419649,1371.4359427297,-1376.8133178956,-9138.9241376037,-727.0722161154,-24.8763499512,3245.0981793275,5667.8819578563,0.1343018181,-1.6430279884,33943.7395160636,13304.4853901281,0.0147669679,-0.810720812,0.5613711062,-46380.1470493605,10.5515204979,-4477.9113965279,-0.955372956,-4.3119851405,12734.6826353298,13305.1923150277,-34494.3182555947,180.7148343231,41.6703968586,-26.5876254593,0.0939277568,9859.732850614,-1026.9003498461,-29157.5104649152,-534.1602368803,1698.8572598382,0.9770843157,-0.2806143014,-3379.7612920368,1378.9795007958,-0.8050508537,0.6649549297,-7529.1713140869,-0.067617489,2109.3193341216,0.1797211172,-16569.9777521804,-1821.2235199762,0.8050671554,44458.4008659711,24023.4140397966,-103.100016835,-103.6138867919,0.0267471138,-4975.0070340604,238.8043629098,0.1885958318,2.3270089287,-3335.9765566554,-2675.4013228479,9913.8291433001,3397.5969906679,9134.5359575272,5529.3532242521,-7151.275567098,1542.13541186,-4250.9996420705,1593.491325172,952.9990601854,2604.9895820787,3273.2762614292,-7854.2477433747,4832.263732341,-13467.3647174849,-3380.458189715,14945.2579855445,251.6663661245,-6753.6588076876,-3632.2348899206,-8144.2949283243,-266.5798000994,-18.1996983837,-241.9638454183,-14.2588753259,-7979.1585456697,-6558.6599817708,-2778.6909248451,3365.4243783011,5705.5660949805,32085.5247387095,269.3572030817,349.1359942086,2319.6873087088,-13120.0459696547,-817.9285547733,5342.0415396657,2049.9293976873,9019.5160663835,0.0367231949,0.3394214525,1415.0360739668,12849.3867005755,-2607.2236123988,-0.5449281222,0.3361428796,11.7578037095,-21083.1469782263,9018.6526953643,-0.5446739034,-0.4956002006,-15043.9030852288,7394.8829382541,-36228.9979963857,-76.2012340225,2495.914538102,-148.3000922651,-1.0838036119,-0.9078947271,-29693.2385511913,1.3687013801,-489.08075924,-0.4131826229,-5260.4797705651,-0.2652668315,12251.518015601,-0.0535469881,-982.1855903569,23.8481863529,0.2064068128,4545.012883441,19400.7329256036,-29031.315888756,-2573.0288490828,-26346.7684331298,1175.2379134043,-0.2198620238,3731.8465522983,-24758.1064093528,-44.3986231693,-0.243131799,-1428.3698933652,-7042.7455645342,76.9042553705,1162.7272487939,9504.7337411845,-14002.3438782533,-9803.1035235804,0.5659595067,7950.4574390948,7324.9076732259,-8138.6220805338,1.336758781,-7.2648502875,-5.5652750386,-11347.6669669811,-1828.1618330663,-3071.7637863805,-9606.0854802938,-10493.5478046562,-4869.5095061651,7906.8930507984,1.0865848726,3856.0422930373,-12484.4524652331,-6641.9490078587,-437.8948282398,-4123.5325831299,-28036.5540507431,-5925.0784040717,-386.2612608524,4945.6826468784,-1.1711629222,14354.4730797772,-0.27928386,0.7898315564,-2590.2790848167,-1.0844406514,143.2630800245,0.5421628142,14238.0098501613,-2.701924426,0.1796544758,1264.4228719131,-2386.9503554627,-1096.5033097944,13979.806680094,-0.9353416387,-734.9628618323,-6993.6958598282,14239.0489935423,0.3224068391,-0.3524817442,-6111.7891604643,8534.2810731301,-3124.5044447887,-2461.8603253838,0.2923861097,0.6381414714,0.4866174441,5154.7583144361,50.4346887771,-0.4014504335,-0.9469724803,-0.0941385799,-89.2581968549,0.875933886,-739.9421573486,12.9979394857,45594.7374215583,-0.2903274813,1.0230333851,2772.6912844679,16176.1115339504,-13902.6920575447,0.1404760755,-1.0208417135,-12520.2327926675,0.2034283597,-14356.4621581734,0.2811799554,-42.5028762869,0.5224391152,-1852.3076923751,6548.7890901991,-6683.804966485,6980.8706426294,-9087.6291004398,12447.1801509916,1.8846420038,4586.4778577421,-6013.1879187337,1299.3489857956,-30.5596194042,-3898.6404399979,-1593.799605062,10778.3143036034,8610.2137621405,4318.5360757379,-2818.273206036,3197.9208149397,5848.6701578761,9.961146299,-3011.0649201188,-3832.6912689034,2267.0887871749,-304.0154417125,9036.7644580811,5320.0775372173,1476.8545891419,4613.4738299348,-4075.2586236554,-5156.4265521402,1888.6417385958,1444.196181897,-29188.3842548756,-1676.6880530731,0.3970724012,-42860.8181078754,1.5067626615,-2073.1908834295,0.9117184904,-0.940152024,7530.9354782591,0.2068004923,18385.0677334557,-5590.5990817932,-1.1963341245,11.7936273253,-0.7576008321,1.0921977654,-4876.3153668948,-0.9709528818,-657.8104872236,-1068.368012917,-0.188629334,-3232.3537674074,-0.5168885057,-0.1193400238,1.6856815887,1477.707557892,-354.8913688764,-0.2309975114,-8090.3129576173,-0.5721737208,554.5990023187,0.4858858103,-0.3023382956,-0.4199318556,-980.1856750687,473.3163079214,-0.6350455676,22174.7532812667,0.1279339621,2794.2379828654,36582.8704276608,-53794.5672225887,1195.9590536168,-2241.0992430441,4882.7673303316,-0.5706348271,3075.7627576045,1.2190274382,743.8516643744,-0.8420011463,-60.8566129204,-13103.9279022609,4335.3783163918,14960.531450447,740.77226841,5553.686259588,3678.8981820359,-2151.1866640315,5398.0416015306,15139.4714942452,12846.8095793147,5948.0836599758,-1728.7868212731,-21.054440702,-8605.5026364375,1453.3806238702,-172.0371952702,-5565.5887851069,-6321.3089204528,-6825.0744333859,1033.6791732436,3105.591692673,-2335.5602279195,-1574.1993631284,-1959.5926510848,1722.4545058314,-1100.8673925502,-7191.1922993369,5218.2406694654,-4346.5156736668,-921.78598374,-3590.9542735295,922.4136987029,0.1394703141,-5472.6982482853,-0.0687493514,1016.4249558609,-1858.9501565436,-0.404255238,0.5602872033,35843.2485943671,-0.1809324561,1.9389563577,2126.9053520562,-0.2167281815,11.5916928918,-0.9483277617,1.0060549896,0.6833821298,0.3184319388,0.009679508,-3255.9855934233,-8.2303683232,-0.0187702314,-0.8793580292,-0.6296033327,21296.838327333,1696.7610175143,0.2226851748,-0.7883370863,0.4475495514,5.4729812449,-4041.17076122,-52.6033162567,0.3194734731,0.2076949009,-7709.1816269932,10731.6965299428,-1925.2558764238,1423.0361589501,1019.8096742631,-0.5476598634,-3985.4348300828,-0.6254782637,-6664.2012056527,-0.0790937338,-0.6941946718,1.2303084684,1594.7526790348,-7096.9345517394,-0.3467187391,-0.7792990973,4623.6861640236,-69.6405930854,-11722.2288617329,-3131.9874247664,1019.6825399812,-743.0113181894,-2568.0490046622,3507.1325171055,1943.3898280682,12026.7367226473,6516.6330093248,-9313.6776387028,-8579.6179989485,767.592430933,-2152.8032271651,1537.9364817772,-2661.2580719285,-6730.187061961,10799.2939001591,1025.1615472749,-7623.349768665,8022.0541247244,11423.6423689703,1050.8225305912,-474.815297504,6370.5883686457,84.547316362,2778.5167568891,-9355.0169133655,-1620.2849347946,1.1330746143,-0.8151412085,6173.5295526445,8.3459823311,1.1453536336,-1669.9469765231,-0.8605724593,-312.4725660987,-5159.7992816658,4511.1450398935,0.093713741,0.963478361,-1939.0209397745,26865.3627634551,902.8334118834,0.5065842686,0.9134034825,9.0943797359,17896.8926034768,4510.8340422323,32300.8437685448,-4893.4951765358,-5.529806905,-0.5210247112,-41.4969248218,-21.4897657735,-17.9924767597,-1976.39094889,1.6918047864,-4458.545284233,433.2174297866,-0.2407079918,633.9360014455,-0.9892789277,-1673.1768335551,0.6784947188,-3008.6359553658,-0.0790174672,-0.9655563929,96.4707814982,-7227.9067756482,-1.2343495813,-1550.973449884,-3196.3447198616,-0.5919400367,0.0869339967,831.5394217934,-2.1286640868,-2666.6718935108,0.2994864737,6450.4995447489,0.0248230892,4349.5033459848,9551.1900569181,295.5645932753,-2310.1595258782,15720.9712896202,-4111.8720115119,3205.1215286167,-1.786292911,3157.0466225812,6057.8262445361,402.2047606533,2797.453501266,-1898.9834493855,3105.5194044556,7164.676070941,-11252.1000288893,4345.9689651349,4585.1559270987,-8570.2465142676,-632.1993204723,-6672.7046723448,5130.7211612179,-4482.8697325428,-4856.7711261692,3446.5702470435,-4983.0290210683,4744.1406190664,-12337.2438756269,-5568.6169372618,5647.416228993,10.0048493488,-23.1542282888,91.9768909042,23443.2872378542,-179.0265235926,681.6694253756,-203.0464626327,0.0307662425,-1060.6018108018,-38034.8565502496,12.4640271941,-0.9845105499,0.5878713568,-1140.4644545402,544.6550657448,3939.5465819548,-0.8454710754,-657.8140437309,-12247.8338072913,-38035.9487684583,-0.7240263747,-0.8750155149,-0.2308738904,-17643.8413711763,-0.0573868542,-830.5611779365,-0.5960683186,-3621.8864637157,-0.1589165015,-89.0542252836,9377.7717167367,-1343.4698178039,-617.0616594911,-1447.3405090413,23188.4204025029,0.4983108081,-1808.4877677969,11.3084190054,-0.9342788585,-1438.2669203109,-2204.3703022812,-0.9158126306,23.909408495,17433.0822116415,-2525.8833891047,-0.4874846444,1131.7119239053,0.7375569274,-592.5323774231,-2900.4543730766,-1232.3640307362,0.3130509612,-5475.847846265,1058.1444205909,3833.0649940488,-48.5558904292,-6577.8753319964,2713.6571482815,-72.5646571833,-5086.0846578201,572.4576067598,-2904.7918334711,408.4483424707,15.4504421474,-2124.2291493826,-260.9875700935,-2180.2616619508,1918.8891940764,9509.7569899044,-1607.5269589641,1.5815003441,-14688.2738684207,597.6712857093,-8658.1615186323,-206.1030348488,3252.6910315187,722.0278237609,-77.8765481644,3820.5794492285,1325.2242580335,-3001.4967024788,1936.1387573274,12901.7004405766,-5287.1870628276,-136.9576753697,-0.5572242545,505.0832271597,-2.1482816487,0.3044043879,41628.5092774812,2761.3440762007,-5869.4619968219,-2711.1849052451,0.2721088326,39977.7408862158,24145.6338947096,2150.0536109685,-0.4269958707,0.5044031506,2123.6523350516,-2153.4193968864,-5871.2273032762,289.5950561032,0.8330942996,-1813.0601088377,9735.673746402,0.3771122245,0.2860275835,-11734.878638141,34559.4788912562,1946.6339292696,0.2993203657,-0.319564236,-50.9200321567,1536.8385018928,-2123.1346992538,7561.0776839885,0.2619854691,-244.5908465098,15588.8567200837,-2429.6859907403,-1.8173042735,-1294.9179524439,0.200644951,0.5940425841,-2652.5206098838,-0.2271453145,7499.9333055915,-0.1104108325,-333.0280792011,2860.5088278048,-0.6135744152,0.1927718716,-0.3434948559,879.4426443021,460.7810543172,5782.339792224,6100.7546626562,17403.580504229,-1444.9944788147,1.8412304175,-6246.6888747967,-10450.3307440055,-0.647482904,2742.0598202434,-4992.3110556502,8.9786008958,-4937.989846438,4232.3467719453,9973.0539055684,-647.4826152178,185.8755889272,-5799.327579647,4760.9473985698,-9354.777783933,-5484.2876971441,6087.800251717,2.2006503292,-1618.2829470464,-9619.467649424,4604.4271343424,10988.4386302893,-1687.613965271,-20.9752989555,231.2715906788,0.8058990216,21781.1431707817,-0.4822591986,-2591.268445964,-0.2990605062,37.8644345878,-0.3186779262,51.3714513177,3476.2641905124,0.3110096491,-0.8378858035,0.7066484059,0.8088766664,1.2169855912,-0.0951468496,0.6390273067,-551.1393891197,15137.359131664,3476.1452258032,44993.478013579,1995.9220109592,-1.1036702946,0.5709453547,-0.1724989389,-0.4384835066,15105.0194287395,-4412.7742811739,0.9848572598,-3568.4251457084,25903.3944667074,-5287.7522829745,14617.0989500356,-4797.5056631208,41.0922593085,0.1260309061,40405.8377128307,-7456.2529172095,1.7210122115,3755.5345948099,0.0414031233,10187.6922549967,-0.9417635597,18893.3858583145,-2841.016987601,0.3252395454,-0.9070413426,-0.274917188,9165.3211093089,1296.5885902805,-2722.0467603017,34.1516228082,-3076.8724268497,-5025.971350089,-941.4641245686,-1676.3736711696,4987.7212155784,940.4745190031,7093.3506432864,-5628.6917660993,-5994.3496643746,2410.281568856,-360.1113754267,1547.1906324464,100.0398271038,-10612.4305322129,8012.3171463342,-3795.0817227625,13586.0622807023,3.3608140749,17718.9887447703,8274.9050882085,4525.6198459798,-16738.2430337353,-8429.8755507111,-3477.8928229648,-548.7325690789,17670.8638877402,87.4219021825,3891.2347443464,3246.1307242265,12323.8783640812,6706.9300011422,27283.0854399508,-8753.8871250885,37115.23847398,-1897.9781187663,22662.9247997485,108.3303618167,-4328.378498336,-37982.8388291787,-35000.0193656662,-1.3950132631,-0.4770514082,849.8798432179,-4183.8884096229,-966.4262570316,3727.9858526285,-0.7507836569,-1767.4020928156,-0.5953263295,-35000.8096712021,-11.3963087006,-25365.2733837712,-1.139724543,-1923.7974157537,12416.2952514346,-210.2309694516,-930.8552716986,18114.5190619962,-13743.3055393294,2581.9715531413,0.1851551233,-1.0036980734,-1973.2073173794,1.2042992691,-6832.9420866126,0.2549138644,-3305.1757450731,-1.5585403436,1.5513414107,0.155638321,13651.7044024851,-1.0587245737,27418.0112666589,-3899.5032640363,14273.5433184276,1183.0790515935,0.2255616863,40.9633890713,973.5405355124,172.131468356,-7419.8429256792,0.3757001814,-9886.7987534549,-13169.0261434146,13.4627205427,-1.0827645068,7453.4898742119,-5164.7096050134,249.7037157089,-3212.9518463909,487.2042000986,3240.4737239918,-2162.5710842225,13662.1536013895,2908.1270392284,3051.8563414575,10308.3333619458,4310.2394129682,5612.6269480963,13.2944494158,-6845.789466232,-8.4379238284,7360.4381707677,1717.7116391477,-9763.8535321564,-1784.1097657223,24.9121323184,-3.9321868959,-10906.1322061964,-7587.1579961985,3028.0464008589,4312.0229546536,-1938.4627068278,-0.4695205558,-0.6298070725,0.9706235106,11959.1832249871,0.6546360476,0.5729431773,-1018.9273951649,6659.4039835992,-0.7346082403,0.0207970159,-0.4156714654,-2.5725169498,-0.3409811669,6059.0603822209,-3551.6011984068,0.3927336424,-401.40836194,-2030.6047179426,0.9486172892,-0.8609540066,9872.6873532651,-0.5084287599,-40295.3483818056,2993.0398685091,-17038.018051529,-8.8740092467,-697.8400063733,182.2630009165,-3052.4851419104,-342.6765083843,0.4156473687,-3016.0487157286,-1.0201721663,1.332410515,-0.1194555283,-15211.2208784389,12539.619804148,31209.7650948008,-0.3105322899,0.2108631444,-10751.1892942799,10.8333160226,-713.7947129885,-4127.5970706481,0.2404504344,-23.6808121448,21162.3620969892,-7060.0801074161,-0.1347249937,0.072352605,-0.6941018443,-7511.035786149,576.0482314097,2955.5034748003,229.3238978206,-1432.7902224124,-2568.761748213,-2725.7812636715,-12302.9192438139,-6315.8966269049,-309.2984828598,-3228.0444670238,-3036.7895642017,8076.3625296752,-10232.5538656218,8449.2953918242,-6411.7544509626,11348.1674716917,7254.10432123,-17912.1120902598,-1064.6442687009,-19.339396041,496.0015346321,-4517.7755925345,8.8615998195,16.645856944,-5703.6638129279,-28.5150671508,-25619.0713209473,650.5363764332,8385.77353638,416.7962802724,-4.8259670253,25634.2361141954,-0.6961799987,-194.4835381023,-15.541978313,22.7410962752,-9.1608941083,-189.8784444919,-2343.7543149164,3.1668269116,-0.8776982565,-41462.4808475643,-38341.0920742986,-3.2140192847,1.6065104487,-0.5734117884,-11669.1904513692,-0.7780853036,-2344.7166233501,6617.7291155467,0.7453293154,-0.9215845552,11561.0562213731,-0.6834824516,-0.8521616658,-3696.3236965017,-22282.836765433,23546.055987889,-0.6799827604,0.1636512373,0.287212561,15754.0124485516,0.0919033651,-0.1297031584,0.3502229142,20810.5905345274,1580.5751347631,8309.9542940483,6353.189408065,0.5263326866,0.0749558325,-569.6094884898,7590.0283056963,0.3732997411,-3436.8274395065,-0.0058540041,-11.1437359501,-4877.3374980032,1469.9889001658,-16.5526436776,0.902989457,6402.4447375826,4000.8727480451,0.4564744273,3375.143052712,693.1099332378,-5916.487740645,4674.9792658837,5559.0250313104,-4485.9198089176,-1623.9301447173,4929.3964587815,-14008.0231308004,-5065.8904996856,-110.2923391194,2597.8488770019,113.647776776,3978.4052633738,3.873509712,10604.6505038426,8815.1394522415,2401.4716277238,-0.2546102957,2689.8322371565,-987.8662835615,-39.9161544621,-3157.2877538886,3681.0661668651,418.252785716,4866.5021843436,-6362.5170685618,46.118116951,-43501.8114983526,32.4180583906,-369.7051669454,4258.6304168413,-9342.9718418653,-1.0396080799,-1580.2411827133,-155.0831032001,19605.355604127,-598.6217147113,0.6995619756,0.2583279852,51585.249940615,-1.6373410318,7544.5409550711,0.1082034583,7301.3973291959,-7524.2935846387,19606.0606350885,-7865.2092730926,41908.4338537886,-3585.3014118386,-10.9975019726,17755.3472142956,18071.2191950393,-0.663843096,-15382.8439953212,-4014.732638529,4279.3716197929,-1459.0366427073,-1.0391238764,-36.1049975807,0.8390001816,-1866.9896892435,-0.6709072709,-18781.1902630955,-0.8358334857,-9853.3291287093,-25.3512842819,-759.5399497051,-1791.9275132138,-25024.5875879586,-5580.2033381841,6136.4437654425,21150.7715895371,-3506.4742313402,0.1653546885,-9815.6494395134,-0.0057268134,0.8912852402,-0.4059975261,-9659.7702482851,3648.2693204177,-6664.9809048435,-3176.2528347064,-5820.018300014,2583.8986871763,0.6846012191,-2.6486938348,4160.2817455135,-9550.4152614505,2054.9012717474,-2417.898247891,0.5818218509,-19.2162642122,-4056.2751569766,2982.8066987505,1507.6070376443,2121.6197501249,3114.1346577784,25975.1603628317,-6169.8700436352,6818.4215725284,-665.45250679,4936.2842127293,1619.1805484954,-3652.900974135,-4584.1486904841,10633.4953721816,12809.2135961007,3520.81089978,-3342.0185169446,-40518.5200592533,-340.7557793592,-3821.9895328619,19.3717146255,-1801.162893048,-2.9893845277,37986.5432911814,0.3678925927,-1505.1189672938,812.814718215,-0.872063123,-0.6159787881,-8401.8394115764,783.26273163,0.1913968443,-0.5611517898,0.962508814,0.4449469274,-1504.5869938958,0.2108055072,173.8264210262,-0.0146315017,-6515.1770737941,-0.8227470631,-1.4288094146,3872.8616461418,-2521.3751844904,-0.8153475103,-2765.4729634963,1750.816341906,-0.4507886452,9259.1235477994,1750.8889245627,25030.5722381096,-0.662158826,1598.1310011592,-0.9054930256,0.09899627,-0.3075510228,0.5573172971,1.2704491533,-30269.5650397735,-0.0787740638,-1629.8285093223,-5524.6515358903,-2211.5236772616,-0.6103880438,-42620.2103701116,-1179.3441310102,6758.6515350378,0.2750334897,-2945.8761541921,-1704.9503586298,8077.0784049929,546.1272466469,591.0341353145,-8957.7408391451,674.0192622502,5224.8281930304,-3421.9322161305,-968.4330206513,2193.0165306831,-1061.6626568033,2.2360538432,855.3888715578,1016.0856572064,4111.2841754166,-570.8202262376,-20.5095456944,-3.0816931501,-3096.5154485848,1819.7071661277,-1771.1143156915,-2504.1361135358,-1722.4332866638,2838.6411495692,-85.5936661574,12486.7957116689,-18.3594744564,4956.7407968111,-1498.6056386231,94.9467507605,0.3504810646,-0.3150860543,15959.8576627699,-16185.721397918,0.7406942134,0.5656764058,-8473.0969946996,-3051.7430788426,-2.9146050321,-12.4021296883,-0.3518111895,-1871.5820939374,-0.5189441333,-11997.3033050918,543.9745475237,0.0283253999,-1.5170071469,28520.0891360238,-4.4246443077,0.845413014,-707.9089071347,23545.6046544945,17.5587552654,-0.7947892084,0.1596025114,5.5006438622,117.3687944995,0.48963633,28624.0856110254,0.4474000799,-0.3759464151,-0.9750162255,-121.5503293779,10817.8162567201,-0.7452149119,-5184.2130340236,-1.4616933092,-3234.9460649103,2743.6946482852,-0.0013298173,1.0327111444,-1521.7183794471,-13.5874897875,1086.0404190165,-0.588993258,-1.0312932713,578.2094696246,-29334.9176213261,1.192914462,17.9359316231,0.0189421936,-52.5063574228,-7205.9004412698,17968.5873882874,-1940.9871823791,828.3843487991,6624.8648983095,-3271.5569149157,-5280.6363516174,-8531.8578814361,-12570.3265459267,10925.1050178341,-0.913907176,-298.7773366085,1741.0891319836,3903.2187977413,2.0634926118,2.5892632152,249.1510650145,23.2265255716,2565.7386512668,-792.6059633025,2526.7146767547,1599.3216561536,-1367.5098353948,17481.2390673618,1531.2688068132,-1475.8119998351,-7866.3240844249,17056.2162504293,1759.3265264118,12104.0363629479,2.0635617038,-3899.5567868556,358.3991903814,-27014.135104639,0.2975903712,-291.8164906082,15318.1909994789,0.385160696,-9745.0871727768,-7199.1195804227,-0.3461654816,0.2881073217,8055.8061083953,7788.7113859522,-27719.8030044948,0.2067704635,-0.84956758,11635.9040351004,-9744.7185153264,42898.190975723,305.7203599789,13258.8690199624,905.1761853727,-0.6168907352,14139.2542671804,3314.8240303913,6221.1790136804,-1.2160200469,-5754.0313856693,831.9599112735,2094.9623414252,-0.4482726013,0.1196793489,-27299.9747503487,0.513329766,4835.8930875828,-10871.3260887941,-0.7318982503,2800.4504513815,-0.4019086705,2.2932313672,-122.3966098234,-4786.1211444388,1.0364906921,2699.0268628837,-9005.9580881721,0.4194989309,-2897.0222811503,19269.445760938,2936.3780086353,-0.0005707558,-3628.1850084092,1168.409554657,1493.0988898726,-9199.2291209379,11053.2211871547,4476.718274131,2379.3229717234,13.1368953952,-7295.4976225505,224.5699041964,2.1170251596,3665.8274361072,-198.81252237,-5346.1103223722,2532.5220532686,758.495703644,-6444.0016848843,145.9770268097,10790.7281703329,8077.9093521928,327.9487344404,-2250.287493673,-5376.8759097986,-7566.4820103838,10752.1538304674,420.0195577282,-2318.5293745856,-255.1652589437,2161.6836564869,2582.3749979707,1866.6252383389,-30790.9453174452,-1779.6966689899,-14171.3835465754,3627.3050729699,-21489.2211104448,-7417.2593559436,3020.5746515365,0.5747469566,-1.1825135488,-1.1988505456,-0.3300075821,400.9296844386,-7923.6500755889,2023.8481425889,-1.2412240588,0.9315463497,8007.3606689827,-0.1403868294,-1.4235896902,0.2167543598,-7731.2164244195,6789.7984103554,0.5915631215,-1.0173402972,-0.297298322,2315.2056157803,27979.6465138433,-1961.7295359342,-1667.7066883308,0.2986116606,-4476.011486706,18.2536804617,1414.4556674694,0.0361395948,0.2247557271,12384.6661670428,-820.3422200746,0.7084837909,-0.3898129766,-39576.0021932471,8500.2188395476,-1239.1858852332,16008.6975917994,1436.7355166722,-1759.0448537554,15065.3031639092,16.5922987963,-7076.2287535059,8082.8829243879,5861.3236384668,-1.5822668273,-2542.707102506,-2953.9410207516,-5382.0287710733,7313.5961277223,-6874.1810743939,-516.9515446604,99.2834664278,-3907.1506196233,6546.8739265938,-60.3662680966,1359.8548088119,847.6700363553,2509.7951981416,-2637.4583344694,1484.7145662092,1660.4787849012,534.9564289195,-5770.057984139,11.1194946633,-287.1245258981,-670.6464224402,-4641.7493508993,14644.3506839492,-1426.5031636703,-2480.6998346132,-254.960702875,-651.4639397844,-7001.6994623505,-8111.6659938783,-7163.4780138871,1592.2229133268,14716.7268358742,-26613.9244700262,7154.4220049136,-4624.7118553334,4235.3563630483,3250.8533484064,10.1460883512,0.6648343372,26528.5394761995,-0.8938723529,0.0765066729,-5769.6982293562,1555.4052268919,0.0512606583,-6770.0774580595,-0.8605531379,-4898.7368451828,4762.2209407574,26527.7366558417,-44.5154353306,-3249.0140002705,-2537.6933821674,2138.3515631697,338.4744978876,-1.2173942146,-8.4170101195,20400.0020467056,-53934.4908718343,21116.6838174968,-0.173448049,-895.1336343198,5494.2337045789,-0.9179078852,20422.9396303645,-0.4660004078,-5511.3456412796,-19782.472045414,64.4221994261,-30795.1330253249,-9721.1943374448,-0.771616392,-30483.7699785758,5785.0601265188,-1334.5047403429,4478.4957618963,23460.6658986427,6444.4302672406,-9246.6731682344,-0.6707388884,0.4690783251,1.0605767608,0.1818245565,254.8490256029,6609.8011572989,-3395.8653123327,6315.2071527708,-575.5164250532,-2994.5072076602,-2408.1102128335,-11096.6802314243,10085.0938415763,1.2211305849,183.7542999006,-8928.8555713859,-10.6090154288,-198.9041854464,-1557.67231248,-129.9915998084,-6697.464868243,-3315.0278803012,10077.5835001978,459.2768440018,-1983.0897172168,-2252.3615288162,26.7067468861,-4.6930401841,6582.8587787958,-3083.7017988365,3700.5316095555,7047.4099725392,-4909.8055792855,-1771.0643588791,8975.6422561573,1751.7485250378,0.2538488288,-2.4903949922,-17278.9822979473,0.9543603168,-2908.2190070598,-5882.3369790801,-3.5698255342,-1.6678742699,0.5734135384,0.7941004192,-0.3749749904,-18.739371473,10005.3513124649,-0.8224311733,-2.7465775658,3392.1283588265,-4.8715203234,18.0724501996,-31948.4381302412,0.8689912471,-0.0469877059,-7816.5700051443,-6955.1238295628,-2483.722875354,8532.4016398206,3703.6112909136,-0.6641207045,-1674.399916788,-14911.098049787,433.5355704982,-20107.0173621893,16268.6598228749,-0.0951396224,8832.8619894571,437.0499179505,347.770407898,4232.2157143202,-0.4773738547,0.3962615853,18315.9536113096,-38347.2025550769,2472.8623730932,-0.7589317903,22180.1688933992,-1.0420891053,-1779.0687335734,-250.6345651799,-0.5210118342,-1.0279042093,1975.9461298668,-1856.2246069413,90.5671656418,1560.6052910518,-6992.6814238578,-735.4739035142,14.7709159554,3795.3247619605,13472.8856602391,-4443.1222793804,-11182.9969841975,-2431.5473795467,13205.8068590647,7534.6999775506,7266.1079213396,5952.6355571335,-9977.7463710931,1836.1730726751,-1778.7683539243,-6789.4352807223,906.6254689269,16648.5770847596,7756.7468730351,7697.1942766812,-93.1177094515,14491.6473384689,-165.1863144876,-10890.1047860034,-1118.5768225834,816.8415264101,-3.1802636064,-15694.6997913786,-1617.2947506514,-21.1490436369,-20.2960409233,7829.4488452023,-0.9621505356,1502.0421852752,-1975.6197455724,-0.2414545429,-5004.8916000091,-0.0839559382,-0.9836010385,12779.5238433824,9341.9610893455,-0.8836888652,0.3467962534,609.8043387453,1259.1299147944,-0.7351584913,9261.3341039158,11569.5317333552,-80.0498234017,-0.9164915254,0.1928023977,-1.0875921718,-0.1525975015,26302.1708724191,-2211.4016267541,-0.4729025071,-0.8059233072,-2.7253142904,444.1839384823,-0.7362676102,-1179.1099657441,-0.6629349874,-17254.7647395276
   5.6411167222,-4420.9392714384,0.2030586691,-0.3693825947,-12.8657676342,-30804.571953735,4947.3817823029,-0.0885372133,20346.7952933873,-105.985963074,775.6777161507,28914.3695845135,2467.0035520971,-2782.4939778054,0.1637164835,-1.2031410512,-9656.858855739,-1029.8116602766,417.0380497223,-8966.2432308613,2579.844924939,3458.6742704588,15.184397283,-8319.1362574034,3831.7987996216,3504.1733148998,-9993.4189347847,-5.0505506789,1551.0871791591,10705.2299540823,-7.296320255,-0.0401296699,2116.8543152564,868.5790001958,3473.3308718338,-4567.6238023681,-11627.5969798213,-691.0692834994,622.4366352645,-30.4972878174,3370.997374248,3377.3710311528,3434.5137924623,1337.2532672493,-1194.446455232,114.316113733
##end
biasActivation=0,1,1
[BASIC:ACTIVATION]
"org.encog.engine.network.activation.ActivationLinear"
"org.encog.engine.network.activation.ActivationLOG"
"org.encog.engine.network.activation.ActivationLOG"
