encog,BasicNetwork,java,3.3.0,1,1425331132452
[BASIC]
[BASIC:PARAMS]
[BASIC:NETWORK]
beginTraining=0
connectionLimit=0
contextTargetOffset=0,134,0
contextTargetSize=0,32,0
endTraining=2
hasContext=t
inputCount=50
layerCounts=50,33,83
layerFeedCounts=50,32,50
layerContextCount=0,0,32
layerIndex=0,50,83
output=-0.0160565451,-0.2166848323,0.2301699423,0.2394826602,0.1031286785,-0.2117385603,0.4743480865,0.0463940109,-0.3829912621,0.2752003359,-0.0000703628,0.2382225929,0.0811107072,0.4845543369,0.096361465,0.0000249395,-0.353841188,-0.378988553,-0.3462530218,0.3230432964,-0.1580976883,0.2726314032,0.1246571985,0.0986604458,0.5299430865,0.3531437573,0.1047920167,0.4793914135,0.1386663307,0.5185019292,-0.2563409238,0.2765814271,0.0901398534,0.0264970313,-0.0001187291,-0.0641783324,0.5372284969,-0.061078621,0.133825601,-0.1035168961,0.2073901253,-0.0227854261,-0.1155230143,0.0572632987,0.081868746,0.2387129552,0.5340214324,0.2100535458,0.4122447831,-0.1034707827,8.1590579628,9.4867336556,-10.2196089629,-8.7062036477,9.5178322241,10.2619565376,10.590636669,10.0635678245,9.5286707631,10.626483375,-10.157027501,11.0307868117,9.898196575,-8.8788308157,10.1483382042,9.0974441279,8.0656248508,10.2267450038,8.6917388611,10.6654210518,9.6741249833,-9.7089108593,8.3395012055,8.0091780561,-7.9934086607,8.5306584586,9.6908266217,9.2562859428,-9.8592293491,7.329651727,-10.2034884965,-10.9597337846,1,0,0,1,0,0,0,0,0,0,0,0,0,0,0,0,0,0,0,0,0,0,0,0,0,1,0,0,1,0,0,0,0,0,1,0,0,0,0,0,0,0,0,0,0,0,0,0,0,0,1,1,-0.0160565451,-0.2166848323,0.2301699423,0.2394826602,0.1031286785,-0.2117385603,0.4743480865,0.0463940109,-0.3829912621,0.2752003359,-0.0000703628,0.2382225929,0.0811107072,0.4845543369,0.096361465,0.0000249395,-0.353841188,-0.378988553,-0.3462530218,0.3230432964,-0.1580976883,0.2726314032,0.1246571985,0.0986604458,0.5299430865,0.3531437573,0.1047920167,0.4793914135,0.1386663307,0.5185019292,-0.2563409238,0.2765814271
outputCount=50
weightIndex=0,1650,4306
weights=##0
##double#4306
   0.0054562624,0.0016051037,0.003976235,0.001854811,0.0027860748,0.002852025,0.0041319883,0.0005829236,-0.0056038291,0.0013648728,-0.0021975808,0.0029102476,0.0007776085,0.0010426643,-0.0028497661,-0.005946802,-0.000858261,0.0007949773,-0.0036330881,-0.0002016591,-0.0028530141,-0.002173811,0.004765794,0.0016947451,0.0041442185,-0.0051732729,0.0033408319,0.0002251346,0.0035840399,-0.0023095607,0.0016770123,-0.0014328236,0.0267915583,-0.0104812792,0.0031492856,0.0071276267,-0.0031669317,-0.0044099561,0.0044920598,-0.0159351086,0.0062511238,-0.0044108841,0.0007215784,0.0166966367,0.0007947438,0.0000893741,0.0008360774,0.0055266098,-0.004141173,0.0052767246,0.0049511859,0.0035203998,-0.0048362228,0.0039546465,-0.0045202565,-0.0052674707,-0.0027305099,0.00231456,-0.0070444306,-0.0037329822,0.0013942714,-0.0015451238,-0.002569587,0.0047643197,-0.001272105,0.2208424682,-0.0006115115,0.0004164186,0.0011255337,0.0011880635,0.0099794235,0.0023933109,0.009572473,-0.0102667,-0.0020179721,-0.0027465756,0.012970642,0.0020486822,0.0100473444,0.00536943,0.0005253999,-0.0092172122,0.0080870992,-0.0013665442,0.0015650859,0.0031393868,0.0051127966,-0.003441097,0.009403466,-0.0007324107,-0.0081458183,-0.0077393058,0.0049206969,-0.00420156,-0.0048800157,-0.0004725985,0.0051653437,0.0078539756,0.1522406112,0.0080671595,0.0035295299,0.0023498645,0.0035694448,0.0012483461,-0.0052417248,0.0005492395,-0.0005590344,0.0020359895,0.0046001615,0.0032649139,0.0022392628,-0.0065280784,-0.004177945,0.0016001686,0.0028283792,-0.0040900135,0.0058175931,0.0072351076,-0.0027998131,-0.0057923282,0.0012290805,-0.0032119893,0.0034242467,0.003782628,0.0076713363,0.0022300625,0.0008376719,0.0027325353,0.0050547222,-0.0047127938,0.0046149612,0.0983269952,-0.0044342217,-0.0004275797,-0.0012919844,0.0052611356,-0.0194697013,0.0011988281,-0.0007196749,0.0045912335,0.0036978798,0.0018437155,0.0069198531,0.0009663233,0.0004074283,0.0017823331,0.0072517662,0.0088153467,0.0036690361,0.0036299187,-0.0040059799,0.0007480824,-0.0037344433,-0.0048199541,0.0049490115,0.0030853293,-0.0041991977,0.0020085052,0.00270136,0.0026254583,-0.0051209269,-0.0143897615,0.0044018965,0.0015120047,0.0719511117,0.0057277928,-0.0072263623,-0.0061616856,-0.0032307459,0.0056340297,-0.0061348335,-0.0027607079,-0.0027872025,-0.0027839126,-0.0052656936,-0.0056767763,-0.0102333615,-0.001063295,-0.0039796568,0.0002638941,0.0058103005,0.0032768265,0.0041795926,0.0020421866,-0.0022634536,-0.0031413179,0.0019769147,0.0040876016,-0.0073891681,0.0059012451,-0.0116231658,0.0064754218,-0.0080371448,0.001414254,-0.010807962,-0.0010693054,0.0025209852,0.122702278,0.005032673,0.0034763522,-0.0062963383,0.0002156135,0.0018344908,-0.0019143108,0.0038723674,-0.0004803947,0.0059889903,-0.0046639654,0.0098219939,0.0077468093,-0.001983737,-0.0008568705,0.0109879613,-0.0021645745,-0.0020686999,-0.0055775924,-0.0007773049,0.0003681102,-0.0009254959,-0.0028417221,0.0074127193,-0.0042313701,-0.0041263268,0.0028449785,0.0034320591,0.0030901744,0.0003106413,0.0059897619,-0.004823555,0.0026096968,0.0802782779,-0.000616,0.0024347506,-0.0033037248,-0.0035406162,-0.0067529522,0.0016066991,0.0074551457,0.0028654119,0.0079169279,-0.000805694,-0.0001972907,-0.0025747036,0.0083339149,0.0027240409,-0.0019776913,0.0039528708,-0.006176314,-0.0024283382,-0.0078843968,-0.0074917121,0.0059148684,0.0044710933,-0.0040373997,0.0049755411,0.0079403483,0.008900696,-0.0010410349,0.0104595115,0.0043277289,-0.0107802186,-0.0004980226,0.0064247906,0.079973526,0.005730488,-0.0031170646,0.0009757395,0.0021930898,-0.0025781235,0.0074796151,-0.0032486088,-0.0037209568,-0.007817335,-0.0007636677,-0.0010669856,-0.0013958619,-0.0000388601,-0.001711086,-0.0043655852,-0.0024230667,-0.0057359522,-0.0049641092,-0.0057467235,-0.0051784756,0.000725402,0.0042449678,-0.003480465,-0.0041784591,-0.0030553464,0.0057650586,-0.006091224,0.0021338717,0.0028004254,0.0033308804,-0.0031549217,0.0093590047,0.1253760302,0.0001226517,-0.0101113684,-0.0006138211,0.0043695658,0.0026844327,-0.0037450289,0.004422266,-0.0030345201,0.00253618,0.0075191836,-0.0067292885,-0.0053672781,0.0006740871,0.002616362,0.0006891456,0.0054715997,-0.0055797353,0.0169687755,0.0072826549,0.0065194631,-0.0116688984,-0.0160608756,-0.002868522,-0.005580877,0.0032657312,0.0077962167,-0.0048763352,-0.0016234796,-0.0124930798,-0.0062832426,-0.00446462,0.0073906963,-0.0105310291,0.0000000772,0.0000020049,-0.0000004899,-0.0000001518,-0.0000005769,-0.0000003196,-0.0000020288,-0.0000024257,0.0000005746,0.0000011009,-0.0000010646,0.0000022301,0.0000007874,0.000000033,-0.0000007869,-0.0000020937,-0.0000021704,-0.0000003894,-0.000000093,0.0000001061,-0.0000025773,0.0000015813,-0.0000030225,-0.0000002906,-0.0000011207,-0.0000013776,-0.0000006382,-0.000001063,-0.00000154,-0.0000011245,0.0000013702,0.0000033951,0.0000773237,0.0051054137,0.0089072901,0.0008288494,-0.0092832062,-0.0024089164,-0.0027007181,-0.0010058378,-0.0081224821,0.0067604241,-0.0063371059,0.0004091439,0.0020062617,-0.0010107707,0.0028679375,0.0026859448,-0.0052928319,-0.0013372698,-0.0038629078,-0.0070515573,0.010146929,0.0033809476,0.0017167946,0.0020644104,0.003406549,-0.0053893111,-0.0014167173,-0.0020757203,0.0021091434,-0.0126604769,-0.0028285916,-0.0000164121,0.0059686705,0.097638938,0.0031485601,0.0030397506,-0.0033786926,0.0013292672,-0.0037447246,-0.0054049114,-0.0025162427,0.0013538742,-0.0028275907,-0.0025849031,-0.0029639281,-0.002791257,0.0048688379,0.0017966678,0.0027644352,-0.0091041515,0.0056252516,-0.0063165022,-0.0091234639,0.0027498079,-0.0003143599,-0.0005124505,-0.0053841715,-0.01149474,-0.0128516439,-0.0021807512,0.006295698,0.0068165314,-0.0029527171,0.0040159051,-0.0015497044,0.0002486313,0.1097467578,-0.0018209095,0.0029261233,0.0028732874,-0.0027754207,0.0000711127,0.0039994277,0.0004048072,-0.003217051,-0.0086655435,0.0064479261,0.0039773458,-0.003556726,0.001167243,-0.0087865025,0.0030011216,0.0042222099,-0.0025028091,0.0083542245,0.0060393066,0.001683713,0.0046134455,0.0024151048,-0.0154499977,0.0044391058,0.0018071785,0.0003555597,0.0078210928,0.0014525516,-0.0050529123,0.0044659097,-0.003130678,-0.0031316041,0.108236874,-0.0048043202,-0.0072471778,-0.0090462633,0.0017059359,-0.000785628,0.0065536631,-0.0032861751,0.0020794506,-0.0000238712,0.0022824596,-0.0001913509,-0.0050871857,-0.0022863854,-0.0065875782,-0.0088782671,-0.0159601575,0.0127524005,0.0067741762,0.0070288882,0.0057758855,-0.0017311172,0.0013416537,0.0021961009,-0.0018357344,-0.0020971912,-0.0037581189,-0.0094059851,-0.0054716139,-0.0004045344,0.0057610559,-0.0059170659,0.0080766903,0.1807525578,0.0000001661,-0.0000021037,0.0000007751,0.0000006169,-0.0000008113,0.0000007859,-0.0000001548,0.0000018509,0.0000005708,0.0000007032,-0.0000002811,-0.0000014914,0.0000011966,0.0000007445,-0.0000008843,0.0000013573,0.0000016979,-0.0000017364,-0.0000007604,0.0000009226,0.0000024533,-0.0000011563,0.0000003454,-0.0000001978,0.0000014611,0.0000009595,0.0000017735,0.000000785,-0.0000006484,-0.0000013465,-0.0000011868,-0.0000011496,-0.0000460334,-0.0145505452,0.002604273,0.0025934445,0.0050334368,0.0022376814,-0.0191238528,0.0010631862,0.0026453728,-0.0054106424,-0.0034505309,-0.0085108167,-0.0000008308,0.0018520625,0.0083721176,0.0058877136,-0.0086834817,0.0055478797,-0.0078772268,-0.0061605719,-0.0088949414,0.0021334704,0.0032537929,-0.0038562403,0.0005381713,0.0007838892,0.0095227855,-0.0034034677,0.0039914998,0.0004191221,-0.0015230702,0.0076406756,-0.0072168593,0.1828580487,0.0048464151,-0.0006379125,0.001853146,0.0045486051,-0.00848077,-0.0013213548,-0.0036788584,0.0023001164,0.0007698966,-0.0060893061,0.007914828,-0.0038493543,0.0015664799,-0.0045311699,0.0032839965,0.0005412052,0.0006452667,0.0041141711,-0.0035069355,0.0011078781,-0.0022419708,0.0035626168,0.0020672267,-0.005409376,0.0018647383,-0.0056211844,-0.0061155013,-0.0091571339,-0.000247108,-0.0047242124,0.0075627328,-0.0046047666,0.1619123164,0.0060223805,-0.0041955154,0.0009121114,0.0026582011,-0.0041615649,0.0070995902,-0.0032032812,-0.0031539419,-0.0092385263,-0.0010796629,-0.0011450775,-0.001496518,-0.0008290679,-0.0033182757,-0.0044740927,-0.0015954956,-0.0026657962,-0.0062542676,-0.0062280109,-0.0044686784,0.0027623458,0.0029666112,-0.0014937882,-0.0035199965,-0.0025507292,0.0079543475,-0.0049783978,0.0032771548,0.0014876899,0.0029519806,-0.0023045827,0.007385157,0.0624430279,-0.005171373,-0.0008198644,0.0019144137,0.0045325149,0.0016241425,0.0023041667,0.0064393148,-0.0013936752,-0.0021022314,-0.0061331778,-0.0034876985,-0.0011461948,0.0000064873,0.0005338184,0.0020217105,-0.0013990589,0.0005561379,0.0052189477,-0.0005128433,0.0000557901,-0.0034165934,0.0073539496,-0.010614795,0.0011427724,-0.0063707837,-0.0004266521,0.0070339094,0.0087382553,-0.0022860274,0.0016962222,-0.0048896173,-0.0116612373,0.1189018534,-0.0047240081,0.0002982791,-0.0090931258,-0.0072127302,-0.0041190489,-0.0027494687,-0.0023084409,0.0033203215,-0.0019461311,-0.0000691139,0.0073207114,-0.0014218039,0.0062009112,0.0011570525,0.00147935,0.0009867108,-0.0094619966,-0.0086271125,0.0021111721,-0.0079362029,0.0024931533,-0.0053665096,-0.0119165555,0.0014967567,0.0060835049,-0.0093598917,0.0055736383,0.0019614929,0.0058353596,-0.0064480969,-0.0010144427,-0.003527537,0.1686631079,0.0037502072,-0.0001189552,0.0023160895,-0.0033530715,-0.001546873,-0.0034822343,-0.001443926,0.0035362187,0.0003388337,0.0012746799,-0.0054091861,0.0032736693,0.001334529,-0.0044967263,-0.0057217393,0.0023980792,-0.0011252767,0.001464918,0.0031093539,-0.0036032147,0.0002754053,-0.0052647458,0.0024911094,0.0017147319,-0.003041127,-0.0069274178,-0.001237642,0.0014897106,0.0004671696,0.003984511,0.0018488579,-0.0027156485,0.0577948249,-0.0011040168,0.0033285292,-0.0036182281,0.0046373019,0.0101039636,0.0029230199,0.0005793557,0.0004350855,0.0009679762,-0.0034016647,-0.008378961,-0.0004910024,-0.0071719204,-0.0061104543,-0.0069813992,-0.001912039,-0.0009248373,0.0058776322,-0.0036379655,-0.0011879108,-0.0043548295,-0.0039899939,-0.0027223829,-0.0068446633,-0.0040625004,-0.0005055427,0.000470663,-0.007753434,-0.0068096587,-0.0043540939,-0.0023664941,0.0012171013,0.086590321,0.0101917436,-0.0013153852,-0.0022104828,-0.0050306151,-0.0135608863,0.0037619686,-0.0063957503,-0.003222389,-0.004012837,-0.0091254498,-0.01032319,-0.0001076427,-0.0041085993,-0.0020371275,-0.0044673025,-0.0036795021,-0.0009272208,-0.0101195381,0.0028303332,-0.0034470372,0.0027003344,-0.0105238715,0.002124069,0.0066382779,-0.0080464225,-0.0086749582,-0.0042031263,0.0024826359,0.0021218323,0.0049671,-0.0012565837,0.0020813488,0.2310494161,0.0061161367,0.0007281339,-0.0012275827,-0.010538783,0.0042625618,0.0019351882,0.0093725954,-0.0063561742,0.006876483,0.0008099469,0.0087738957,-0.000235461,0.0083509911,-0.0061134188,-0.0045210832,0.0051264482,-0.0019358955,-0.0059383593,-0.0018901259,-0.0045945658,0.0044374186,0.0026953621,0.0064740162,-0.0009794361,-0.0138685896,-0.0088925588,-0.0053693989,-0.002250278,-0.0063864507,0.0076783839,-0.0000774943,0.0106591403,0.266519286,-0.001898149,0.0039975901,-0.0036311709,0.0020159767,0.004390407,-0.0032689803,-0.001824217,-0.0059985102,-0.003055042,0.002481347,-0.003319549,0.0023264388,0.0043294866,0.0087351521,0.0023392745,0.0047641786,0.0022016203,0.0031939807,0.0006798586,0.0056074629,0.0009709229,-0.0043787924,0.0031619471,-0.0014408822,0.0018953341,0.0073672417,-0.0147380766,0.0021413932,-0.0018894835,-0.0003472223,-0.0042573942,-0.0089788268,0.0280840943,-0.0012392662,0.0064328702,-0.0027245716,0.0026601258,-0.0000522219,-0.0045620379,-0.0011832332,-0.0015681648,-0.0058331899,0.0007408616,-0.0009500566,0.0012937873,0.001560243,0.0039639045,0.0000849082,0.0028067334,0.0058662706,0.000085223,-0.001949142,-0.0012649258,0.0005334047,0.0007161333,0.0048384812,0.0015997161,0.0011102146,0.0022999794,-0.0065856922,-0.0027447621,-0.003548692,0.0006415797,-0.0034677852,-0.0055681459,0.0152186574,0.0028003748,0.0009143699,0.0089865576,-0.0054692393,0.003991422,-0.0006613625,-0.0018963069,0.000867708,0.0080554029,0.0032770158,0.0050124087,-0.0021734052,-0.0077609102,-0.0077603112,-0.0097787042,0.0023149927,0.0048243201,0.0032832038,0.0035198033,-0.0041015348,-0.0039748062,-0.0096190252,0.0024483389,0.0053103057,-0.0069177265,-0.0010757868,-0.0033576738,0.0038978019,0.0104505296,0.0151868354,0.0002655188,-0.0066827491,0.2159437479,0.0029354742,0.0051765729,-0.0045248,0.0059272487,0.0110583448,0.0030172895,-0.0069532346,0.005371739,0.0031321142,0.0070886618,-0.0065567299,0.0045744784,-0.0069404581,0.0047042993,-0.0048857369,0.00904703,-0.0026668354,-0.0052610964,0.0041657901,0.0002812065,0.0023278521,0.0054044325,-0.007360546,-0.0048795392,-0.0013227766,-0.00417311,0.0071474509,-0.0056390903,0.0008372984,-0.0012360769,0.0058266578,0.0021782044,0.0849692612,0.0036193802,-0.0054738099,-0.0030643343,0.0042976687,0.0047040139,0.0072279083,-0.0036505956,0.00025537,0.0040912225,0.0033974697,-0.0016698814,0.0031425246,-0.0046757749,0.0092113329,0.0062895862,0.0099699411,-0.0004115727,0.0071776655,0.0027989523,0.0012452319,-0.0079384885,0.0093226592,-0.0167071059,-0.0023511164,0.0007938188,-0.0029909124,0.0020251598,0.0141777508,-0.0064110231,-0.0020213562,0.0016722122,-0.0122222518,0.2444685469,-0.0082422379,-0.0055672538,-0.0000819891,0.0119826964,0.0032759594,-0.0030748051,0.0047932824,0.0043680479,-0.0006901409,0.0117653157,0.0014636994,-0.0011474911,-0.0123227178,0.0007284188,-0.0091623587,-0.0120647794,-0.0130965124,-0.0012868573,-0.0078978378,0.0017337425,0.0030938179,-0.0119253477,0.0024615593,0.0006863779,0.0003079065,-0.001222258,0.005802988,-0.0005853787,0.0079998159,-0.0015231136,0.0034153181,-0.0062143415,0.1291749335,0.0085415821,-0.0097125478,-0.0100405739,-0.0044440718,0.0036431805,0.0005626943,-0.0006045096,0.0098321422,-0.0051084006,-0.0075467242,0.0045189221,0.0073475642,-0.0070365716,0.0007677778,0.0129970095,0.0082102323,0.0005469312,-0.0129991456,-0.0002474493,-0.0031047492,-0.0018576018,-0.0028975175,0.0030492486,0.0055496216,0.0011350651,0.005772796,0.0017992999,-0.0039719502,0.0134629192,0.0042273317,-0.0035201924,-0.0017754144,0.0976144996,-0.009881825,-0.0114675204,-0.0019744388,0.0022811408,-0.0077302583,-0.0035256995,-0.0016474152,0.0008924301,-0.0002461186,0.0116686201,-0.0009353057,0.0050891128,-0.0025702149,-0.0026627836,0.0037526215,-0.004797105,-0.0043987413,0.0006598745,0.001531236,0.0040055554,-0.0072654337,0.0033768068,0.015806249,0.0014755431,-0.0009194614,0.0058103272,0.0083691123,-0.0020799535,-0.0023672073,0.0023810974,-0.0017668275,-0.0024604628,-0.0548856913,0.0059559683,-0.0051604056,-0.0057589175,-0.0018725995,0.0027991911,0.0018815184,0.0015722892,0.0007473261,0.0094321142,0.0050140032,0.0055151999,-0.0039136374,0.0044092984,0.0038330439,-0.0079586083,0.0040700402,-0.000649712,-0.0010429694,-0.003935863,-0.0033551992,-0.0035082099,-0.0016581165,-0.0110045106,0.0077702369,-0.0003192602,0.0036262865,0.0032055472,-0.0054297893,-0.0015030993,-0.0003596794,0.0096545815,0.0002461377,0.0797514713,-0.0000010284,0.0000027285,-0.0000000746,-0.0000004791,-0.0000012286,0.0000006177,-0.0000012256,0.0000000285,-0.0000009448,-0.0000008111,-0.000000951,-0.0000004703,-0.000001323,0.0000007658,-0.0000017709,-0.0000007117,-0.0000005278,-0.0000000784,0.0000005236,-0.0000007935,-0.0000009514,0.0000017961,-0.0000013387,0.0000001136,-0.0000005965,-0.0000012527,0.0000006255,-0.0000014983,0.0000017044,-0.0000008489,0.0000015773,0.0000022851,0.0000581386,-0.0107568686,0.0018624154,0.0051353333,-0.0068359348,0.0033646799,0.0014270879,-0.0053443602,0.0081985185,-0.0096164738,-0.0084372828,0.0051029592,0.0018393287,0.0076832451,0.0002210715,0.0111614954,0.0011922524,0.0048552008,-0.0114532625,0.0067307822,-0.0013984749,0.0086231988,-0.00618651,-0.0005537167,-0.0063623617,0.0053178874,0.0021198771,0.0017235426,-0.0021017878,-0.0010544744,0.0012090281,0.0085832755,0.0036981233,0.0234374317,0.0004851762,0.0106373547,0.002124068,-0.0007425688,-0.0041733214,-0.0019474942,0.0015614083,0.0036437271,0.0093646629,0.0063643152,0.0043610437,-0.0040005878,-0.0048993144,0.0007495383,0.004041314,0.0025145147,0.0010802865,0.012508739,0.0045271504,-0.0010960396,0.0010455417,-0.0000921691,-0.0015047752,0.006045676,0.005174402,0.0089253651,0.0002058147,0.0046712372,0.0135330691,0.0048161026,-0.0047802086,0.0070817808,0.2126987563,-0.0141998039,-0.0049615037,0.0082835584,-0.0001350114,0.0063902487,-0.0016797642,0.0006900807,-0.0062823623,-0.0076683391,-0.0042251208,-0.0075095479,0.0038905298,-0.0097623282,0.001089421,0.0041819553,0.0054317156,0.0083681431,-0.004033154,0.0072048779,0.0051911236,0.0072651112,0.005387729,-0.0058515639,0.0010652279,0.0041063889,0.000770937,0.006473059,0.0116823392,-0.0028744995,-0.0014814024,0.0099059444,0.0041909058,0.0738451656,0.002838653,0.0045809278,0.0060437729,0.0032428731,0.0067227945,0.0023883592,-0.0053883705,-0.0080754693,0.0103445499,-0.0078149725,-0.0073800577,0.0016743645,0.0024884781,-0.0000399626,-0.0038993825,-0.0013546988,-0.0093144531,-0.0021294784,0.0017236829,0.0139600834,0.0049893535,-0.0046887464,-0.0024775679,-0.0058796818,-0.001449312,0.0041462927,-0.0107707924,-0.0065771872,0.0011505739,-0.0061383758,-0.0010644993,-0.0061140383,0.1287648555,-0.0037933817,-0.0055876007,0.0003679012,0.0049703215,-0.0038119495,-0.003395272,0.0007727428,0.0009730388,-0.003203371,0.0019944726,0.0037938892,-0.0002515465,-0.0024069086,0.0013324308,-0.0006835961,0.0033735458,-0.0018064512,-0.0000494786,0.0007654434,0.0050532413,-0.0039182344,-0.0044213994,0.00330939,0.0000031548,-0.0050617333,0.0032651797,0.0023205151,-0.0004494278,-0.0049165822,-0.0046521036,0.0002847589,-0.0001113336,-0.0342877856,-0.0029302067,-0.0022612049,-0.0029377992,-0.0048463346,-0.0004788302,0.0032092475,0.0028051131,0.0009770062,0.003882416,-0.0001627836,-0.0063172342,0.0028159708,0.0003693678,-0.004853168,-0.0030871685,-0.0058321313,0.0037074734,0.0082618726,0.0020758212,0.0005443418,-0.013938655,0.0033414732,0.0060874711,-0.0045569976,0.0061845821,-0.0002285637,0.000791397,-0.0039604728,-0.0077475064,-0.0014962012,-0.0037603636,0.0037040741,0.0517256788,0.0098827057,0.0063584319,0.0081291907,-0.0008805506,-0.0005168589,0.0060152969,0.0050904689,-0.0023475238,-0.0007991846,-0.0065713036,-0.0032772814,0.0019898244,-0.0034289235,0.0037446731,-0.0041468585,-0.0103396312,-0.0011115372,-0.0051358936,-0.0026306213,0.0030459777,-0.0004532332,-0.0021279567,0.0054185083,0.0082988127,0.006750273,-0.0027791991,-0.0019779512,0.0015191023,-0.0026125554,-0.003843483,0.0011685798,-0.0007740403,0.0626833104,0.0018400188,-0.0017776696,0.0004816782,0.0012147785,-0.0082238725,0.0023825703,-0.0022617178,0.0034847455,0.0007684164,-0.000733499,0.0062266229,0.0010588464,-0.0050558834,-0.000103658,0.0048357035,0.0017536096,0.0035599543,0.000953379,-0.0038438165,-0.0022591022,-0.0005153443,-0.0003951386,0.0006416065,-0.0012622527,0.0009499563,-0.0034889759,-0.0039654004,-0.0007174227,-0.0049859606,-0.0024442065,0.0031084228,-0.0026779221,0.0591662246,-0.0018115562,0.0003186512,0.0027351803,0.0035319358,0.0025031693,-0.0004935413,-0.004042791,-0.0054716202,0.0093750167,-0.000516947,-0.0051336236,0.0018028243,-0.0001973244,-0.0109965103,-0.0058074672,-0.0134372165,-0.0044762994,-0.0048028766,0.0037005812,0.0098701149,0.0060468865,0.013695212,0.0095994807,0.0034117048,-0.0015732856,-0.0022694094,-0.0036117561,-0.0159923304,0.0008984963,0.0008526124,-0.0035855491,-0.0018766143,0.1866201939,-0.0019364587,0.0053514028,-0.0034220145,0.0020321264,0.0012217097,-0.0101113817,0.0024602733,0.0008088875,-0.0065275371,-0.0010549208,-0.0068038055,-0.0042292956,-0.0014893212,0.0130016317,0.00574621,0.0087224237,0.0107872688,-0.0082722577,0.002745764,-0.0071439739,0.0003943528,0.0046387225,0.0002191633,-0.0048840338,0.0026384477,-0.0065488054,0.0059302073,0.0027497716,0.0019512652,-0.0047875833,-0.0094112455,-0.0114375603,0.0864446379,0.0137612573,0.0064467713,0.0026150396,-0.001626158,0.0035465239,0.0048568763,-0.0045280152,0.007779833,-0.0097067422,0.0129174405,0.0034909198,0.0005266177,0.0093945663,-0.000585273,0.0026142431,-0.0013994133,-0.0043153823,0.005079678,0.0032213207,-0.0018421073,-0.0055629514,-0.0011137636,-0.0084227775,0.0062113708,0.009103954,-0.005407884,0.0051998369,-0.0097974563,0.0001412389,-0.0030161889,0.0031487674,0.0050777145,0.1452798965,-0.0041687185,0.0033275396,-0.0012368712,-0.0077798098,-0.0112582107,0.0031937863,-0.0000962877,0.0010683117,0.0082200852,0.0042144173,-0.0048254983,0.0059198693,0.0086590947,-0.0021970117,0.0005705746,0.0021979526,0.0065800592,0.0032620537,-0.0003445283,0.0028933901,-0.0012145967,0.0051552583,0.0064034728,0.0025906356,0.0046409181,0.0043324079,0.0087662043,0.0037616052,0.0033917922,-0.0047419815,-0.0015000375,0.0027522672,-0.0109065537,-0.0058102967,0.0041155167,0.002851331,-0.0057574433,-0.0055938321,-0.0010240518,0.0032450731,0.0035676239,0.0033922973,-0.001958626,-0.0074269311,-0.0002887027,0.0043076537,-0.0015910277,0.0062298743,0.0062002309,0.0075389378,-0.0046022918,-0.0056010592,0.0038536493,0.0038582762,-0.0007265016,-0.0002828657,0.0030005197,0.001943698,0.0058508339,0.001189968,0.0041701061,0.0078228057,-0.0070393275,0.005903287,0.0055474713,0.0237955857,-0.0034651803,0.0020763402,-0.0012857725,0.0058597932,0.0025109476,0.0013569962,0.0072941055,-0.0040664527,-0.008785005,-0.0040198061,-0.0019312041,0.0040546167,0.0028734724,-0.0042079577,-0.0118843727,0.0087361253,-0.0000249444,0.0020622839,0.003341914,-0.004580422,0.0067843528,0.0109973127,0.0025545739,0.0103947062,-0.0051803375,-0.0057751375,-0.0143510341,0.0014362807,-0.0059345668,0.0075457887,-0.0086436594,-0.0045295804,0.2394342994,-0.0004241667,-0.0086879219,0.0068672058,0.0011162362,0.0058437689,-0.0010682185,-0.0016166019,-0.0114992722,0.0088947529,0.0032299119,-0.0007826786,-0.0092975053,0.0085341411,-0.0036086645,-0.0006726373,0.001382084,-0.0072140405,0.0045143431,-0.0029500067,0.0027312393,-0.0003319027,-0.001207035,0.0059083373,-0.0045891315,0.0008306699,0.0066832969,-0.003044858,-0.0066584636,0.0099023451,0.0071409537,0.0061694381,-0.0059336285,0.0752440508,-27238.3857406197,6532.2503817686,10.2529204607,4767.0316835204,39605.0275042724,-2375.60956966,-3653.0490083695,42794.6051475059,-34003.6526342894,2.9899497419,-0.5547494623,-1348.3886511519,3428.4238099092,1.0148558193,-3.609703004,-0.2249282298,19534.6670177361,23438.2731758888,-34003.32914396,3511.9354409266,-3270.6346890867,291.6182920761,-2.230984202,0.5386858592,1401.8850428869,-4373.8313285221,12892.0286585596,0.0503108896,-3134.2950250365,-1391.427797464,3949.0908647708,-17707.5204894875,-0.1219047608,18263.8350270157,-0.3462837996,-19542.2715967368,20412.6861505292,-2.29114037,9.2954932345,150.0600066424,-1755.1985602964,-0.3437935273,14035.7885174388,307.8303387136,-793.1372567288,-20546.8471867782,9269.6484395994,-1.4271673053,-0.4083969352,-4246.0315253342,0.2765116,-7226.8869023592,158.5875561453,-7080.3624769835,-2.2174784973,-2924.8944244191,-1.7933279438,6141.6273659571,5052.0950151376,7096.1415929865,-836.0586433784,5638.8345822615,5197.2658066311,-1631.4462629344,-7332.4911858837,4915.0825153485,2243.0065691254,392.0392977456,9235.1119955829,-6583.9083087944,2072.861655048,5802.344564223,-1628.7366569417,-29.5429461969,-3356.8269546413,-5356.7881331803,13701.1065499817,4225.6963578939,-5.2638332373,-5292.2224156105,3157.9653368702,205.3759490966,0.5541693322,-5120.9491267767,12829.5200875142,3964.298080023,-207.3944523693,4185.9322369056,-17662.2704526625,-6112.5349613044,2686.022794009,-655.1257302459,1.0664603229,0.4895651218,17517.6034236282,1252.4685655425,-10922.5593735156,1226.0443220397,-0.7987288025,14.2313727414,2402.2647231127,-654.7795899172,2354.8324105237,-16070.2428643236,-15027.456936162,7454.9519545448,-52286.6901670932,10156.6742848439,-9534.5318140245,-54817.3582129201,-0.4813280881,-34761.5001973818,1509.8811625534,-1.7031075885,-159.7063683554,-28115.4547636054,-5678.2497782242,-0.5498272102,-6215.8045207147,4.9685067318,-4516.0773530866,10362.9458306916,-17144.875156549,0.5217393346,-1005.8058752884,7190.3855717038,0.3280764224,-9237.9761999384,1477.7864874026,0.7944569006,2522.8448561464,1986.515818183,1418.2903156165,-0.2395305473,13680.0953438285,332.9942238853,-3693.4957572078,7724.0213338518,-1225.7094585234,-3954.6010947936,-12.8967159148,-4396.0031631377,2031.5129512426,807.6240744759,-10208.2947552128,-13661.0567001589,9559.0485782119,-6732.4138530086,-8669.5413698272,-410.5909470433,-2040.3548418921,1557.784034215,13633.9289897248,6253.3134570385,-22810.5098586792,-5240.6033747162,4605.6942108436,-4695.3286164113,5224.0565553234,-7143.6284075429,-208.8493301216,-2804.8845726023,-16364.7067587696,-2310.8081291178,-1287.4253385341,0.1946857028,-2572.0768979756,9152.9527587758,-4983.3287890213,-87.3485991325,-0.6166073838,-9300.5021969376,-20080.7443783559,-19042.3537156519,2192.2001734514,0.7491511173,0.1696791568,0.8278968363,8996.9209641855,513.5443594019,2.538733747,-0.3148271018,185.937695339,277.168765131,2190.9148359077,-58.9548079308,-37539.5190062757,0.7727030837,329.3793023922,-5.2668561114,-0.1805835361,-1733.6949880747,-552.287173913,2.6660265098,1185.6118721471,0.0521982486,-6915.8859825506,-16196.721561828,0.6867281568,-29206.910207463,0.2535848338,12034.9102046343,3.7539923667,-7572.8298902339,-1.8570775794,0.201123321,0.8507384883,911.5339350137,17015.2470673527,2716.838111712,893.4338453965,15015.2304629647,0.1614125863,54771.8286492719,-0.6489539728,3475.7492575018,-0.0011361531,-1850.4501953128,-320.4642381013,-696.3594242388,32.3421168783,7780.7314406018,5011.8067897578,-5406.9391208153,1603.3947992899,-1418.5341626866,3161.0279033499,6289.3546407743,9425.0295685952,15470.3946691583,-6783.9298704572,-5024.2393378113,-2962.1771932745,-1744.3930597664,10249.4770234269,-14379.9771180357,-1081.4463116409,9402.669908451,2577.8571527439,-8413.9502922011,-6600.7100980767,2379.9256280685,2895.0261748723,6664.9613865101,1902.3586253923,23831.1469763618,-1660.7176675123,-4026.3201029797,3386.5217430256,0.1404119204,-2870.2697790916,0.3817468659,22.1604800271,18.2331417636,-385.0418981995,7082.5560935918,2015.8024016208,4905.3155622992,-0.2427293774,0.1838934419,17626.1216110427,1.8868680916,-15871.0944084044,-4582.0908486552,0.8937051906,4.5447683644,-0.8789323963,4904.1409394022,-31280.8121135268,-0.8150950705,25885.000234928,-3.8874635365,4876.4932226493,-713.4648327122,123.4689266133,2.4396078081,-5710.858283084,-0.2832175142,3.4933088956,-3119.8392339304,-20727.9437411031,1.0712756,-3506.2649552022,-0.9017709334,-1555.5335794922,-0.2274285359,-3653.3028460984,-53.6928463581,-1796.2975626377,-0.2770127753,-0.3748331807,0.36949321,-1061.013526579,5169.2974565531,-0.3288348777,8122.1478311066,17116.3504577129,-10732.5663526717,0.4395325613,0.3314873057,-5813.5589724329,15230.0199801991,2006.6410154225,4705.266376369,1.4389882364,4055.5551513783,539.5548273564,12959.5800228184,-2217.0669629087,10254.452178666,13598.1589640115,12442.8980357016,504.6751285972,-22800.0510163313,15939.7759245556,-319.8873626673,5942.8025745873,-11533.9892606251,-2622.3768117206,-854.0156294284,8007.345615848,0.33690475,-868.072939926,-1.3151606691,5545.3495570267,-989.1262742028,15931.613401549,-1799.4488012051,1701.9692152756,-38.2788307883,4.1981113949,-5.398040692,639.4513912329,12870.9012465758,1.622470275,19927.634955795,-12051.0004201596,0.2983273923,52835.2961363663,23.8389947249,1.5239575339,-3846.7771922876,0.992913623,4215.5595888627,2417.1169357982,8516.2962250084,-1793.3406654551,-0.7338809086,3472.9219464032,3686.4191148238,1.7857164775,-2238.7864131243,1051.5386899347,-0.8846254373,-0.35808327,-1.0852278672,-289.4126196048,-0.4350236243,-2.395738153,6620.0520608881,-3673.9168491773,-4761.725989893,-691.3994599704,-522.7549189063,-587.2504457351,-10.0138363137,-0.5843344801,30715.4248925996,27828.0762509698,-1219.5953452026,-1.1218188452,-71563.605837996,39229.7367056217,0.577021635,7475.0531514576,-7911.8229807879,0.0103508331,-340.2864879801,28694.6782176377,41946.4186813136,-2315.1225958469,8353.5325679637,0.1032834277,-8978.5416793173,1124.4950779373,-73.5717315041,-5070.4132961738,-9198.9347811654,5020.9594458977,-425.2553404776,12185.2840057123,-3519.9924510507,2104.6596822433,-3142.9459575108,-8376.2602021662,-766.81683946,-112.885899936,3038.4669689972
   -953.4154842254,-2326.2501164968,-10233.8403027751,1.0080394453,1657.067889278,-1628.8305786898,-1647.5727580867,5134.7064319074,-896.513315826,0.7729459997,-166.9567220972,-910.1622267625,345.4263695853,-2286.595605671,-2430.4084848819,12027.2735003762,1693.376759308,-7396.609908924,-44815.8530536315,-1766.4058973151,-942.2831759379,0.6815372926,195.3232671743,-430.0032992406,3047.5202826366,-45582.4127766085,1206.6274091603,0.8565436927,1.6339692348,-1454.5766097474,0.4111750762,0.063964324,-0.8877693455,0.0858356509,-145.0877410935,-45582.450271831,-0.263624827,-5.5443984216,53151.6790090782,846.4965920153,-176.0734421306,10408.9217417239,-11762.9552907076,140.4634223064,0.3905076946,0.6937388344,-0.7960604945,-0.049059451,-2.5529320808,210.4818620758,20977.5925952561,-0.3982727184,-5484.8488357376,0.1089685565,-0.7025501583,-0.3901778275,25963.0802848631,-0.1293176411,-0.2391238566,-11911.3097057256,-0.6391999832,-1599.4201515798,-0.8373675709,1119.3629812756,4887.2604028357,1411.6057821299,-4530.5434944078,0.1717039871,-1749.3225107426,-5429.0461898321,4.574968372,7118.0785796199,-9402.7492820753,-7108.7144579552,0.924855552,9644.523473024,-1.6039740442,1259.9017458737,-870.5524820082,11934.6398177154,12761.5797860605,-1312.3651420777,-202.0892322879,-294.6380148555,-3549.9013552218,-9250.6204152629,-13127.4129773101,-296.6554517171,-4438.6803670792,522.8099569115,-675.7365392765,-0.8643094308,-1026.8245073094,-6888.7113531297,-3583.772418703,1970.0616494394,4761.0729150049,-16.6941018804,12756.9551185865,-83.1099849002,-1642.8843336944,5433.4259861212,805.9185319623,21030.8477441069,-4192.4970034149,32.2851304465,5931.3972622042,167.5902901215,2423.8528290147,207.6465952384,-0.8293280703,-18629.9858261378,-4340.4551627714,-0.7705327757,1574.7310742256,-0.3500263226,-14739.0555009403,-4.4646772952,2425.1064294502,-0.1022960077,3513.4855892666,1231.7963481305,28845.8751741673,-8172.9167696667,-0.2731612239,1796.8668871902,-22677.2744804616,29597.6079687821,5399.2748129031,0.0908223276,-0.7271704562,0.6542535657,-14247.2540188258,-0.5379385873,-0.4924387208,-7848.66631123,51854.9247043379,-0.4880000153,-0.129984449,-38689.5170269357,-0.9371824665,-36557.1318492657,-9315.0985668011,-1333.0035109785,-1657.5919995692,-3496.9289656998,11214.7853566593,18061.4227143848,0.2168503482,-0.0341546617,-0.4591209857,1933.0625057205,16925.2915512315,-1152.0323961164,5078.0721915723,1399.0513231309,7325.1462955415,5690.7685199461,-5157.9727130176,1.98306244,-3763.3610144598,-2147.6649224195,7597.4953456743,-911.1537471319,-5214.6280252168,-2095.9350456167,0.4321710897,-5421.8888635043,22137.638400148,-5652.2362167833,310.3070777493,13418.487061392,1108.6868077396,2119.0703999591,4.57390304,413.2017554009,1464.6136087188,-11233.6966267782,11422.5857523466,-11153.5777608329,127.0181234812,5440.0944483715,547.4616878427,47324.5437111535,-3499.8801934512,9104.1576259815,2313.2936591675,0.9119924431,1.2773703733,-20.5399581932,889.9391833163,32.9818861461,-4224.5563074016,0.6976812753,-0.4055399622,0.2205563422,-10491.4582169808,0.4412310328,0.3774573704,-5729.7317192721,1211.0252426801,33.8674131656,-5176.3967282156,56670.3845885697,286.4018092651,-5757.5062976949,3865.071871153,-58.8493329047,6309.7865501464,-14783.6357861222,0.3597371157,334.3879937115,-1.084792849,-0.0039943267,3853.1613923967,-125.632718144,11549.6729854925,-0.541587763,-2625.4024601291,-6807.4199630121,5032.9129879927,9183.8163524717,-0.6907794897,0.3234958571,9723.7051783041,-5342.1529925384,0.7663278025,-1062.9767658486,12392.1813084942,0.0544241541,2158.3737174133,1.0693435932,-0.3545897447,0.6843383898,-3824.6213591406,10782.6114456792,11883.4343258478,-3719.1188946983,5841.626689541,14870.0479711757,-1044.8806627423,-238.0157023167,-5270.2509584508,3312.9032300902,13491.7156662864,-1934.4779431591,-1654.2739602447,-14318.0568535723,-2106.8172980584,4053.166465757,-2297.7237328364,-1.0777159664,114.3264124852,-428.4030413414,2.6709040788,-743.6163754505,-10.2287636238,-1.1616594451,-8576.5313461698,2958.7319634645,148.8144337176,3160.2115956097,2496.6168598806,-2876.9990477428,-12.3655100683,-1444.0814248412,-11746.0261294821,561.9055135225,12673.047775257,3727.7506059515,-32404.4439893872,-0.5308902009,762.9202443247,-4157.7204822846,-8901.0930555338,-1584.3692548296,0.8010689658,25939.3959870481,1.3917225875,-1288.0559150893,14215.0299232158,0.4537313867,4017.7707379422,-0.495932938,-8901.1226010754,-0.8887958175,-6588.6043317223,-15444.8663833404,-14017.1503421813,-1599.9868382995,-4527.4100647094,-83.8365263361,721.605002697,-1836.0029521268,4412.5472726451,-0.389483619,-5222.4709936943,-8753.1570366506,-5255.5018528515,5.3492218915,0.9029052973,-8768.3945119811,529.6934619799,-6004.6803737419,-1708.7793978022,-33498.792042712,-1567.4268484113,-3.7138010573,5752.2090920173,1584.5842556765,1572.7488905471,5023.1838591316,-11700.2136846066,-3782.3984314739,0.4764958408,0.890758375,-0.9846123088,-846.0722337275,-8802.0480867194,2613.1744195976,4649.4275521894,2650.8939777806,-751.0423906688,4.8152962955,-7957.069910624,3894.4638889264,10429.0178767587,793.2325169734,-1581.7414862187,-19.5035395972,554.0811008463,3449.8402798189,88.51743177,10724.2043951173,344.1743006467,-824.8170596727,2.5664988625,12034.8345777145,-810.4539083376,-7961.4367615111,11762.9394671688,3308.0308078944,-1891.9129907674,14304.4977423991,599.2890539755,-1603.0336240096,-162.8384486981,2520.6356973953,3818.7347484837,13.3896565614,1279.5935711707,-0.4485355583,-0.5820614597,4447.3396913077,0.9910278362,-2657.5128581369,16496.3538950727,37452.3172117054,0.4630797045,-0.966252087,-4114.7780926984,-0.5518488321,-9544.8393315576,7255.9438941316,-0.4045820355,-2635.7438823281,1641.1805811117,37453.8914823978,-69540.8438625714,12890.3946136004,330.2198491269,-4045.0611803073,4055.5874111654,2669.2672367347,-2033.1127279165,-14096.9500683465,-4552.1015996121,34464.598951049,20.9608874505,-1.9125388764,-4658.662261407,56.965368791,32983.5505120308,0.9009042227,-18246.308951916,-4.8485318317,-7608.7350564999,-8912.1392247718,-5066.0094662192,12.6754832502,-3471.5902004538,44985.7965094114,-0.7041491991,-7798.5980913347,14247.3609623314,5474.9860378886,7316.4983383754,-11186.2325312218,7516.4213367064,3.1676679717,1487.9776343444,-592.1840449526,565.2309184857,101.9091456869,-1739.7699692248,-2.5747473665,3364.1205913916,8462.4621509059,-13458.3135889932,4726.5558565164,-4936.1745362802,8903.6798509208,3272.6720987955,-7886.3358800878,1491.2211850372,485.0096424267,-4464.2694570741,604.3580441594,-2568.0952801055,-1.0399648763,-3015.0055072837,-13419.9403681414,-160.7262500957,10092.2754684413,-0.5119444855,-15144.3355056078,3820.0077944954,121.9686250166,739.5028831933,12194.8310353283,1.1975486417,-5475.7833310766,22061.8066254902,2.4373316988,6690.7935806112,45494.4911538059,26.2211477602,0.9556738278,-7701.3183017348,-0.2328179981,-10370.3531395826,-486.4178578589,-0.4407272113,18408.8422945202,-24699.814080219,1058.4537270462,0.3129058059,0.7689745938,-1244.9222507867,14157.0474152516,-10370.226294751,-19937.5701015069,-235.8446999258,-3281.1739051663,-282.289271903,46.236085251,0.141618381,-17007.2755601805,7474.5299835547,16433.7060218609,-8453.8814319559,-14183.5259871347,4.8934433003,6717.0516272068,-17383.6345266948,0.7020910293,-0.963913958,-30568.1156836027,7673.7813933165,31228.1247899374,-2.4171521864,-1538.0891601986,-279.9875551471,54353.0679790195,22587.9785564758,-0.663731607,-60.8294988011,6914.9497613666,-1.424458071,877.4092849537,0.7478760103,-28240.7098549587,-0.3719943255,-179.4588049731,3555.5706351346,1726.0921192578,4039.4650634794,-12786.016952864,4422.2753775716,-7865.6423138149,-2560.586242656,-5830.0756283829,6014.7965855235,-7692.1595387324,3482.9852187355,8990.1796727228,-312.043457802,3063.4655310673,956.0954353465,2855.7322109375,-16211.3119268888,9340.1665884953,-1475.3487389574,1347.5099961107,-1614.8576202474,4020.3070427079,-4382.1025404644,-11738.0284534119,16.4573916507,4975.0646080518,-7264.9206392383,3548.0318455672,-1849.6024008925,-70.5557080425,-5670.8709518846,0.8802275721,-4.4248828487,-60.6014305214,1546.5737697749,-9439.4355930606,2.6340421536,3264.8719620162,14130.1405541402,-7.2245666512,-6062.7559467575,0.1037010786,10071.5265131965,6775.2466504219,-11368.0062856272,215.3371947656,0.8574991422,423.0423434912,-2.3308690143,-6.4528566023,5031.9934888406,16397.6675835554,4745.9257735434,0.3128362147,-4806.6270089543,2.1374874703,-4102.3455281777,-56846.0004364322,14251.3361699964,0.1676369049,2802.1070035434,-2.8263256893,760.3842924843,-10889.7108064093,47174.2833926802,-0.4008598298,5714.830393963,-1.0732535591,-1865.4446923772,1722.1211234537,-4877.2979620344,66.0464891873,0.418456965,-2509.5133591639,-0.1294042173,-17246.6284995669,-6650.4901224918,27.7744256053,5594.4410561898,1.549800704,-0.2996101143,-0.4148025505,-11756.0591267754,589.9876650186,26.6864559671,-17139.112951619,7307.5159626283,4529.6066515198,-332.9154497849,-1702.5450201944,-1179.7662843021,-2542.8940927565,1682.8541658703,-1592.4865091794,6.6892342783,1977.0129237588,-3093.3012288712,3111.4764517819,7750.0235208315,12626.5602770904,-12.8135351318,-10896.6744825084,7691.3748381372,5587.3060347373,-4400.5073276874,-6257.3994807842,-12898.719274202,-3987.439191839,-8310.8978068248,18723.3102643531,1222.7262583338,-21387.6010202481,1244.3773655701,-1847.2766096147,-59488.622393341,2775.5686080385,-20297.9667000694,10196.7040600981,-0.2631371953,0.4619413588,-13866.8350735689,0.4433270518,-0.2444538442,14282.2229021919,-0.2807900828,-15379.8215947242,-1108.8099757473,7719.0147859452,11036.8828672752,0.2338742541,-1490.5812815304,-13.9722782545,-1.5762042705,7.36346677,-2568.2612489246,-17986.1118045004,25333.4059248399,-285.3452567805,14867.4873266172,81.7779540835,1.1382482186,6526.0563515111,0.4743650484,-0.1354582874,0.8542010382,7434.2593423031,-21.2478880777,-3327.131475598,0.8754613746,-2022.9525030571,18446.3229736365,668.4225927382,-0.2698924199,-4790.2778510623,1.4555545801,-26088.4677065287,32.1986628046,4.4157649805,0.5458725198,224.2499317404,-22007.5319260552,545.6481595843,-0.6739858412,12933.6682167297,0.5024842525,-9132.7932805663,-5321.3133500529,4125.5924697183,-11587.3305437622,187.6634596146,-303.2761274784,-1703.3637030893,6904.7409626497,-2987.8736149837,-1763.7586351141,-9448.3076719378,4630.183549857,-162.8536780307,-3683.0449110511,-2917.0489286831,-1.7797598883,2049.1566878476,3485.5549797081,-4905.4618308996,-10416.2705827679,-1265.1613603334,-7486.7335140336,12046.7252239917,1274.6166360183,137.0460950344,9643.2645272927,-559.6628914983,5128.8663240906,-2988.6095703106,6.3659681414,5394.0647234064,1741.4501383376,0.1664241733,2.2310553581,264.3379255409,4.3797587101,0.2479219747,-3773.9941266315,138.2253663513,38197.8644127181,6.8362004278,-0.6191537311,0.2590952017,0.2233315056,-6945.9550609156,2.6760735389,-232.7939419169,0.1509608441,16.9129070175,-21092.4127785549,6.7811116196,7749.3649502803,7966.3770724513,-10358.1722727914,-8437.7133795443,-5740.5865148717,11.1463374545,8822.4850593255,-38804.9172654326,0.5435098706,-16121.5535831049,2459.692779945,0.7879151912,-0.5647301669,9106.965239035,-6678.5792906417,-0.42239801,-12965.3623337335,2968.1323621255,1.5446210169,-0.2999940874,-11634.77201764,1.6221800435,0.9713151679,-3627.7221884368,0.5957749166,0.004682799,-3232.6330547355,39342.2994489022,17362.5989445907,3270.6738153794,11013.8730669992,1.1740125561,3724.3070815979,-0.8962292048,-0.9298083088,-3106.1353844235,5256.9019682101,-1.5553213976,-608.4612019114,7821.5149664532,-116.8610810313,2532.8408038333,-1032.0705186458,6121.5807682202,-0.4759155537,6590.409927398,4672.1590769039,8925.3808090463,3426.4902821794,-1355.8762438646,328.032621071,6619.1719109306,-2152.8858698761,-1680.5062320486,-2740.4103311571,2041.6153416508,-7280.2722348198,-4608.8389803964,-10078.5658229823,-8824.7662898844,3525.6465017616,17200.166674658,53.7013863979,4466.2123580549,0.1652387743,35538.1218819329,-3375.057936038,9214.0696627822,-81.365790308,-26921.086834305,53.1395167382,0.3589399849,-0.1446327575,-3819.4987118457,0.6433665555,-0.7349433739,-733.3499301522,-0.4606073865,703.5790390038,-0.5836824241,0.1601488975,-9043.4199999476,0.5653011852,1829.3270165706,765.699031972,-22973.1821455883,-4671.2588665807,0.385970554,0.214599135,5816.2576580371,-0.0942458159,30047.2045678989,-22759.8156240753,1.7133146092,0.3550016173,1706.9673173821,0.3050957017,-1128.4789479523,-0.8262127905,3191.8480832398,-0.2590792038,459.5560320067,0.4688686681,0.3211047032,804.8947226544,786.8117060547,8241.2738875668,-0.9085743766,-3660.6634163112,-1402.8081974664,-0.7087313722,-5540.7477470695,1322.9574339082,1.2227165056,0.2960738418,-11496.6047999653,3466.9204987874,-8563.134388542,273.5676197395,-2278.2333679242,-1620.1471295621,3363.4485266186,5788.0836713584,-3022.5359455236,-6874.3976784392,6787.9581865901,-5555.5269921832,-1322.6640292207,-5968.842238305,810.4899294006,1088.0940736085,-2159.2947134405,-842.1961500426,226.5599108594,4490.4114564098,-18.2406044693,1616.5295432009,950.9368153054,10312.4360518372,-0.0764339621,637.4288461213,0.3467428314,9274.5018353473,-6003.6496814515,-10.1142006006,2279.2576440715,15.2829309456,-45.3054416719,0.0749205558,-3543.0034665754,11724.9285726305,-11681.3627680248,-1242.0101364368,-0.1850034331,-0.8841535985,-7900.7802433956,0.1362357158,-0.6724859891,-4808.0587917476,-13127.7521353298,16795.0967612047,-2724.6004675231,-0.3121699952,-0.1208928493,0.4552754677,-7900.996899151,-9973.1162578507,12067.0914978299,29536.3687330101,615.2055137303,-14906.1630683996,3500.6153250526,-0.1489656924,-9893.3398614293,5.089125149,-2302.277056699,-0.224212422,0.542399108,215.1598901673,710.425652457,-280.3186310292,0.5778967067,-4507.909516134,-3406.6489024509,13891.2003028399,156.7532091916,-19801.9332128686,9810.7354818077,-3848.2729820094,4221.4649412664,46047.7129525538,-9297.0923646376,-5383.0675816132,25.5853876032,-38161.4188457577,27017.0509651616,1.2448861857,0.1520782413,-9671.9738836996,3600.668037412,2525.0408788054,-291.2678113649,928.1789586335,5323.9391150391,952.8970306771,-5433.1960373126,4149.3327634989,-13732.1896516562,-5322.0851225239,5691.2345607762,10034.4680714026,-1852.2811183551,700.6174156982,-23.3387008247,-878.4759710604,29.7162088802,-6.3530632432,982.3259282105,-3476.1275919482,2271.4685802641,2818.3105517139,-11169.9359158494,8094.5752868065,5079.5457799663,-11124.7819804668,-315.4502436068,-4578.2276128376,3099.7703893002,2979.4594575249,-11550.3686911139,27761.1537638045,4.9304421587,1.3054523118,-3496.8018732012,-2097.1230234171,-917.2574794741,670.8322656918,-2.1473556857,2261.5524727252,15709.465844132,0.5080337385,-3059.3333740001,-36415.4376807461,8491.9142948909,2280.8216705824,0.8733383989,-4709.7338903099,4742.0797466895,2261.1820323638,9.0998321872,-3477.1292863496,-1.725273385,-188.6886555909,-0.0069843875,8.2350988666,19168.570930154,84.5776534547,0.5785208949,-9746.850210376,1.3656266526,-1.152805078,5203.6756028717,-0.5325574387,0.0042914034,-0.2394080066,30936.9097489645,-122.7476833219,-8430.1667989733,8.5266844558,0.0278048073,34994.8105115643,3920.5266309864,72.2955090806,-0.2258589849,-23843.9968574351,39605.7688373973,79.4419195961,377.9047409647,2725.5671815519,0.2189559303,-1.6947529835,10.5515262789,199.4483290988,-11.0793034306,3.0221634296,4044.7455838605,-1146.6204952348,7005.1914262143,-3226.7462520539,8690.2601843513,13461.5201573118,-1122.703402408,845.8084956162,45.187849222,-6398.3390322818,2580.6453026127,-2149.4743420343,1545.8127431053,-7047.3712529259,2008.9280200024,3769.3400676773,18053.8179878186,-9401.68379672,-15196.6521324164,-345.953186178,6806.0286164087,-1882.0022614201,3330.3849101614,-4421.6566474709,-55.6200509343,-4885.7635939145,2372.8351018492,248.8355534763,4205.777456349,1644.2484503841,4683.0376457322,-8471.0249099542,2565.0497317216,605.5921780879,1245.5769342269,0.7165676866,-75.539183755,-2557.0794309677,0.6666971807,-3285.4005625558,-19224.9977298681,-41408.5589794118,-1256.174778345,0.2108633003,2476.3629608155,4613.148075381,-76.6190122392,-50460.134019798,-63203.3532092919,36361.5519083296,-2.7441409645,20618.2426574115,1724.3653332424,-10.161051953,406.276853181,-779.9287477108,10.1957319904,0.1196141675,3.7376561285,-560.0637664668,0.694625116,422.2334733161,-0.7098242047,-1829.6923454023,0.5412063388,-156.0084665398,-6665.7288917579,-19698.7144271258,-0.1158680796,78.23899548,54723.9874059099,-0.3446809458,-1769.1129234736,0.7785552646,2.0756653183,-44.2449142195,-630.9961892789,2206.413646217,0.8652172143,-3547.0091473857,-8950.7060066503,6203.8894506655,-4784.9223381455,-3052.7707510766,-54.719504899,-743.2949853463,-14.9411178485,-3685.6265519299,-6414.7756872683,6902.0203456486,-3339.7173325094,-4888.0789125035,-4956.1235581254,-5402.5505482588,1199.9208413612,-410.6836569539,-38.5565194027,2102.0266401104,1390.0905566933,1261.28635183,-2.5762483029,2985.9645736974,4898.2418822296,724.6215220259,1454.4063499042,-766.0953762955,15373.0986050432,-4301.5080038329,4.1912322944,-4556.8598500287,-472.929248056,3911.2409445363,-3748.226437917,-1676.9366292706,0.405555182,-0.332471815,9.1869468782,7741.8591719397,143.0739079756,-8308.4188208238,0.8619296958,0.2720164609,-0.076044927,-95.5345753235,-0.1398654932,-10846.010740717,-0.0340712508,1.8576944068,49366.5838420295,-8308.2155263281,2451.7237346892,-7224.4526276134,23537.5964514942,555.9626070195,-147.4145093153,250.3029634647,0.7538153125,935.9956966239,-0.1770489073,-9621.1384324649,1.8368898331,-0.3751305823,6985.2283902723,5110.4931571081,16223.61381146,-0.4167928164,4446.64215687,-2694.4729219519,1404.9464575177,-1.2739607146,0.1365604433,43124.23210102,2649.4205186124,46439.319632874,-4184.1019060311,-401.7376864422,-611.5033462362,3387.5542531702,-6124.4129985156,-4655.9476241975,0.0170333367,0.7984193263,1202.6932620463,314.393966686,-1111.9264733804,-447.1719793652,-2026.2139422704,6392.136026539,-8150.1883068421,-14005.8002351989,6.7994974499,-275.6537418091,-6804.9076441471,-2746.6140745653,5546.335357655,3155.111715148,-10621.9385559945,-4335.6509808646,-515.0670926249,8716.8464588953,2316.2470647409,7802.2290076625,-5862.6554813596,-6701.3293678106,-240.7761647662,-9932.1251176834,-8134.1498744407,1527.6344484645,6379.7067976128,925.2719398295,999.3270532921,854.45999917,-18.3706124529,773.6961692499,-9110.875327737,20.5142777272,-83.3054806828,-13.4222982588,0.1442180049,86.4976497745,2871.6828843094,-377.3124680227,-8645.8506636557,-425.6285879915,0.2272346931,7125.056311873,8725.0705436964,-1361.7860667499,0.733609276,-0.7011499288,17219.1044600493,-4719.763181874,-8646.7552598444,1339.3497901494,-10455.1923661349,14549.141741374,-11.9920744208,5.9018289247,-1.3116044519,-11.1146362968,11938.892623997,10647.5550119744,3678.6175078953,16598.4826918773,0.4731315659,-6776.629629059,5304.9445095742,29060.1312078757,-0.7061901972,-1473.8178579963,0.3460606401,-1916.9417989386,-24036.9019837885,-6870.1298480178,0.6346206864,-0.0431069692,-2.6180858146,-0.8430800594,22835.890915958,0.3792752023,3.2686892382,-14224.3763956358,-0.3090707874,29.3898921668,-0.9192696922,-472.8957362629,32675.6701506125,6390.3940854656,-0.2162744658,-127.5171929133,-5114.957092421,170.4152305343,23170.6612765422,-9028.4128872607,8163.3266230359,-3699.0840658365,8401.5514531536,188.3800684315,-13556.6523193661,-0.0304931034,-3567.3942215847,-4167.8294442579,4234.0370416925,-12825.1454490237,-4435.9155941774,-1202.9211233002,1219.9696481376,2088.6724412521,-1001.9103608659,4350.0764694934,153.5453055471,9977.4717698294,-3395.2199647552,5659.8061297517,-2705.5000899525,3588.9831791907,-16389.3020984437,-0.3853250601,-0.7683992534,-811.9894658253,-2826.4817247073,-0.2369576895,1.0578466637,-324.8690717932,-664.3376820396,-5710.5782018243,1.5307117953,-0.7478623473,7461.6880056366,22862.2895004114,929.6511551374,5850.9305395857,-0.3024628929,895.0331833816,-1.2802207245,-5711.4710973515,12639.7349855142,7011.0280603071,8760.4710557361,36248.2948905831,-2783.498842342,1539.6658407769,0.2623873869,-0.0185100291,9935.686892838,-0.3957288637,0.6435168401,-0.2848034808,1473.545921266,-4361.3790064567,-5390.7394732019,-0.3041050356,-9147.8618240117,-0.9832034292,0.9411852271,-1631.0864289348,-1.9272763291,10830.1286858214,-0.8036282405,-140.8838040287,0.9610360242,149.0526753502,5237.2401406867,-1563.3257101999,12071.5218934213,6458.6496611128,0.234122493,-0.955326179,-4732.0229379334,-560.7965181632,-963.2230298524,-3028.1484212064,5923.7989119959,12849.96135289,980.4326143256,-15333.4988320398,16686.3522882332,-2055.1598174737,-4563.2992863237,-307.0935005479,1170.1310030657,-3122.6263964458,-27.2781195148,-2170.0296314817,7275.766974608,4597.8171369397,4046.2093765247,-10732.1049983541,-1655.3585331198,8093.1238751186,-1353.6042611808,-2896.9520036611,-768.6715628978,-2046.8963293355,153.3153461929,12550.8242650852,-5908.1487782835,-8022.5649414212,958.9580791166,4603.0007170491,-40647.7374972557,-956.5342520299,-9439.9956266852,-13202.9489954584,-50.9463451033,-24582.3848421715,-23150.6808827906,-0.9714434087,-0.2847264468,1224.7238109017,0.1295321604,0.2183525927,317.2744061114,-523.9020298016,6936.2587144216,-0.3720318585,1.4165761416,-32150.8028624819,-0.1506467727,7373.8367625953,-0.5926663304,8.9362880513,51823.8186169753,-0.3659056028,28.5752906322,18131.0361905658,388.8439964204,-0.1823878937,15118.3274347654,2431.8180478847,1.0342767148,1431.1926846536,-4.2961914707,8503.8222917009,0.2500464387,1763.5531073438,-5444.4032479415,-30099.1230841234,1892.7259194852,-2132.5680538138,30837.5226381848,-1953.3673503454,-87.3309069679,0.488691631,-6.3702687575,-9.7261974581,2140.7832362526,-140.9601695306,4891.7519961367,-15037.9908910404,-0.8793711457,8758.8389313972,136.8780625773,-3768.2407353029,-8368.9565617787,-2410.6114089326,-161.8530957575,582.5860832038,-8890.8873738011,-1907.4176919985,7745.8512977741,2182.2166013349,-7325.9244661176,-11966.9409268726,4095.6352071573,-2617.6976584529,-5088.6027396859,-1116.590348699,91.5773731026,631.5069144444,-245.7717129641,-3308.824286709,-5322.7253219486,-3639.0140889286,8676.537724605,3242.7354133865,-3519.1330319175,1414.9587216125,-1239.0454900825,3942.6510197682,-4.0495488093,153.0714052402,1.3033229469,-8018.1857630477,381.8422316988,-1021.4771060207,2619.126041452,-0.1153173448,8842.7591629512,-18.1421099172,927.5524100457,53836.2769540118,-0.540365204,-0.9722648843,-6259.4165291866,-247.5058061883,-91.5005972277,17470.8834860568,0.3416102196,-2813.2792369108,-0.8858847986,53834.6026634197,-2.9180652256,-12032.5038546152,-28300.8716388366,-12109.2606706539,-2491.8865069074,-2374.7185857491,-4236.7109964663,17522.9753132571,3595.0206810949,38334.493208121,-0.6745225003,-476.1744043218,-437.712798086,173.1360772741,-0.6171537171,-0.2176026027,670.0496403353,20030.4577873055,154.6625849263,-16.8727838223,32.8978071693,-89.4568998301,-8.8326489485,-8267.8215647013,0.3568487421,0.3401724673,-1.0205486086,-0.6699808917,3712.6733979256,108.3660679367,16.3497024222,-0.5388733223,3178.1785835272,-1140.3728426672,8374.4074166273,15412.9396847935,14.6571844794,5921.942543516,-3932.3003711036,3246.1442862021,47.7136142462,-10937.3161860676,15819.6347104556,12033.2720668396,1.7773417391,-3770.551615344,9145.6482701106,-15.9194214699,0.5685784294,-565.0587319813,-4117.0333867447,13930.8552319255,-1481.6454714369,572.0862770331,21402.5707778424,-1261.1343907252,-1495.2164402624,-384.7720458869,12295.6884109091,-176.1233466525,6301.5958350934,-4069.9682053573,2869.6175725124,774.0628902082,1845.3070896016,-1013.3763710359,33.8467513502,-0.012940602,0.4944278162,6307.5186140806,-49879.6996312695,3.7360769102,0.5150788161,-2109.4511775412,-0.6326047626,-15752.8487671014,737.4687084899,-90.3679682095,0.0719852182,-0.6925489051,4230.1170956761,0.2534188115,-0.0621423788,588.0400429436,19710.3415090262,14108.6461411076,7008.2192998981,4062.2561968265,3.4208183576,-34965.5912309768,-38204.6102415164,0.2281744943,2946.2204226037,-0.9158938993,-8517.7873197227,-583.5050622785,-54231.8934769561,3333.5408318886,-0.036524475,-12188.9461104565,-2267.3022932268,1.232262862,-0.9630512557,-43197.9544870654,-465.2013820611,-1153.8170566532,3237.6842520745,210.1622841702,-1773.2822227935,10.076193605,-0.0544890062,6184.9902509179,6707.3086268201,-1625.9390225256,-1.1899714773,15066.6265049988,7129.225810571,-1841.5293224287,3252.8058920665,430.1424896011,-0.1390145378,-865.9159524309,11778.0354221847,1.6510988863,5107.8437741554,378.6453382895,-2905.1910828051,5317.1700669573,-2410.219336983,-4964.4214903215,2933.7326733644,8800.6516226659,-7838.877272449,-3165.3536535806,-2607.028334615,-1954.8064311407,369.3271287908,-8646.5612387258,5.7858079664,2683.3567942224,-2243.7297780206,556.7549773127,-1515.5467455233,-11467.476737259,2131.3966388462,-4225.9601286128,-2547.7604044892,0.7168157812,-5743.6594045642,-0.8020361377,-6717.1012331514,430.6123122704,-0.4838065445,-3.7222393125,19968.2283578714,-273.2105301748,-3470.3196620462,0.0729656103,-1794.097296198,1944.1007244484,-0.3447243872,-2358.4456618601,0.4747790092,1.6087063854,1401.4525738631,-273.7113380778,-0.313727821,8915.4863532569,0.4977124114,0.7862281867,1.1859515618,9810.6804751655,-1069.2314498677,3124.2665509913,-14558.9350739591,-0.391666987,0.0688021685,-56.6382654368,28991.5490990701,10.4087099108,43.0956693609,0.4712381887,1174.5494360571,-1943.6628072668,3008.6766158907,-0.8603612427,-3102.2201699238,5800.9093388897,-6.0291500582,63410.9746184745,1048.7681729811,0.66277883,323.0092615168,54402.511943866,14676.3524321708,0.0572043002,-0.2672341952,1.2076804809,5120.7757729644,1711.8268053575,-1698.0236877722,-2448.1948991877,7407.5856750301,-5527.5094072626,-6152.310821269,978.4576190501,-4505.02122893,-4569.558489761,7036.5600975164,1017.6913494622,-1106.0717186814,-4047.2715202461,8504.315747143,-23.7312742496,1433.2326830815,-5801.4637857032,4446.2646730403,2788.1767373667,12660.2222227683,-292.5739246469,-2112.9429010886,1893.8257757076,1536.6452993667,3127.2154714686,1468.4038986344,4398.7755700327,8.7351705209,-1429.3417092742,-399.3923325622,44.5582670504,-3328.5304024201,4916.6792010161,9106.4094523206,19983.8612841532,6487.5554245516,-6995.2196764128,1496.7583398485,-3174.6590387174,3629.0071073222,0.658063875,-0.8389441522,-13799.2379137801,-2442.5249467997,-2.8952784525,0.7674189109,0.2283281006,6361.3434287465,-9750.6237886904,3630.7136969587,-10724.8264641277,6002.4408481714,-787.1399293816,-2842.6642334532,4174.6964172665,-3702.9468353944,-4.8014885538,-21099.5146386596,-944.1849640707,19666.1960993285,318.7610204388,-446.2649091421,8469.9310812947,2342.3020202983,-7565.963755122,0.1729267956,18148.4771459436,-58.0765305074,-1819.434183278,-12312.9971625076,1855.4492035101,-19453.1614360623,-9763.930816419,62007.7209175366,9496.8182669056,-50.4077548206,1576.0902845339,-1373.9653491786,-16130.5642980425,-0.0906856315,1402.6722466615,-0.6919770909,639.8931360964,-4.477777923,9.1560816848,-477.5901638542,-4760.7036037406,1279.6127315435,760.8021007516,-9616.9051199685,10774.8788341105,3296.5060754767,12.3255506979,7992.5135105494,-2138.6596185258,-564.3300300965,-2609.6872241476,-241.2604241375,10523.1450195435,7960.1772015605,-611.7647365086,-1321.01198858,-3723.4349230144,1463.8949660911,6345.6077270165,-5408.7000751441,4261.6404398963,2277.735936259,1014.6130562577,-800.1966400501,3787.6007768493,6118.5176576045,894.4389843951,5123.7976313517,619.7962236006,7.0695461966,-10.1788615842,-1092.5592641934,0.1629422898,-4.6261808352,3841.2370919075,-0.4848779685,-20830.5011599617,0.2528746984,0.164423036,-131.8479547732,23849.4494536677,2843.5828878387,28487.1690408099,0.8115629006,-7933.1525122285,-6.7141702142,-20829.7795662014,-7286.3124529965,1514.1988563919,-1.8832215288,-38146.01018792,0.6562957567,0.1575142098,0.8478857371,-3244.017045547,9064.1120268577,-719.3638484287,24660.8903816579,-0.6068304213,569.7392799597,-0.6713120985,1.212513106,-0.021836862,-18562.8237418971,2532.4832305179,17424.3031859502,-3277.326262091,0.781147288,4697.1407651429,0.5928804602,4210.678754423,0.3247287828,-139.1942427855,4326.4678570963,35370.0254364052,25205.9571676349,-9367.4528089829,-6304.5199753118,-0.4214722797,-7660.0522153947,-808.9411441118,8210.5106148907,6481.1973423282,-2456.0932573523,-7108.3445214018,3.9819222121,-406.4599470272,7317.5407221272,10555.0702531407,5726.641615488,2.6880858148,-491.6638816534,5483.3738303079,4300.5665572551,-424.9117467449,16213.7356332965,-8490.664612807,-1249.4153763126,1614.5168296375,6381.6629252362,2606.8215568575,-11096.0700924926,891.6619538471,5141.4011079729,920.0582250824,1554.2757486091,2588.4443858556,-1976.3429521621,13163.8866996734,-12954.5080648896,-29.5778956443,-11.9203422187,4481.6520540576,-976.5562932989,512.5407419651,-1207.6413705438,-8.2015079156,-15064.5012223589,-784.4616952067,-2653.9643644014,-3417.9374339805,0.9466511563,-48480.7830230091,-28489.6015870559,-3734.0268224762,0.1899977739,-0.8740712597,-5555.7008751544,78.5705312308,-2654.8214946889,-16353.8468383052,750.1818688935,19761.8400156987,-5346.1890024119,2.2984921772,2680.148609367,-42.1776062725,-51429.569514351,8179.4096010042,0.5048620624,1.4355053855,4668.5725698134,1329.2922255813,13355.4777460062,-5624.3377633364,0.8173738393,8892.871934795,-29.4448135718,535.9115118154,11713.8424870421,2555.1712749444,-15271.8064929393,-0.0827867783,1424.3291885458,29801.8190573641,-4056.7224151771,57.1694203834,-943.6021080761,-2314.2712561138,2.4607685675,9310.9673987717,-0.5689706586,9.0249911394,60.2566005166,-1956.3190133798,3460.0440709666,-2625.8477783647,7895.6687417601,-2938.4891289208,3819.4756842186,-4737.095458402,6721.8216850638,4901.5784443598,7345.7540266839,-6666.461865075,-13006.2632617425,4958.3944376355,-0.4038524578,-2746.2992770696,1349.8691246407,1849.4442174839,7460.3811255912,-5753.1487459318,-25679.0966337216,12403.3017906329,1427.3152861312,1271.5041528565,-3178.1523267202,5669.0230127248,-906.4172888602,2101.7313392132,-7199.9015744791,4050.8610037444,2096.2580117972,19395.5205796673,-4311.6661800942,54737.0877658798,-4961.3376027982,2273.3272021641,-5.0379664445,-32298.4217652016,-0.4405136416,-2058.7015760605,1.1647945256,-0.3497293135,-5361.4400758695,-1491.3896416107,1140.6892031839,-0.7492290563,-0.418989819,2074.5034819994,5166.2357151715,-2059.2841753851,-0.5459289968,-2240.0115849924,-10237.3609564357,-1373.4528770634,-306.3639083066,-23984.0448641449,2190.1131894813,2395.8204876064,-47154.8577085677,-6189.5199029236,-6721.8950885741,0.3646611847,-16979.4226655666,492.1315709938,0.4048988183,0.6659240379,-15976.2933259482,-4756.5906839539,6229.4658745427,1611.2634175296,5075.6307452514,-10.857778308,0.3399015605,-17947.7717808645,609.5966119549,-14833.6327632658,3708.2558672985,264.3977569868,1.3688316856,7303.8571492011,4492.0190177969,-0.5890666134,1718.9631779688,6519.6294907074,4.3057430637,-10840.6756601878,-1551.6735099037,8139.2384904568,-6.841804379,2299.6805805866,-5877.6286033474,-5820.4528942517,1057.8947768123,-16081.485309081,-23.5836175639,19210.338652374,-4536.2489646222,1947.8531356485,-9978.1697692235,-26808.6668970813,-4676.7484543581,140.7928026027,1939.7091933551,-2002.3303231535,4417.7611541191,-10901.626381448,-1612.0710397488,4590.1724266838,7154.4548208428,-3011.048607215,-12572.8455256231,-0.3308640769,3571.6893560224,123.8424898633,35.6284739562,4424.8443084575,-1634.5769949129,28016.4469892668,4270.111474374,155.864613358,-7812.7417117554,0.6047796329,6534.1461336549,14196.2819897332,-0.9124916333,-3635.7828173191,73.2216297784,-2284.6882877364,-6236.4053315475,0.586383308,-0.0811884753,56669.815781713,6534.312595319,-3154.9084909937,-566.1718615821,33591.2066911112,7655.2206148744,3.2732422744,-5241.3986286149,-1.4333271667,-4.1477437875,1583.933029832,-0.2044967994,-5598.749971519,1384.7565845518,-819.0347494803,-3.5498489667,0.1784894167,-0.797342836,-1525.0644707505,6011.5218777695,116.7956945646,31.1014599716
   4637.3387737681,-2.1160303426,0.4821612512,19146.1531477592,-6073.1832825643,-7709.3420580671,5712.767363661,-9457.8748822731,-10789.693448249,-4875.0708270091,2816.1327765589,-0.9685430615,-2983.4564231343,1775.6238987434,1947.2562841414,2480.3719470468,9812.4174376797,-12803.5154194573,1004.3162900914,3086.8478717219,5596.9264612531,-1332.4291269511,-10092.0644681091,-727.9010483247,-2087.9632373722,-9673.2145810405,2054.9291035975,2.7740790198,10337.6979952066,9506.5892727089,-2069.2933286291,-0.8196205481,-638.9039450928,4046.5310948763,-14534.3258107038,1791.593742262,-3070.3343433482,-11318.9179768972,6950.4455989974,3099.3358047303,-3964.5673373274,134.4003399372,-6268.9315903821,6629.4760744967,-448.1584402971,-6.5543498342,-24703.3616848489,6678.7608241766,-0.5317673063,-1453.9028682566,-2880.0295188631,-2472.4713610672,-176.5636338256,-838.0674414084,0.758447858,16234.5849807299,3749.0754583802,28573.8993582051,6022.4024447852,0.3543705417,0.7942154698,-3770.6077750982,-176.4447396508,-33145.5733557953,40076.8427340913,-4534.106054548,186.6988584818,2475.7906664039,-1477.5186498035,0.6045006062,-1.2188568366,3430.1551959551,-20806.1906169936,-36567.4180362129,-4547.9021229778,-4.1827380806,0.684106554,-2077.2145077132,-0.1792766367,15772.0511065994,2962.6831059245,-30566.4894889902,-2.175340601,-19994.5946906024,10.1768177326,-80.9385095393,-0.9175579721,5440.8083795084,-0.0003262056,17720.541353208,4686.724698173,34006.9949257348,-1964.8577841744,-201.6566893501,0.1896602975,10858.2918277845,1123.2882280825,-1854.8585212347,-4123.5543236514,-21869.2203966099,3948.0615526421,-2312.7805953442,-8841.2808566331,6.8024901705,-5522.5642189351,-11642.8545138649,-7783.718871202,-2.4827746367,6138.4758996789,-12758.5239060991,-3051.8993627828,-2405.415763458,138.6290962042,2422.4725442637,-2119.0710071366,3114.7694167463,5930.8249651265,-800.0528683628,2271.5809964232,-2063.9724596242,7393.741792432,-227.5119872773,2216.7678290286,-9764.3859213643,-7385.2548022614,1216.780763528,-82.116275651,-7040.6859131,1994.2030863243,24.2188972747,5873.954134788,34161.7967548098,0.4078758749,1683.2544545639,-11334.0498029326,-23881.7676055097,89.7001182758,-0.9191214195,2.4219732976,-714.416044981,-1513.1684853584,-0.5534201045,-0.6396222699,116.5583758898,54812.3809811899,-23882.0071481276,-0.9629968497,1083.0353072677,-9314.548610739,38834.4682246711,-6623.0384392353,-0.6906823533,-70073.0988660647,6665.3089676426,4359.4646104359,1100.6421048413,-0.3143526124,11816.9611352078,12.8206072076,-1771.7355176152,1227.6658292348,-0.5628365595,7932.6638302484,-3266.9585131233,11.8282702204,-0.2566988978,59796.2502382725,0.9132806484,-1142.9584105579,32205.0048097749,1848.7368500945,-2932.8870928629,-1.1787838395,-11414.5522960664,-3730.4533972607,-115.5673476003,-64749.2981524168,-0.6775332898,-4861.0344369864,3511.9917974848,3187.4672007971,-8855.2067929081,-0.2206806873,5016.0710626438,149.364413769,-6257.8316339489,1141.5383684304,654.1567322815,7694.8303670671,-5992.3817731043,-4428.4286309991,1205.8982220376,10636.8413463431,-6132.7105221369,-1485.6098570107,-3575.9875552765,3822.2471885324,-0.7620698115,3060.0513468755,-3738.7810790701,2.0118628847,-2040.987512495,1711.4396786269,266.0011354129,-2572.6919755338,-1.3024890972,-2111.2350539508,95.7874263427,-1.634499053,-1456.006730315
##end
biasActivation=0,1,1
[BASIC:ACTIVATION]
"org.encog.engine.network.activation.ActivationLinear"
"org.encog.engine.network.activation.ActivationLOG"
"org.encog.engine.network.activation.ActivationLOG"
