encog,BasicNetwork,java,3.3.0,1,1425320485336
[BASIC]
[BASIC:PARAMS]
[BASIC:NETWORK]
beginTraining=0
connectionLimit=0
contextTargetOffset=0,134,0
contextTargetSize=0,32,0
endTraining=2
hasContext=t
inputCount=50
layerCounts=50,33,83
layerFeedCounts=50,32,50
layerContextCount=0,0,32
layerIndex=0,50,83
output=0.0216165955,0.3012091533,0.4676761891,0.099277239,0.2887238219,-0.1190459585,0.3597450306,0.2224199455,-0.3439183637,0.0088732071,-0.0000759031,0.2074531568,-0.2229292176,0.5545011168,0.3590886595,0.0000029645,-0.4476358335,-0.1522929385,-0.3498299532,0.2620089059,0.1986976432,0.1817366457,0.1043130987,-0.1453292459,0.6317505014,-0.1777461817,-0.0186350881,0.6259431748,-0.0799555124,0.1826595207,0.0723999715,0.0410836415,0.0487574453,0.4900940449,-0.0001970049,-0.1494314619,0.6420635185,-0.0206380483,-0.4281997371,-0.1346309811,0.4370562724,0.1237581929,0.140826217,-0.1119177983,-0.0055709295,0.3072447442,0.505710863,0.0746848221,0.4212622065,-0.2771050778,8.5352961849,-9.7939121864,-7.1492892356,8.5753955043,10.7110245639,10.8291414916,-8.745441512,-10.1179726375,-9.7573328816,8.2708512572,-8.8825293259,3.3479423514,-9.1301564904,-10.5108696665,9.3488327604,9.4424626099,9.2968078453,-11.0405448479,10.8734772195,-10.6350064632,9.2578795809,10.4887310971,7.6130016441,10.6513387498,10.22976057,-9.6137450755,-11.2435396954,10.2340089319,11.1013486473,9.660174677,-9.6288500094,10.4876197,1,0,0,1,0,0,0,0,0,0,0,0,0,0,0,0,0,0,0,0,0,0,0,0,0,1,0,0,1,0,0,0,0,0,1,0,0,0,0,0,0,0,0,0,0,0,0,0,0,0,1,1,0.0216165955,0.3012091533,0.4676761891,0.099277239,0.2887238219,-0.1190459585,0.3597450306,0.2224199455,-0.3439183637,0.0088732071,-0.0000759031,0.2074531568,-0.2229292176,0.5545011168,0.3590886595,0.0000029645,-0.4476358335,-0.1522929385,-0.3498299532,0.2620089059,0.1986976432,0.1817366457,0.1043130987,-0.1453292459,0.6317505014,-0.1777461817,-0.0186350881,0.6259431748,-0.0799555124,0.1826595207,0.0723999715,0.0410836415
outputCount=50
weightIndex=0,1650,4306
weights=##0
##double#4306
   0.0013258013,0.0010411488,0.0035859457,-0.0009698623,-0.0017916072,0.001840166,0.0023710945,0.0034874433,-0.0028612854,-0.0003304368,-0.0038070524,-0.0014325354,0.0013915931,0.002612474,-0.0025343367,0.0062924835,0.0012241716,0.0001391496,-0.002343077,0.001753239,0.002669959,0.0037095311,0.0033640958,-0.0034142922,-0.0020319076,0.004391629,0.0021010616,0.0005213353,0.0006444278,-0.0036611884,-0.0040574962,0.003060067,0.0797254276,0.0026245614,-0.0024774772,-0.0026929225,0.0035870715,-0.0069273279,-0.0062382198,-0.0059144189,-0.0039753684,-0.0006065433,0.0044294459,-0.0012486476,-0.0006743933,0.0049924686,-0.0117585418,0.0021792422,0.0031875189,-0.0030601107,0.0018400647,0.0014352029,0.0042835157,-0.0050420838,-0.0015885389,0.0013606671,0.0027691359,-0.0069371932,-0.000888683,0.0070655131,0.0153691246,0.0016957569,0.0038062505,-0.0006579866,-0.0032044827,0.1329227769,-0.0080757844,0.001910255,0.0016008055,0.0069675151,-0.002807087,0.0075997913,0.0029545741,-0.0040343099,0.0037869291,-0.0021005234,-0.0050096604,-0.0032370515,0.0005780691,-0.0013199701,-0.0022827917,0.0252238506,0.0065099144,0.0003564532,-0.0032860061,0.002268513,0.0019129279,0.0090461672,-0.0028057583,0.0026608338,-0.0037459606,0.0022770159,0.0014589025,0.0040633517,-0.0081908852,-0.0062778072,-0.0014184525,-0.0018487832,0.311061668,0.0047866614,-0.0068840961,-0.0006176324,0.0001726843,-0.0027834883,-0.0027634152,-0.0018111618,0.004627235,0.0045940336,0.0010819019,0.0074140416,-0.0007446755,-0.0031332074,0.0014062348,0.0009569056,-0.0047481883,0.006889185,-0.0052135551,-0.0023522127,0.0027179875,-0.0039157661,0.0010137634,-0.0004103988,0.0036514923,0.0071242437,-0.0052503084,-0.0003599384,0.0047502056,-0.0040632841,-0.0023329746,0.000156476,-0.0008798709,0.0271983328,0.0084737833,-0.0133703547,0.0004835363,0.0036088585,0.0093134643,-0.0063734979,0.0000967379,-0.0046740607,0.0041892373,0.0016627291,0.0013168799,0.000725039,-0.0030213453,0.0066040467,0.0020195791,0.0059799462,-0.0037779991,0.0038421116,0.0033145083,-0.00075519,0.0034002888,0.0022529967,-0.0019344413,-0.011308571,-0.0048745635,-0.0008765033,0.0047107311,0.0013331566,-0.0002262404,0.0056650186,0.001641521,0.0028419295,0.1117387574,-0.0037572276,-0.0056103085,-0.0036483122,0.0001814028,0.0048551406,0.0064900144,0.0037317344,0.007402118,-0.0082950952,-0.0087544876,-0.0001567166,-0.0143407222,0.0015579016,-0.0027209615,-0.0018899029,-0.0028525456,-0.0037660504,0.0075680457,0.0045153188,-0.0039038672,-0.0142355841,-0.0002361169,0.0152156196,0.0007036005,0.0043368109,-0.0024476908,0.0014782016,-0.0123230466,-0.0035240159,0.0000190384,-0.0058936524,-0.011323625,0.0986740068,-0.0004164596,0.000884199,-0.0075192003,0.0024283758,0.0017579241,-0.0013021281,0.0052870441,0.0035252176,0.0066386349,0.0008139818,0.0067677404,0.0031514461,-0.0017332117,-0.0040728341,-0.0056527593,0.0118832017,0.0032536439,-0.001192988,0.0003563158,-0.0071953635,-0.0058005443,0.0031784485,-0.0029359284,0.0046816496,0.0046701105,-0.0061404559,-0.0040802183,0.0030064952,-0.0069056966,0.0007932525,0.000995659,0.0041501278,0.0848104318,0.0070579991,0.0013256987,-0.0058012692,0.0096271354,-0.0036357929,-0.0023693466,0.0014579506,-0.0085770624,0.0072641878,-0.0013256166,-0.0041113534,0.0033791925,-0.0014699933,0.0085678436,0.0037177801,-0.0006833919,0.005158451,-0.0039847176,-0.0016501924,0.0026194889,0.0058379886,-0.006674032,0.0093470715,-0.0042736418,-0.0019134182,-0.0075305432,0.0045711498,-0.0061831846,0.00644417,0.0058778013,0.0050023434,-0.0007607678,0.0578840403,-0.0020709062,0.0013136317,-0.0057124804,0.0004636038,-0.0092461534,-0.0046200369,0.0051661562,-0.0021580064,0.0028115308,-0.0006292055,-0.0039270718,0.0058180917,0.002020823,0.008834339,-0.0013280683,-0.0068508485,-0.0033673283,-0.0031487916,-0.0036936881,-0.0056970246,0.0002971341,-0.0080181283,0.0017620299,0.0022086696,-0.0003189298,0.0010079469,0.0042777175,-0.0025583534,0.0018151512,-0.0022370139,-0.0014609844,-0.0025440503,0.1027379464,0.0006085181,-0.012302148,0.0080453299,-0.00821299,-0.0035752638,0.0080414181,0.011454184,0.0022153832,0.0003520458,-0.0059015406,0.0017193472,0.0069894689,-0.0024054241,0.0053285066,0.0064244948,-0.0057516031,-0.0021487392,0.0060273152,0.0003803662,0.0088394636,-0.0042743957,0.0052222869,-0.0026336078,-0.0062116615,0.0132793084,-0.002085301,-0.0041654647,-0.0065815753,0.0026060816,0.0011105814,-0.0066465454,0.0015985581,0.1489605834,-0.0000004477,-0.0000013038,0.0000004952,0.0000024285,0.0000002752,-0.0000026419,-0.0000011866,0.0000007689,0.0000007231,-0.0000016535,0.0000029154,-0.0000011202,0.0000004482,0.000001072,0.0000008238,0.0000009338,-0.0000000274,0.0000015854,0.0000001556,0.0000012659,0.0000007687,-0.0000024344,-0.0000008199,-0.0000016154,0.0000006598,-0.000000711,-0.00000104,-0.0000001887,-0.0000005603,-0.000000434,-0.0000016178,-0.000001994,0.0000339441,-0.0069445373,0.0086508832,-0.0024460313,-0.0004636923,-0.0035612982,0.000839466,-0.001350344,-0.0019248,0.0023122344,0.0051402989,0.0039694447,0.0017707899,-0.0053812743,0.0064443448,-0.0017457297,0.0094837318,-0.0005914819,-0.0018684636,0.0087214897,-0.0076388972,-0.0083177378,0.000793146,0.0047286582,0.0013410391,-0.002351088,0.0037379346,-0.0019368889,-0.0014847956,-0.0019369699,0.0035242563,-0.0034043535,0.0084621519,0.0369976821,-0.0094046821,-0.0005879416,-0.001781017,-0.0050782834,-0.0053043676,-0.001935841,0.0012848074,-0.0120950175,-0.0028134831,-0.0049237235,0.0049280864,0.0023328449,-0.0008216849,0.0037974137,-0.0065861144,0.0005246813,-0.0002053739,0.0029059682,0.0005592362,-0.0094383806,-0.0084252902,-0.0013826242,-0.0011648119,-0.0022696511,-0.0047256035,0.0007766655,0.0090654609,0.0057753081,0.0049557398,-0.0011170215,0.002832565,0.0073668593,0.0448026356,0.0011594509,-0.0008733826,-0.0045287007,-0.0103263466,-0.0028875129,-0.0018628418,-0.0055127052,-0.0046608325,0.0013401386,0.0002464819,0.0118438379,-0.0013583303,0.0002238527,-0.000268796,0.0066660986,-0.0020912363,-0.0020074611,-0.0007832612,-0.0001793188,0.0063725382,0.00406555,0.0060995427,0.0050311446,0.0085466457,0.002492453,-0.0001822049,-0.0049486567,0.0071799801,0.0090038567,0.0012040548,-0.008415279,-0.0022931851,0.1492436309,-0.0168962004,-0.0079865136,0.0041363966,0.0022938781,-0.0076050444,0.0002563386,0.0030670189,-0.0077867837,-0.0065482169,-0.0026083533,-0.0142707431,-0.0013518651,-0.0041728586,-0.0067535376,-0.0051698096,-0.0061062737,-0.0018880785,-0.0118497426,0.0039094022,0.0025760665,-0.0054532347,-0.0010436376,-0.0060161384,0.0034947883,-0.0065795225,-0.0033172147,-0.0047336938,0.001457753,-0.0013049857,-0.0031590994,-0.0059787749,-0.0031864538,0.2238039436,-0.0000007296,-0.0000005717,0.000000615,0.0000011786,0.0000002315,-0.0000008609,-0.0000017114,-0.0000003883,0.0000000829,0.000000085,0.0000004036,-0.0000000027,-0.0000005623,0.0000010881,0.0000002264,0.0000015245,-0.0000007653,0.0000016909,0.0000020449,0.000000793,0.0000028527,-0.0000016691,-0.0000015705,-0.0000012757,0.0000009253,0.0000011537,-0.0000007941,-0.000002059,-0.0000006884,-0.0000016774,-0.0000009371,-0.0000010301,0.0000473393,-0.0014028412,0.0078602488,0.0002638889,-0.0044572903,-0.0045961878,0.0027776763,-0.0048262237,-0.0047646381,0.0026638827,0.0018100852,-0.0078915711,0.0036366706,0.0045093504,-0.0076071358,0.0044908329,-0.0141968639,0.0123298565,0.0100942584,-0.0064799971,0.0011745392,-0.0017215794,-0.0120771717,-0.0012303863,-0.007790485,-0.0080470833,-0.0073911783,0.0107397489,-0.0011474677,-0.001485345,-0.0048143471,0.0026780143,0.0044812684,0.0924673964,0.0001596879,-0.0015735673,-0.0000687105,0.0037017508,0.0046880291,-0.0043622854,-0.0093926029,0.0064356401,-0.0002492222,-0.0087993289,0.0025126981,0.0003678669,-0.0015069011,0.0001718982,0.0035773945,0.0054404812,-0.0056236259,0.0000180249,-0.0020039511,-0.0003159158,-0.0066353239,-0.0006932027,0.0024040192,-0.0050591988,-0.0057550567,0.0010396371,0.0070063895,0.0027567503,-0.0056647176,0.003288566,-0.0025994511,-0.0033947107,0.1096816103,-0.0010650102,0.0002506798,-0.0066424167,0.0006811358,-0.0094032331,-0.0066714616,0.0049515458,-0.0021414001,0.0028183043,-0.0011353252,-0.0029510134,0.0043312535,0.0009934945,0.0085483295,-0.0018560598,-0.0062018202,-0.0010022176,-0.0042716445,-0.0043856181,-0.0051221777,0.000403652,-0.007069076,0.001279795,0.0011057758,-0.0001649245,0.0008307348,0.005074909,-0.0029326467,0.0009397256,-0.0015299282,-0.0004089649,-0.0024065781,0.100647775,0.0038902811,-0.0026518214,0.0013692551,-0.0060805395,-0.0003492097,0.0012346444,-0.0079823819,-0.0080240621,-0.0000186453,-0.0058766093,0.0037666285,0.001000739,-0.0006005798,-0.0077680195,-0.0018312354,0.001201735,-0.0022949176,0.0016479634,-0.0055030655,-0.0034963914,0.0055026024,-0.0033763676,0.0021679618,0.000654909,-0.0023036551,0.0012076622,-0.0025305408,-0.0018714777,0.0075411709,-0.0074548704,-0.0008859409,0.0061320843,0.065815506,0.0011175056,0.0009850915,-0.012315249,-0.0013213714,-0.003801793,0.0015440832,-0.0038489421,0.0004657216,-0.0008096799,0.0025867201,0.0020879532,-0.0045787069,0.0028066488,-0.0019621835,-0.0008186241,-0.0036475405,0.000586181,0.0061397682,-0.0011340154,0.0017422774,-0.0036616995,0.0042857367,0.0078407524,-0.0009267641,-0.0045812695,-0.0056355185,-0.0077960467,0.0009847349,0.0088193068,0.0093425517,0.0061559361,-0.0059163245,0.0292650762,0.000078125,0.0005584966,0.0044199984,-0.0022482668,0.0047099891,0.0036491267,-0.0039510165,0.0012402605,0.0008854864,0.0032704228,-0.0057879583,0.0016454038,0.0002320197,0.0022167161,-0.0020381653,-0.00251349,0.0044411081,0.0011950637,0.000935245,-0.0014195183,-0.0006863195,0.000625635,-0.0009008714,0.0066391082,0.0038067448,0.0085549266,0.0025421567,0.0051048223,0.0021344172,0.0042851861,-0.000883941,-0.003991273,-0.0111998265,0.0005446286,0.0034817697,0.006106191,-0.0043958895,0.0030016608,-0.0028849259,0.0030263465,-0.0049668375,-0.0032311043,-0.0049833928,-0.0057880565,-0.0029751594,0.0077972421,-0.0026516743,0.0026231097,-0.0029922902,0.0017392894,-0.0024489059,0.0032654468,-0.0062643835,-0.0046009235,-0.0004892479,0.003642128,-0.00418133,0.0057870131,0.0025079459,-0.0023870141,0.0007827268,-0.0014783147,-0.0011933141,-0.0063529729,-0.0024470779,0.0474003339,-0.0068338384,-0.0033728348,0.0001885624,-0.0063821918,-0.0058003891,0.0010764749,-0.0075038295,0.0030401269,0.0020405565,0.0082237188,-0.0027081748,-0.0006878179,0.0026224063,0.0092220653,-0.0085101841,-0.0065701619,0.003855825,0.0017270795,0.0053199733,-0.0132736243,-0.0044709451,0.0011841908,-0.0009402438,0.0045297285,-0.0055719008,0.0150546788,-0.0065980268,-0.0036781758,0.0018313074,0.0062562336,0.0038325016,-0.0028575042,0.0676485775,-0.0033243779,0.0097349931,-0.0013756013,0.0034792394,0.0015578014,0.0029695881,0.0000565258,-0.0026549614,0.006852333,-0.0006804088,-0.0081722867,0.0042010455,-0.0046140589,0.006511627,-0.0039784111,0.0177849941,0.0023494924,-0.0054873447,-0.0004104193,-0.0034602161,-0.0000058098,0.0025619834,-0.0058369431,0.012208061,0.0084663443,-0.0006395192,0.0036268926,0.0030468401,0.0008543002,0.0048685415,0.0000788632,-0.0088298841,0.2485071896,-0.0052521512,0.002678765,0.0014408779,-0.0001101624,-0.0042872705,0.0017887406,0.0022451147,0.0050981314,0.0026347351,0.0037059714,0.0063580444,-0.0026081091,0.0011924255,-0.0025022283,0.0028112304,-0.0060426119,-0.0028018564,0.0047965401,-0.0038256378,0.003523468,0.0005556778,0.0010956692,-0.010031526,-0.005883963,0.0095893643,-0.0016111272,-0.0003570173,-0.0053983318,0.0038226278,0.0056575996,-0.0031809968,0.0055635203,0.1100172124,-0.0046543163,0.0046181791,-0.0002790456,-0.0011119634,-0.0010367621,-0.0037504351,-0.0008392659,0.0029721696,0.0001063125,0.0041017922,0.0019105054,-0.0052730497,0.0002386484,-0.001606419,-0.0012141017,-0.0054298627,0.0028939718,0.0018082928,-0.0030331921,0.0004360747,0.0012251961,-0.0007734143,-0.0053790675,-0.0026792367,0.0054437533,-0.0038335961,0.0008762326,-0.00142215,0.0004314093,0.0043113785,-0.0063230638,0.0025260086,0.092950336,-0.0007926753,0.0005111846,0.0056682807,0.0067093522,0.0044125557,-0.0015557389,-0.0124358523,0.005298404,-0.0040464529,0.0121448981,-0.0029984713,0.0079403546,0.0046561989,-0.0048895049,-0.0065232617,0.0052520224,0.0007535,-0.0078968663,-0.0013830381,-0.0003127412,0.0007857637,0.0033873656,0.0005026923,0.0073523163,0.0133261242,0.0015039291,0.0000462954,0.0019106024,0.0038020656,-0.0038062664,0.0055532261,-0.0022215715,0.0675162199,0.0067435912,0.0063654224,-0.0001909978,0.0054296353,0.0109708364,-0.0042802121,0.0057593458,-0.0026955541,-0.0041191582,-0.003657275,0.0039160562,-0.0103618845,0.001879112,0.000070569,-0.0037627052,-0.0089911956,0.0006989739,0.0005974673,0.0061063651,0.0001808354,0.0008266785,-0.0043828811,-0.0013420441,-0.001914784,0.0061103404,0.0072325593,-0.0044973103,0.0049193447,-0.001484041,-0.006638486,0.0028673424,-0.0043000336,0.0903226226,0.0138041038,-0.0052914068,-0.0017432934,0.0039238285,0.0083122621,0.0029596859,-0.0015947877,-0.0037960632,-0.001106777,-0.0077278226,0.014932398,-0.0031211161,-0.0031817519,-0.0074053491,0.0010978201,-0.0035382062,-0.0104715868,0.0086424808,0.0023597624,0.0020822045,-0.0000213666,-0.0076567536,-0.010639757,-0.0048320594,0.0021799322,0.0071052972,-0.0038863101,0.0015511714,0.0101111807,-0.0098371128,-0.0027917233,0.0040191291,0.2083429476,0.0007085401,0.0037984793,0.0030876849,-0.0041369922,-0.0030528882,-0.0032520046,0.0024680899,0.004690903,-0.004335256,0.0016625387,-0.0153605115,0.0096137347,-0.0029146095,-0.0017527864,-0.0074724814,-0.0011989151,-0.0000317452,0.002365128,0.0002294666,0.0051891182,0.0096397677,0.0031493322,0.010396749,-0.0200139247,0.0026354869,0.0017202218,-0.003132182,0.0053567617,0.0015479017,-0.009625039,0.0071109718,-0.0029137675,0.2747474503,0.0116128879,-0.0021657324,-0.0107973068,0.000149442,0.0076498508,0.001061942,-0.0004641239,0.0129824317,0.0019639377,-0.0038880902,0.0021033029,-0.0031382225,0.0107056846,-0.001349733,-0.0061107174,-0.0017678494,0.0043971683,-0.0019161276,0.0014032466,-0.0026410362,0.0003329376,-0.0010974735,-0.0122026739,0.0061067986,-0.0042114395,-0.0088820856,-0.0110183297,-0.0017636184,-0.0099346041,-0.002263373,0.0094773082,0.002096883,0.0982003556,-0.0030643758,-0.0059546679,0.0055435263,-0.0057529189,0.0112900435,0.0026727196,0.0123062165,0.0061655095,-0.0015240192,0.0084377818,-0.0020416707,0.0079899733,-0.0076053804,0.001970936,0.001950132,-0.0000940689,-0.007347916,0.0012796125,-0.0057689038,0.0003047269,0.0048170942,-0.0050216143,0.0025172261,0.0006245244,-0.0023463944,-0.0030313944,-0.003819943,0.0011584056,-0.0045180599,-0.0017255648,0.0055810882,0.0029622276,0.0903062065,-0.0018608935,-0.0003528329,-0.0073914062,0.0103774211,0.0086668619,0.0023502499,-0.0044109531,-0.0022057004,-0.0066277616,-0.001734892,0.002815662,0.0056610793,0.0006165019,0.0039075219,0.0031705156,0.0042907988,0.0094576749,-0.0049561227,-0.0029732597,0.0065371167,0.0023536995,-0.0021472379,0.0008501375,-0.0068114647,0.0020568325,0.0013246392,-0.0086887798,-0.0005176874,0.0077467909,-0.0030876789,0.0069233588,-0.0052710021,0.1048829626,-0.000000567,0.0000001795,-0.0000001439,-0.0000007625,-0.0000003233,-0.0000031756,-0.0000003037,-0.0000001497,0.000002816,-0.0000010166,0.0000023025,-0.0000037229,0.0000010188,0.0000008752,-0.0000014859,-0.0000004114,-0.0000006826,0.0000019498,-0.0000006398,0.0000014415,0.0000016059,-0.0000015747,-0.0000014481,-0.0000004777,0.0000002466,-0.0000000873,-0.0000002948,-0.0000012691,-0.0000001329,-0.000000879,-0.0000008427,-0.0000003463,0.0000335786,0.0091303542,0.0076474133,-0.0040774691,-0.0072003346,-0.0039954349,-0.0023868413,0.0042813288,-0.0010416187,0.001138581,0.0009551531,-0.0034528811,0.0025704661,0.0098890748,-0.0087585747,0.0066965782,0.0022873897,0.0023883291,0.0059476138,-0.0026323016,0.0041226632,-0.0013258207,0.0062240441,-0.0057376329,0.0093030759,-0.0079010134,-0.0027770601,0.005032407,-0.0000592598,-0.0067090533,0.0018122452,0.0017383491,0.0007214265,0.0386065193,0.0034599179,-0.0110271837,0.0019161952,0.007872459,-0.0051174397,-0.0038330013,-0.0051630418,-0.001427017,0.0033831586,0.0019138145,0.0046647926,-0.0009164258,-0.0023863113,-0.0002178922,-0.0008768047,-0.0013259858,0.0040795323,-0.0076259346,0.0062524387,0.0059140973,0.0061102237,0.0044175474,0.0015355751,0.0028463371,0.0041557222,-0.0114577193,0.0017097,0.0055027522,0.0019908581,-0.0003455814,0.0077009404,0.0045900007,0.0911516255,0.0104986625,-0.0004887139,-0.0067202919,-0.001612109,0.0057370492,0.001219011,-0.00168948,-0.0070605953,0.0008240988,0.0024875308,-0.0045408298,-0.0026244802,0.0040913582,-0.0069768949,0.003915517,-0.0108250781,-0.0013515018,0.0071632613,0.0011846447,0.0030061085,0.001119506,-0.0007090746,0.0062217191,0.0088591475,-0.0042124155,0.0073863496,0.0087751033,-0.0071333246,-0.0079134659,-0.0137744441,-0.008848353,0.0015558933,0.0466816285,0.0003292273,0.0119590439,0.0093595167,-0.0007278877,-0.0058392312,0.0008357418,-0.0036502651,0.0067067012,0.0017420626,-0.0052758516,0.0058155206,0.0020214886,0.0012876342,0.0018666251,0.0062989902,0.0021153049,-0.0109051886,-0.0025740255,0.0013957086,-0.0034995535,-0.0016047789,0.0053909179,0.0011767197,-0.0068927844,0.0020161389,0.0083498206,-0.0032324486,-0.0087953468,-0.0056291461,0.0049831616,0.0059275607,0.0030986471,0.1023270869,0.0044813436,-0.0035815762,0.0004143204,-0.003939038,0.0035645102,-0.0030716707,0.0055428217,0.0014728589,0.0001166339,0.0012636645,-0.0005731116,0.0027145699,-0.0039914595,0.0037147072,-0.00342701,-0.0004275875,-0.0024678216,0.0035929292,-0.0041475722,0.0015809885,0.0009146462,0.0032635862,-0.0002411003,-0.0056937756,0.0032936358,-0.0012164829,-0.0012411258,-0.0027456462,-0.0023063849,-0.0004429792,0.0010540164,0.0014437612,0.0403824062,-0.0063861926,-0.0059633461,0.0056879711,-0.0020358008,0.0055746728,0.0048454312,0.0062924104,-0.0031791945,-0.0059465829,0.0010852434,-0.0039247429,0.001440977,0.000900576,-0.0029361595,0.0041299776,0.002237158,-0.0003894184,-0.0048087861,0.0005936251,0.0017631883,-0.0060207637,-0.0067238811,0.0023305766,0.0046543183,0.000147409,-0.0011236951,-0.0055260353,-0.0036294063,-0.0019540291,0.0019869408,-0.0102171707,0.0013973222,0.0868414343,0.0018277294,0.0059534668,0.0054420202,0.0012650088,-0.0073223784,0.0014900563,-0.0014307384,0.0027756422,-0.0015603056,0.0058550731,-0.0007800139,0.0005750645,-0.0029039631,0.0041539546,-0.0019752886,0.0095463062,0.0020253995,-0.003670213,0.0003558661,-0.0031748483,-0.0006741092,0.0024812895,0.0043818325,-0.0050267442,-0.0040088679,0.0093798082,-0.0037439176,-0.0038698242,-0.0005354845,-0.002067932,-0.0048693191,0.0072733709,0.0802209493,0.0026891611,-0.0028955925,-0.0016406259,0.0033011296,0.0041952403,-0.0042429978,-0.0057564584,0.0006163947,0.0007538198,-0.0011788368,0.0004010708,0.0010069777,-0.0010027066,0.0001159076,0.0022866549,0.0044728448,-0.0034004722,0.0008202027,0.0020956144,-0.0019481141,-0.0054602124,-0.0024144161,-0.0029000365,-0.0035689622,-0.0041522208,0.0014037719,0.002962756,0.0057717982,-0.0008360635,0.0022659862,-0.0044644251,-0.0002624058,0.0626325792,-0.0113441622,0.0123407305,0.0116890438,-0.0027292717,0.0024518369,0.0021999548,-0.0026032589,0.0067019668,0.0038294159,0.0001468393,-0.005697384,-0.0033379457,-0.0075720332,-0.0029855539,0.0033453036,0.0026211824,-0.0079984288,-0.015025416,0.0010665422,-0.0031117457,0.001981941,-0.0024825243,0.0027398425,0.0020131334,-0.0110930632,0.0036521152,-0.0052200384,0.0019780441,-0.0140093588,0.0019823021,0.0094180732,-0.0033538265,0.2089387733,-0.0018277523,-0.000548839,-0.0025371781,-0.0006592022,-0.0014926585,0.0057524189,-0.0034785202,-0.0013562978,-0.0049347268,0.0038922148,0.0032844713,-0.0186080181,-0.0001791503,-0.0074466412,-0.0095627227,-0.0082388958,-0.0031352663,0.0152980288,0.0000283167,-0.0065721725,-0.0026925018,-0.0092251899,-0.0022147802,-0.0004493783,0.0052747635,-0.0047827745,-0.0004864225,-0.0030527847,0.0049710965,0.0011973139,0.0018281087,0.0034559377,0.1117563614,0.004180917,0.0017750454,0.0000285818,-0.0043210015,-0.0020101351,0.0000894419,0.0047190213,0.0059164904,-0.007977211,-0.0032260212,0.0076487425,-0.0070686959,-0.0005860619,0.0070673151,0.0046621991,0.0020145862,0.0074654781,-0.0019600484,-0.0016736445,0.010825258,0.0013121985,0.0069820204,-0.0012756019,0.0021619045,0.0008297265,0.0023130828,-0.0022122477,0.014919529,0.0110036644,0.0001293637,0.0001952515,0.0010661616,0.14173885,-0.0033120563,-0.0089113159,0.0050476009,0.0045670718,0.0092603847,0.0048899511,0.0022827342,-0.0078867706,0.0017887309,0.0053176703,0.0005279631,-0.0027894479,0.0005334267,0.0038358508,0.0061661638,0.0052159553,-0.0046032036,-0.0052960193,0.0007039207,0.0024647435,0.0061821304,-0.0035876251,0.0026071487,0.0045337586,-0.0072481083,-0.002200881,0.0007587335,0.0002196288,0.0003044204,0.0073929465,0.0054461997,0.0085270906,0.0200658064,0.0060781184,-0.0001293429,0.0003330496,-0.0022516399,0.0041037996,-0.0019209389,-0.0008489153,-0.006082973,-0.0008651796,-0.0011037904,-0.0028976518,0.0013359322,0.0071272399,0.0046248029,0.0053454828,0.0007000908,0.0006473775,-0.0000740999,0.0094115348,0.0031384427,0.0089851669,0.0033825006,-0.0023047084,-0.0007027698,-0.0092740821,-0.0056473669,0.0112098472,-0.0062931784,-0.0014187548,0.0036380234,0.0039065529,0.004804966,0.0081045168,0.0002134884,0.0090957295,-0.0003243831,-0.0012216473,-0.0018216558,-0.0039352786,-0.0053629147,0.0043124511,0.0112835074,-0.0003059638,-0.0095011771,-0.0030816994,-0.0075062044,0.0002027679,-0.0084412297,-0.0116298028,0.0043603718,-0.0070896808,-0.006970612,0.0007336175,0.0119639836,0.0010485283,-0.0055801435,0.0134085955,0.0034421571,-0.0002316863,-0.0006067766,-0.0010963492,0.004059643,0.0040116292,-0.0139930261,-0.004445731,0.2741323363,-0.0096778183,0.0005583514,0.0063364489,0.0007850196,0.0017812098,0.0076950828,0.003031177,0.0112929412,-0.003873337,-0.0022979201,0.0103641468,0.0092084373,0.0017529624,-0.0034549375,0.0110566935,0.007457579,-0.0050572079,-0.0000154981,-0.0041775645,0.0031200665,0.0041285219,0.0029131453,0.0039950054,-0.0082615304,0.0050835667,-0.0007250713,0.0062066347,-0.0092926312,-0.0003872194,0.0001296733,0.010369046,-0.0088637438,0.1522605969,-5725.6171232607,7.992382237,-0.2193160294,0.6845234776,1525.6345595851,-0.716857221,1088.3974621382,-0.1004791344,-30378.3157393277,-7199.2480422044,-0.0441442891,9759.1744303638,-3972.7834251651,-0.3114438027,-1.223665834,-0.8732012835,0.1729984693,-1878.2718750781,-30377.3261634049,-201.204122562,31028.0481349824,-1.4875976155,-0.0573321421,2555.9853220071,-0.5238397139,-0.2152238559,-2862.3636432185,6243.6177598847,-0.8270317363,0.6219078669,-3345.2669141993,-1688.8147414287,0.4604024345,-903.0945299412,0.0367198145,-3643.5019026256,0.5200454351,24489.1843099707,2756.2391786297,-11378.4096936873,1036.4863568756,17009.7959787106,0.9617264831,15525.3367696613,-0.0908106962,-0.5792097144,1852.8008790113,11992.0349756131,-2639.3970704707,0.2643136766,0.1979991053,476.4550079206,11146.6099891338,1565.3322590918,-18276.3511556059,3663.5173445703,5308.5929290242,491.9916377621,-4114.7923210694,1033.0073304311,6270.6691664502,2078.070398413,1215.4956238698,-3819.3851644258,17342.6412655703,-7004.5053497491,109.0537938251,6089.1413994035,7540.3465002328,-17.7648224135,6058.2704034306,-1239.3392681821,7018.6458751989,-12.6333819957,-4123.4431794989,613.7792403688,-111.6104454662,-1.6095393395,-2476.8612075691,1261.1128331392,-1693.4300491583,-17505.5340991009,5285.471629339,-5005.0386362639,-8630.2484584982,-26276.6039433678,-199.9864563993,-30033.9009478698,0.3074332786,-0.1514962658,1717.9930608682,9020.5992209436,-42.920939817,0.7547075218,29323.0475031126,65498.2627699768,-5.0463590807,-2378.1000079058,0.389254639,891.0227937775,-580.0572481326,9019.6911546629,14480.2487824452,20479.6083521711,-0.9172842501,5287.5577007556,0.5056154496,-2000.4850000576,0.7355381662,-0.3012720911,214.1995677362,0.1164942626,0.9029670277,2.1254089973,-2360.1256262657,0.241241987,7320.0300561433,-0.3004090028,508.0423724074,-0.287069119,-34537.3653131274,0.1147461094,-13901.4114689286,-0.5472036692,-30677.1956912086,-46413.4444732399,-2635.5259793922,3391.8430293326,-842.7487043567,-18.7247555559,31731.550237569,-8.479473809,0.0521705942,0.7825281404,-16962.3111188424,11005.6471532656,-5240.1538956863,32.5884475947,1275.1154231438,-2566.256969804,810.5960810287,-0.1062725535,-4034.4602628528,-1350.6653574276,1508.5141727271,-6618.4958956297,1782.1632785598,2866.5427615731,11424.2524031196,7.959710235,2831.9150101919,7052.2289584697,-1222.540694712,-10286.6883861023,11951.1700206575,-6952.5679891919,1325.8378231583,-3965.5197724683,-2037.5938714907,-203.0717909305,-1988.8218408817,15276.5055231705,-1698.0555996415,-955.9280461856,-3716.12754049,-3017.7893837058,992.072668182,1.0698722726,8108.1258489446,-1343.8859647216,-0.4445509505,4306.2380740477,5976.6839578841,0.2865270242,1.6913251919,1412.5121622734,0.516116852,2952.448583964,22346.4518841771,-5453.4387254228,-2981.6678851983,-0.9873589871,6656.3589475532,-0.2207928427,0.813064713,-25.2903624258,-40179.8501237649,-6908.3545707069,-5928.1875932923,0.4228837511,1.0795231571,11613.5042841952,9510.3928839235,-22238.6304547651,-0.6215658406,2059.0051248836,-0.4124182714,-295.8654853763,0.5501987176,5503.2143413115,0.9196225941,10175.4866661096,1.0520388912,-22464.5252168631,0.4054155437,-0.1040665586,-0.9670908763,-2158.464404462,-1.1131536752,-1182.2490973841,-0.0676451539,113.3220831775,-3174.4568461189,10771.6952729116,-2480.9159403909,16705.1677045127,-1.2692884201,-1769.4092276545,-1539.8756787449,10474.4562747705,-195.1794313315,791.0426921729,11159.4682195546,-524.0976748669,-48.261256218,-488.3257268137,5511.9123854284,-934.0557880671,2473.2762155055,419.1106570586,-5843.4918586644,3958.5305850031,-9713.5639362442,-4789.2019645216,-7518.5776961923,-1064.9769247163,-600.9209262066,-4748.0658191551,10966.3446578102,-5942.9840429689,540.9006389515,-1001.1278682474,6420.0629661084,12846.7651389493,-18388.522878839,-3699.2521848445,22131.7735782616,-9781.906719648,-2304.7663108089,38626.5809385979,-2483.5307748654,16892.7636573825,11280.1772780321,-4571.3820866295,-1626.3458994113,-6567.4486814329,6950.6773721827,-1276.6457346423,-4.6849038987,-0.462443698,2470.8783511718,-13806.3918029829,-2115.2571531848,10.1329410691,-0.28742724,8573.0308388746,-4526.4902198706,-1276.0754672778,0.794568985,0.0412579316,-5844.9553567303,-0.4780064318,-213.0779860767,-0.2306263053,0.166201245,171.1164813098,-0.2182231498,-2789.4673007426,-9057.9999294625,862.1431605316,14.0398696395,-3201.2867154029,4755.8870809502,-0.3340868767,-6955.1999823201,0.868150682,1.3387455112,5296.7196484056,29.4988649377,-0.1671356413,47174.1752188956,-35670.9828211067,17317.5410639138,-0.7497290623,5820.0606906239,-2.1743442666,518.6474707916,4109.7665258235,-10469.394920691,1169.1411045943,-162.0877888257,-1960.0921536961,2783.9572075971,4479.3573171408,-2182.5794554515,-415.8643659084,3410.1675696402,3742.335917286,977.5717778678,-1095.9529840773,41.9206113526,-7551.9999768193,9053.3013062973,-2919.4965458736,1430.7107563197,-618.8169965506,2950.767869788,-8643.9530654335,-9665.239380564,8458.9579755885,1586.182713588,-12434.7998045782,-32.3016198054,6877.9743150755,-6321.5806504208,-17019.0687209613,-1578.8900572681,-6774.8022109715,69.1292556395,-3054.2238304773,4533.3386127206,-1732.2576725357,-13492.4094542991,-8349.6622311739,181.6754239777,-1017.3396123716,-35699.7301845445,-3637.7768571969,-272.323735826,0.233612428,-25.2585599732,-8309.3842624987,0.6485574459,6645.5743841034,-15798.5483234619,9463.6430166962,19166.5697812417,-0.7293949815,-2318.1294894273,-1424.4001731589,-25.7576434862,-1.7796328168,39544.4343701506,-0.7341992143,-27196.5094110092,6577.931543198,-284.8897052656,-0.2611994008,1.1019360089,-52.7511644254,19731.0206023697,0.3972841447,-18181.4843354838,-3598.8199522765,-0.5518873976,43876.858134375,0.6532330528,-3979.6109767509,-1215.272964498,564.1228653818,1956.0625909981,-62151.1805881147,230.0229374734,257.6080585792,1640.7760737409,10626.1310655281,-4116.1518864114,599.0712006769,18123.5995126118,-19061.4803288966,2233.5853649715,-729.0365110122,1.1075286958,-7419.8071731167,2693.719398083,10518.0158088722,3787.713987241,-13002.7852303691,5914.8665355009,-10.7042494872,0.7096384357,-3736.5635833205,10616.6423696917,40.510702771,1761.7161274672,2002.1170482054,-6261.7688014156,12854.9966308338
   1880.2437351217,5297.2815556607,797.3226144078,17741.3331484778,-11624.8925489636,-5416.7629786403,-2051.2583163226,-1.0051491894,5883.8691193835,-2161.0082767577,-2610.7636047835,2294.8413524665,-571.6581054329,8.0496583706,-6.7129903781,7.5990668348,1537.6153857357,-9072.0219762952,-24.2945683376,-14148.2103718224,1.1336399897,-1.7198735779,0.6608485212,-39.3065622823,-1.0303885204,-0.5442200919,273.9565414137,-0.0040710938,-40125.6934106806,-8081.3139465423,17359.5728161722,88.6521121344,-0.2944781946,0.6666121196,1.0759103478,0.7450385285,5553.2084367594,-135.4129430909,-0.318008221,-7271.4961377096,0.5072321038,-550.7524064305,6775.7988215811,-1703.0447069127,-0.693424648,0.3003547104,11350.4691863836,0.7142622939,260.1873970406,111.764948333,14165.4150723166,0.9442255708,1631.8358481212,5857.5679333003,-326.7924434697,1.1212293843,-34169.5856751956,-0.1908534906,-21537.229705943,0.7861206431,-0.0733105946,0.6832722583,0.6072049598,1054.8381878499,296.636421495,0.162623587,40574.1481385951,1.2624691156,-6943.5571748696,11718.4690306085,6470.7104997901,0.584938953,257.3040957526,6808.5211034955,-4537.4266784094,994.2863263758,2584.0582690153,-4152.4742948705,1864.7723424755,-13319.486636441,4508.0306210462,9256.0033210939,4640.4070241178,-2432.635321809,675.6960088737,6611.6471441444,-2463.0781464607,31.1007377574,8610.1835658878,-16255.3960530759,29345.0125884462,2599.1245342222,10943.069047236,7591.4312241836,-11756.9381112881,5038.6734086746,-15620.3183871286,-11839.9340870081,-14180.8515419695,-4086.1604046493,-5526.1499573675,61.8278987863,-865.5318791425,-0.4432662206,10700.4794358567,-2796.5227421003,33940.7374979172,1395.7631133847,23.44943776,-0.2615345631,0.906123046,-15694.2999386878,-165.6692026157,1691.3254662011,0.1358737566,0.5467757141,-3210.5947276674,-27526.8417307485,23.3914361906,-5959.5106131561,0.3837371889,-54067.5003849169,262.4200005495,-22.8756550245,-2352.9435537538,-2440.7448809445,-0.168831389,-5986.8332800857,34129.7396459076,0.9196341864,-0.0784728669,6125.5404709564,7626.114302481,14097.3527516117,0.1782137207,4978.7134424876,1733.5695410298,-2549.3365896905,-34321.274816682,16208.0046493666,-0.7682862928,-42.6285253159,2134.6272926588,-826.3701336588,0.34301595,187.4951905078,2081.7664129743,-3867.191446461,-806.755149115,-7651.9998909763,0.3916395359,-11176.0526215662,290.5283404126,1271.4189684946,-1003.350165925,7762.2944672227,8484.3266957761,-2675.0858905515,-4912.0913458126,5784.6658291759,-8226.912199209,5803.5655588262,1543.2060511011,-63.7624687196,-8783.1591545522,3444.7967148805,2633.9141865354,1476.3306965271,1246.6796653132,257.4181219902,-6091.7507018279,-9158.0423361489,11456.814316133,-310.318156089,-4583.97651767,-1962.0942232794,-5713.7483566513,-10800.6112388465,-2352.2208893639,18095.6391105618,-1909.3732941527,9208.8731390692,-270.9407431504,-18.6004476525,5693.6197208871,-2979.2351848517,9714.1634570791,1.2839856085,158.1599111284,11385.24342092,8707.802616875,27207.0064198547,-6130.4886722852,0.3025643944,-370.9582693808,-467.1114976463,0.8230065297,-17568.0927714498,0.4410006367,7611.5037668705,32.5057668237,27207.0583755237,-0.7824430161,-2678.8941638579,-0.6223705296,-1.2329206547,0.0705968753,-3882.6251880989,-1699.3261089455,28531.1588617796,-6500.9260013959,-0.4679375076,0.4137573116,-10.6786564,-6806.7049549527,884.1758101694,-2.2124625166,0.6211414331,3024.6667317236,-25.459580626,5160.0671262904,-2756.9967567612,-14510.5656523405,0.0728247167,0.3259945876,6.0162885285,-3.6088749509,-468.1956444667,1.816290403,-0.7711810079,-4829.2770577721,-0.6062203256,2339.3058360484,1.2666694779,13705.0968533864,-5124.478681482,-2582.1586570798,1236.1163975545,5307.4721754254,-5588.1738370373,-10466.4641343266,13076.8668538701,5434.0191954758,-7257.6161960455,-3553.9943296976,14398.5320158072,-2917.2201492105,1746.7452792812,-1463.5727515473,-478.9436788661,2382.3437504803,8362.5371572294,3069.2950514505,10723.0744886656,-5637.0166157646,2235.0951161179,5905.8254838811,4175.0450998482,-4768.7978051842,3070.9826201584,-3715.576086004,-8888.659912518,5445.5440421824,-13415.682802159,-5816.865906543,-6732.7281035615,-38683.4191448931,12939.5040828432,-2436.4990657501,-33.5142928602,-11.2104795535,4255.8697223079,-4858.1882787774,-1118.3424207006,-1.2146375803,-1.0506124401,-0.6247371739,-0.3754312006,-1497.7144042681,-25750.0708027855,0.7435984247,0.1939216863,0.5842715814,1.0885823465,0.5034317235,-130.4504048807,-0.5554324036,2.2734449229,25045.393146553,-0.9829737668,-1.0029849747,0.0892345556,-383.0245287622,6460.8585172339,7737.8448636001,-0.1699255299,1.6052640521,-1216.1415255945,-0.0876673125,-36664.1951435567,0.3660291511,-8845.5135602859,-3.2596041798,0.5810226379,11526.3349006099,-2981.5897776819,-6390.6809580703,-8494.9436229422,-0.2391999909,2594.2687103001,1686.0697017234,-27924.805227155,-14115.4747541779,-1076.2847879711,-0.840187581,-0.2155173686,-0.327628425,192.0352397428,6959.4985946698,-2420.8815745223,1028.2164842977,-7723.2277219368,-4307.8878715443,0.0479242363,-517.3497386913,733.0876587175,-16569.6885207496,-159.8401432321,11647.4835251645,-1578.7105524876,-3874.9676529385,18742.4425022355,-9087.8312410204,7190.0582692301,49.6166845042,2984.3869055363,-961.1501936511,-14667.2415061535,11371.0222049494,1944.820004284,4813.1143019812,2965.9470122667,-6854.1059639507,145.5437597718,10196.1095297975,6361.2612838602,-15595.1987728832,-7258.8547244987,6159.5680471356,7537.1269840997,0.5440204932,-3528.0840201255,1.0541491136,0.0232155922,522.9592172307,-38366.7034723558,5.5486651676,30791.7358395163,-39.2326702465,-0.9170778413,-5425.6613128641,20096.721749127,-10626.3805576359,-0.9515187421,0.4562078663,-1201.989079711,976.7860960749,30791.9071606436,625.7810787052,-3927.3450452179,-0.3271241453,-6626.9043782176,-0.3678370364,-0.4924083598,-42385.4372267038,-49292.7935525962,79.6576511712,7085.7287646723,-1.2066801477,-1238.2617600872,1996.3669887406,-1275.0022105119,3843.589720949,-0.9142473823,-9932.6965491484,1.405895309,29310.1838587416,-1.8003774447,-1.0016659682,-7105.6349750956,1717.5492250341,0.3794302271,-0.5538316307,-1368.4951173645,31655.0566887174,-1.144495992,22254.8218717854,0.7132562731,1474.0787047209,-0.0684993071,7010.8720362696,-5019.8123163731,-931.9900468526,460.5878790971,97.3356223677,172.266869172,-2694.9787667693,1.4664511721,12657.244258928,7504.1499774695,8005.1428790454,-16.0726434687,17494.7219296658,4327.1648167323,10475.2098035695,3477.9022847967,-3945.7108306778,2504.6949834861,8897.5514761898,-6820.6600637195,-2315.2989573234,-9724.3822613854,-9812.7799007644,-358.4886415236,0.0289712293,13717.7866852047,3733.9973410321,-2515.6760778874,15362.6721511474,989.9127194693,-7517.9128685092,8928.1666639804,-34936.3510647488,12677.9006696052,-8615.5613059284,-0.8760382509,-2030.623490792,-37532.7605603297,-0.1526487581,0.6837149145,-1895.4171163873,-2.7231931396,0.7352857216,4826.412716549,1607.2815034328,4.1325155447,968.2822606418,0.1834482187,15731.3838827388,-2.162685893,-1895.0245803537,1357.5634715889,-4389.1144605131,1.0973335286,-11418.442361234,0.3112762964,124.2038831999,20042.8092677028,11184.7863295772,-0.0408149368,-3857.2253116152,276.5157429506,-1.3193140473,-3276.3050887816,15077.5660293631,1.734714979,0.8295094472,-11750.4823337463,-0.4986515376,1649.2131040582,0.0361806046,-19639.9125017438,9622.0294928149,1.3576814356,16352.6302825859,78.8652714571,-54.1163140806,0.1372399418,1613.1694477405,-5194.8193930442,-0.5389797755,3426.7707193593,-0.1719415375,-2266.9535026257,5013.8509081599,-1543.1283284763,-4316.6804932012,42.793748353,2970.6774535219,-3281.3741762336,3256.0360290982,75.4886074296,7112.0883427027,6156.473955714,-5213.9641921031,2897.9524220298,-5428.4874485347,5823.186041638,-0.8908063552,-96.9340205884,-4917.1483594168,-3397.2720539424,-1439.974028738,2143.602714701,18752.4656320466,3854.9800680534,1.4851825207,62.9233438099,8.6726560071,8709.593733637,1587.5429369817,-164.6120153023,2639.169347033,-229.2667527699,563.9393176746,0.6165574496,9273.0348509304,3722.6273288923,6208.5179931405,-1568.0058306197,24908.5300344183,-7912.6645367981,-14651.8561732174,43.344345259,0.876923016,0.3244297457,-94.747730919,2630.9652659995,-7345.9636271592,-0.8234623165,0.6671783384,4456.6568462231,-5847.837892207,42.6063662985,-4479.6140480469,1769.8767044915,-1.4298285809,2.7359157074,12830.2326703331,-3393.5767321567,-19.4244168553,0.937014477,0.6179891871,16.1112108642,2.010116896,1423.5094380423,-387.4526953466,-6106.805262955,-0.6051941498,-0.9817528675,6125.2554147748,2.9571194405,-3500.0461802651,0.5354855571,11675.3326519619,-49557.2408061115,-13307.3604219506,-8844.1498308506,-1.3414526978,1792.5935748108,4522.0908394338,-52805.7112037891,-3051.5778300166,-15541.2971376209,1814.9649099265,-0.1480584385,7173.9149496057,7697.9331543447,11149.8538001982,6369.1748281142,5852.1250185895,11382.5990832416,5197.337326559,1640.1234221304,-178.115640454,-1008.4399845309,4495.7799834569,5195.4300463972,689.0545886303,-7335.917666218,4779.4094564307,-12.8265631553,-2.222419818,-654.2784971865,3603.0090687688,-12742.4867621583,7413.5931491212,11457.9452800553,-2645.7807167358,11164.8416669523,-14987.7028635333,3710.6920090335,4489.09006493,1709.8260935554,-5472.6832134929,-9.4977952802,2439.5256996025,-4686.7183869735,-0.1858406608,119.2394735643,1.8951678983,1518.7955497284,-0.9332850284,-8972.1925242252,18173.2129018088,-568.0456287736,-0.8855059005,-5759.4373136209,-0.657246317,1.5508555757,-1749.6022842518,31575.5767944558,-15530.144184908,-0.1869094441,-1915.8465874816,4871.5018373409,-0.3106236979,-2814.3507982427,34201.088991883,-3080.7682824903,-9159.9828417962,-3990.3462021243,6.69637547,1.5003279197,5568.5118242625,-1389.8050404356,-13485.3272307953,-22300.8360051589,0.0009833332,13508.0444298808,79.4843736428,-13955.2200797831,-0.3461573872,43529.8750671441,-6.5364749156,643.1796451557,-0.1315580728,18992.7512274881,-1771.2320179506,-0.8826018867,-2.7765095384,3535.7166677086,-2522.7004488077,507.6941000358,355.122462565,8424.005878648,3503.2907115352,-0.3521586184,0.3682846105,2.6278385882,-14216.3314235698,2458.1751863543,120.8183391022,-5549.9806602622,-5669.7887884169,-7631.7875456662,11965.9419806912,-18736.813638541,-17419.6900932665,11581.8838642495,13052.3558008783,1262.8200636084,2570.136759172,7530.4908137172,-975.416362004,-7670.4816279938,4574.7445665459,6399.3674307384,16887.1141668188,-9775.2918790733,-1030.8106718005,1989.3292440179,-22821.989987053,-0.3873332921,-14826.4331749724,-313.1398903696,4674.8704640758,8974.3540773934,-14877.2515024605,17692.4504535516,-1231.2900085371,-47834.3307994258,18871.98228183,1766.7744061981,0.5351723709,57121.3158150862,-1.0349969963,6640.3073020873,711.1147415851,-0.1352688809,-0.6044710699,0.4944381413,-5250.4233093806,-171.2483028614,-705.4945519763,-1691.6956561274,-0.4611965611,-12.1114966097,7674.3364222297,0.7807473519,8102.6841765763,8046.6848012686,-28670.4848022028,5467.5732207137,-0.3613684462,-0.2254760658,-2161.1013382614,2849.4669933493,-16677.0479994613,4906.9514647055,0.6540222711,1053.758403769,-1785.2382821215,0.6168104247,1.0953689526,-0.8452173863,-27241.407892642,0.0143070323,-2173.9771179509,-1.0443836432,48278.002673132,-16660.4820799102,-46000.8336783237,28064.4051926519,1.0292890521,1133.1857260967,-7131.060008548,606.2492537056,-38397.4718304846,0.8246113692,-10841.0256956245,0.6827918255,4021.4976534731,5421.2468195845,-6066.1045747164,-243.4131169059,1541.7592967513,9634.3065828644,-4724.5071146304,-1108.9920760034,-20185.0269331915,-2719.164056535,-10287.1068022112,-9447.8260376819,-586.1705208529,11899.9614190877,8795.3951156491,-808.370187988,-8778.7318551699,-2124.1232124435,-4896.0054700707,5431.2362546515,-3620.5384553487,1667.8094251043,901.4427684285,-8964.9675790538,6201.7047059335,-157.6960056842,-88.2950784156,-6731.5012106515,-1091.7299130037,6725.5730640486,4195.023997542,-721.8037993012,-38541.719213806,-182.5008361515,-8023.0951636783,1.0100985662,-0.1887335124,0.4171903188,-25.7526482477,-0.0568977726,-0.6032532769,-0.1235914237,-0.5803366982,0.3664209749,0.3995479578,304.5801155572,-6538.763141536,0.1300322942,1629.670566273,2705.9611965728,-0.419255824,-9865.1696481618,-765.8374324674,-1.046009767,0.9472862703,144.485526618,11497.460044742,-1280.2972699936,24462.4636060389,-10554.0280393506,-0.2081961355,-4917.3466586144,-711.2363508994,3601.609713544,0.3692925287,-0.0461988286,0.8305366957,8026.6856967618,-0.4792411062,-141.9017834424,-2373.6436720902,-25708.1770191354,-2.9033018367,1.4976061743,39516.2032101063,9540.760889755,0.4667501214,5315.1537453825,-6236.0096490021,-5640.8562684833,-47.2143434998,1.4538219231,-0.7806849562,-2566.2431449301,-8323.0939572867,-4631.3952826159,292.8618260728,9527.3558672207,-12158.8435477306,7530.3333117902,-10485.0996600492,515.7640368068,-3070.0715517294,-3026.4423200618,-7534.7890773931,23670.8552359802,-4851.4572481998,-9992.8823345941,-1192.6626028169,1371.2370522171,-22012.8221842408,-5601.4290947447,-618.6971215326,6132.4811460809,-6768.4184320721,-102.239139648,-520.1345648202,14536.9581651217,-864.6421050601,-212.2685060017,-1975.9542513024,-4400.6589345642,4626.8276070199,6593.0305110622,9559.411895376,-1501.2549240561,430.8298830696,20370.4131844779,62141.0201810936,-175.4421727058,184.5909869964,-4025.6106449063,0.3581751479,-17785.5893887775,3750.1527794518,-0.9826906004,-3956.3420061061,-544.649341696,-1.4437557595,2337.7581745026,0.2946588142,13022.5500302438,0.1180612755,-17786.1160990205,-0.7550536058,-6858.0315304284,-3.1610920048,6611.9391656659,0.8920404703,-2342.3765497681,0.2702650189,288.8126918707,10395.4681006433,0.9207205897,-3893.5839063443,0.6567244569,0.9339364377,-51380.9105045281,3645.5345141672,-0.1116307055,-19055.8399123364,73769.9743929725,2792.7605133495,-95.7624048379,-41732.3262160664,0.038622363,-0.636941392,-3933.751642471,-0.6102002913,-0.3827110457,91.2011441429,-67.7655152239,13299.5420590143,-0.2364191529,0.1786831978,0.1123334739,-12.6029134554,-4744.8531966494,-19234.4905947122,-5109.9315416903,-11594.3830968602,-1632.9039079877,-989.4847686738,1626.6010082234,0.6430526176,-469.9489067038,9381.647919995,5946.9945720604,-3980.1698234398,-3909.2836102583,-8294.3429088771,-3957.7041497516,-8822.8880941982,373.6800397731,1750.3497535145,-0.6146918196,-8727.5090522307,-5796.2010147096,-3642.3671581994,1435.2514622567,-6309.8104847494,-5909.7143219021,-2609.2352002465,-1978.8543759743,2.9561594926,1631.3281846332,-3201.5316233047,-1.4745086258,1187.9508117041,13890.9233207452,-0.3133859369,4333.0970245288,316.9126488017,11.0687078035,-4350.4220918391,33747.6871243118,13549.3062756099,0.0720749593,-0.3247602347,-5896.5028255898,-5107.9664490362,1894.5835275224,-5530.9544366809,0.0303070685,-1011.3803257394,16967.4777357581,13549.4682022834,-6312.5714513892,63850.1697703519,-1834.2794163804,2196.1603162521,-76.2622121957,0.8659497918,-6343.9072951581,-10368.4353079118,-4283.5053830717,-966.6085088049,-4317.4640928461,-3200.5786570648,5149.3013540657,-6117.8909048915,-0.4601971643,0.559307378,10676.3469375153,-1414.171693511,-0.0063713861,0.9840654129,5423.6449854253,-5.2590112504,-25464.8190039415,31167.9510926703,-109.6926216821,-37.5494608075,0.4383995845,-851.5239686084,4725.0310318622,-0.8074884906,-549.336333589,-0.1675289075,-629.8609637656,6685.9601700695,1997.1584245363,-8527.9050916222,-6383.6419179834,208.1382386773,7089.7546001274,-2292.8354529274,1404.6528002849,3138.0814392057,16733.0270504386,-7931.8877682916,4059.7245794616,-223.3764917582,5377.4710740945,-1547.4459717617,2924.642273728,7796.5238426734,9160.2988493628,-3994.0398978183,6311.9380998271,638.4691235383,6710.2197432763,-5809.9860236336,-458.2384115631,-8107.5165335917,-1948.8703122258,14217.4935124269,-23520.1433651514,17398.4379127577,-8861.9080784288,2.1440580301,0.5497066848,0.4142803333,-39732.8951006655,0.2265106316,-1409.6412925955,10.3495879236,0.5053249347,1239.1469642122,1152.1354131097,-0.1927259591,0.9482168123,-113.2653861616,-8325.6985620902,1155.0204109269,-960.9818641763,0.9019536853,-1.4814255882,-0.3933307976,1152.8159550521,0.3462434816,1314.9489281025,0.6545391496,-18757.2794540282,0.6164474381,-3160.1741177828,-0.5169207004,0.5112543846,0.5239112091,-1941.7505520269,111.3539095403,-0.4621899439,2156.1141543207,4947.1121865799,-25716.3644256992,-0.0655107915,6450.7672490316,306.3672156588,29912.7822966777,2.556521212,-1892.2374400309,-0.6837047367,-0.0804695882,8.6238411856,-0.9952833902,0.6934335576,-11992.6494756882,1848.7612247354,4996.1039740652,-24.5063999992,2910.3334481453,0.4878411588,-4034.8797057758,4730.0480034257,-5352.3473891004,1970.5744440953,-8560.9419281599,3276.3611473919,9386.9047192656,5532.8038233176,641.0592650306,233.6293881087,3.4854373292,-1585.9296045132,-20.9884363399,2957.2529298038,-989.6914005444,-17764.6449417963,-4936.3273828197,-1814.6827140162,6692.900107005,-196.8272963949,64.9892694355,-4481.0231515931,-7334.0369544683,9046.2866688905,-11734.9627384723,915.0508880748,1714.1264489503,13121.6247347982,-5668.0980587605,2690.9741321342,-5531.0086270988,-1246.8147326283,31648.7194733034,27630.5197776677,41481.2465040315,-6.7555440781,1.2383671018,-1743.5153335648,-2269.9994378774,867.49570831,-11251.1605252882,0.3057802873,-0.6856752155,12.9687985108,-0.9776099193,-438.2265764782,12976.2110687776,0.54445595,-0.410321026,23.7460617351,-11250.3960299638,-26.6685533975,-0.4337902172,-1563.5507358845,-7090.4936647034,-388.1589019251,1.350609628,0.7893176783,-0.2238741332,8049.9597164365,-17924.4933208748,0.0021379315,684.9037849093,-6062.885184838,-1840.2918997285,4054.1252253697,-0.903586781,-16412.2513000716,-0.8388149316,-22.586637841,-0.1602590789,-3119.253501093,244.685251918,11196.8568575279,25008.8711948027,-0.3318634982,-0.6669050927,-0.3038978622,-0.3317905883,-9092.3253991374,1409.7312785147,-3.948274805,-1.5603541873,-6769.1100680256,6152.6183246378,10263.1162802355,-4143.9111496288,2227.8904442194,4479.1077632527,-4383.3752758008,-1908.9849373817,-1846.3877963188,-10909.0747334006,810.7118664659,-3837.9789315549,-4305.8067107729,-4968.4747854128,9641.6968705135,1685.6104579689,1565.1151564682,-3.341121585,11715.3724024742,7607.0840818632,-3189.5235574739,-1030.6889694188,-10268.5422976663,2051.8553630106,-8538.882567352,-3684.6221068507,-2666.210209827,-654.1876737491,-3314.350103287,1871.5631983873,1094.1099696321,-604.7850850054,13910.556544296,-2128.0111615391,-2208.3293302075,4830.0281540515,-11.5052460574,-0.4766748645,-16084.891252245,2304.7343998889,3378.2864661892,-0.6232053887,0.1400588466,-1335.8727570545,-5192.45058448,-0.1397788683,1.5803091825,-0.0149344891,0.6992610931,-0.682915653,3378.8248687582,-56371.2797544438,17174.6910509697,-0.1334894525,2109.8281133704,2194.1158368924,-12.0406764592,-60.6250568016,-344.8299953545,-21700.3069124992,0.9146555706,0.1291997521,-3349.3741245787,9783.8404754526,-8.5754827652,5126.4760072525,-0.5248496372,-10359.1473347759,0.4012531388,3266.4029576793,-7635.218614586,-42533.0014092603,-0.2996423105,2480.8211106986,34613.0881061925,-7.0337804626,-19.5260558607,20146.9021744871,-4.4037603289,758.7305828352,-3171.1020725923,0.5690600998,-0.4401215171,310.2198799662,-6774.1785976298,-14340.1236952846,134.7769852163,7724.7052917828,-57.9128361722,-1511.0937726743,1561.1775275194,-0.3466232828,-22014.8821088213,3050.7486321701,2713.9342455655,-119.0103053679,-12544.023812366,5630.2429828469,-828.9519224602,-0.7953312056,-8507.3883314447,-6292.9132065782,-4947.5188936244,-9900.1377209518,-9910.1791100396,8557.3554513409,-829.6286204947,-19575.6956200393,1753.1912957629,7073.855634759,4775.5729618875,-0.1308268686,-5.9995283799,-1773.1968347746,-18.00449498,5251.018343539,-16256.5335796815,0.8708728285,4566.3966433612,-710.440254194,39.8078708428,-2003.3583860893,242.3145079039,0.4021872664,0.3324742172,0.7308425096,0.5452506317,-7.3897849829,-4490.1841915759,-2.1671206762,0.5517626702,-0.8390636116,0.7051884792,-0.1076086459,-26191.6472288793,5958.4538069473,28455.8113277906,12620.3504175259,-0.7450586784,0.3031267134,-14158.9217696459,-15576.7590297993,-1037.7459495039,3182.7114927498,-0.4058789006,-3616.972591836,-29713.7271730025,-6139.2921558268,6629.4161727031,-0.3949623605,-31319.0078175556,0.7805563798,-1493.8897610896,-2943.5920585784,-29012.938695268,-0.2472729236,-14148.3369299676,5790.8300353266,-0.3488685314,-0.3417165313,-65.6719399081,-590.2923990667,4892.930443662,-0.7177785229,5.3982075451,0.2848484042,-5510.3502060078,2255.7582294829,1774.1407823074,6952.8090559844,-2875.3819811102,-8811.6248376443,-3318.117847985,76.8177579776,-601.8027795994,-7815.7773563737,-2763.4390897023,2723.9828672054,-2638.8577765688,167.5253137026,618.6318155155,2137.1985245941,3.7146812629,-2525.6004445493,4924.9085945951,-2898.0947124748,-5923.6382420169,8127.0868741453,-166.1486995809,237.8275577631,6150.0996316589,-21.20382221,-932.9949696454,8390.683208496,-396.0658337182,-1.0996236537,-2093.4585925041,-26216.5359422103,-6058.5142223343,35932.8285212884,12094.0251576073,24758.162754855,6283.8881064956,24914.2322809495,-13724.3944540098,-0.4079396587,-28.2334279258,-340.6869573329,-0.753314313,-168.6407989764,0.8798768629,-5515.9378455724,-0.370763809,0.0857294531,90.295432541,30581.2966309482,-28.9766688273,-1459.2192437649,-10541.5453925188,-1.554399817,0.3015505975,-11939.0114354517,7980.0886236904,-8298.1398213781,-0.6876451348,6.4510838345,-1072.8310113822,-0.0688970226,-3911.6122182158,-0.2950265767,-4330.0531398265,-1790.2922528287,-0.7984341697,-25297.4793018107,9679.4236516458,25760.7498464597,-28862.4936990137,-7686.5145795208,0.3351787594,0.1405890505,40228.3190023172,-1.9170618061,-0.7655336578,1119.2071534035,-0.3850264657,-54.5829645275,0.5042288419,0.5544847482,-0.5435074632,-846.8457580289,-2562.0185875301,16867.2312690598,7555.7994339546,5128.4375852508,-3679.3874877992,3010.3481882922,-15409.1232037064,5521.4995023235,2786.645645889,1615.2065469787,-1670.9904145459,7978.6078108884,-2559.1239894209,6689.1791146202,7013.6535948864,1147.5272128413,-3429.2366589037,-9356.3184112504,-42.7446857037,8429.1760051509,-851.8381471019,-0.4826934755,-3528.8866903211,3326.4448770299,5297.2135209619,7562.4617199756,9210.7692458598,-969.3172855898,-8767.6472221852,6985.4298679262,-2198.4550609251,-6424.3512240013,-0.1148817579,13931.0490515035,-7290.4287965966,5817.2474220978,-0.611086577,-10338.9956261662,-21329.8828389026,-16.8251819803,-10193.2307462887,-0.2644942948,0.6303535591,37828.3461831909,-0.7569017058,5278.7047239429,-0.6837419732,-3338.5235719647,0.3160716837,-17.0721732279,-470.8733630903,2580.0781347056,-1.3209130747,0.1928845319,5077.0681071656,1166.2227753842,8070.1157153181,21785.9075844211,-10440.7181674441,0.4369364202,2.9531863908,-3758.5647268066,8.4125440179,-2216.2677516074,-7202.7207081675,-0.2586584988,-13328.8889141786,2707.1126910068,-1580.8030374298,0.7179158881,-22274.6928285185,-13773.4855418967,-3635.5745717245,11411.76763601,2008.403304021,43726.6206823942,1383.9943910204,5074.5652633249,22391.3654853103,0.1623003911,-5466.767306182,1.4138204844,6229.6890685339,3555.5110415293,6771.0858160537,-7783.5648772587,165.2851449578,-6721.8777695001,3345.40051906,-2906.3993637749,-5.2497518495,126.8995910164,-1189.3111950688,-4387.9624782751,1609.1107418523,0.1545135066,10050.8359151282,7128.0503520689,-5516.9271491906,2314.9309351685,-7491.0069071489,-4208.5957850554,3841.4215778718,13613.4230790282,-522.260636363,1778.3051395206,5538.621462377,-4545.3441199975,-3376.1374235822,-1429.6101337273,-4326.1873992174,12922.4754202489,-2356.4011782702,7.5842550471,4917.1274181688,7036.8380935486,1.9825936589,741.7068649093,-2216.5784531919,-2640.6457286843,-4311.7917237971,-0.4380446474,-27954.7977590733,-1466.6675550736,-0.6124473365,-6125.9391181633,0.8997786144,-5854.348897335,1470.0294965784,0.2222831154,-0.4282866626,54065.2226627666,-27954.595873283,0.8318570017,-14045.5550280676,38595.2195686344,30253.0063087513,-43970.0790748272,8192.2365905628,-8.8848871598,127.3804548695,51343.7067702742,-0.6391759072,-5.3182511547,6.7997431234,5174.3934335942,-4848.199747036,5810.3492283821,-0.314846012,7555.3884219122,-5152.3532432669,15.5341357237,4803.4135402369,1186.0649505988,6949.2460730355,1229.0676965692,11326.2069752903,3.5505064044,-11967.5917405865,1608.3291521864,-1533.3191522455,-4794.6796139099,0.2969984404,-3772.0212468632,-0.1762883211,-3460.7524894597,-354.1652915895,-10494.6718738435,1054.4289193805,3440.0706277508,-75.88512557,-5677.7397161518,-6966.9189995128,-3048.6437082584,7928.6467639993,-0.4140929356,-2351.1970816269,9366.5250475465,5433.3146216807,-3598.2059969647,-7493.9090498958,5580.023201725,-835.8018244332,-3914.23628268,709.293742883,3209.0291705439,5425.2074100552,-1.1497181855,1170.8189734337,-121.4228624309,-4249.4185242865,8675.020970846,-8910.753614937,-59.9698379991,641.5875215089,5930.9001412618,-61.6922813773,-434.9222945146,-70.4785847506,2976.3687300632,8831.6664786377,-0.4885857732,2848.9758704662,29879.9764080966,7206.3608395998,0.2721591386,0.7381721945,0.6123232095,-3638.3022362905,-17859.3414676528,0.8805273919,-8459.7564589628,0.2271617083,3704.6364263932,11463.4225984086,0.8419195311,-9728.5165852684,-20579.3796763813,51.232399848,0.0255772871,0.440827566,0.7144959256,-0.2942206666,-0.3345673755,-2621.2548696322,5443.384747457,0.1835256601,0.7770062499,-23704.4306335082,7946.0906594887,6456.4539579223,-0.5885084338,-5246.8370945956,-0.9530641003,5965.3579163966,-2342.6198624005,-8774.5100906395,3.3795594412,-5765.890474124,12947.4878575178,2952.2440658812,-0.7062243479,-4895.9387770107,-0.4693650779,-53600.2004129226,-0.6595234025,10991.8506161306,0.7980411152,2065.2105709456,14985.2680231872,11867.7547827684,145.6983966968,-4402.5576046742,-105.7879877554,-2823.8143337087,-1922.4764984099,-2763.2076316651,-1990.4333881271,-15072.6961663817,7024.5175495251,604.7909652754,572.8362606434,-4388.5591801851,6096.4693956279,4143.4463650594,5224.9919941462,3854.434292515,-2058.4884047287,-1705.8115743317,6688.8382121937,2562.5272991175,-8172.6437968269,-4618.1847546301,-12280.4952891081,936.1829720879,6722.656404331,-8135.359739603,-7480.6680758054,-2926.084980362,1584.4606019649,-13127.1902152758,-31268.9275653734,-28044.2947334091,293.0736128718,8.6119588745,3842.8237403336,11293.5033143025,-0.5077553035,-13085.8926811245,1374.0535916772,-0.0021271288,11325.7987154176,17940.7109007738,2538.5729257942,-6157.1182673533,0.7602083532,816.5908949776,0.5708233129,-13087.2337780908,20243.8093582887,-13684.4162898118,16465.7304141309,-4135.2842392859,6714.5673663911,2.2981196562,-2707.139376707,-1884.4194649228,0.9401813383,1354.938095973,2293.5505285012,6859.6662240779,-5443.954347535,23215.9004647318,12258.2060665484,0.8519862597,-9134.3821682406,1588.8017555883,-12238.5086457163,0.8734481298,1419.8471582678,-1.2033048973,-1619.0782789459,-76.9450946956,0.4924641944,3079.623130441,-1.6312775133,12573.7397827391,19975.1736096622,-21560.8953981615,2533.7510603715,-0.4089169332,286.1279398353,-5661.6017472155,-0.3996392485,2.6328332173,4489.8238859777,-1358.2347331454,-4241.6908956041,3909.401261134,-3422.9996496588,-5605.0917746608,9642.6707788929,1245.4053268556,6867.4655707652,-3602.662378722,-248.8495432497,-2192.4323432433,12591.1391359388,2990.4449663635,-4687.5332659747,3813.5894055665,-3706.7779262658,1035.957099653,761.0273181095,6.7558802541,-861.5169413842,5345.9706737052,11903.3494084239,2253.0257196964,-2544.5644504474,-5725.8775525912,7622.6082155716,-5987.21220297,0.495966301,-0.0989142007,-3825.6720739669,8459.9923275045,0.1333860602,-6748.5332833308,-20375.39140432,-0.149407209,0.236076802,28.1308535616,-0.6139930517,-2080.3057855492,-10853.6018189608,-0.7725226853,-498.6037580833,0.2625024244,-4686.677266065,-0.3335687221,-0.6503412156,-35716.7352067172,-1735.2684028221,-0.8928478065,-5219.1784060144,-706.4244452407,512.5239702243,16885.2831391198,26719.6656885069,-0.8608014978,-0.8857828916,-4572.9520007874,0.477482936,-0.1189560386,-0.7256326793,-47107.8511732651,0.6691836449,8366.9662053982,-1.016119476,-2732.8191054037,9383.4326807808,-1.0450221246,-7059.6771608763,-0.0955328075,-1.2306342594,16199.7884689194,1381.1862529774,309.6093802542,-695.2001458602,7926.7549735933,2473.9614284034,-80.9600535692,0.2300986532,-554.6438453127,6287.5566831288,-1714.8288577524,6.0033561523,-15041.4366066229,-13221.1095323607,-17580.7210407955,3751.1237741032,640.249827209,10573.5620559147,0.1471676733,4272.1539075163,-995.5216276553,3457.6750795569,17665.7672730098,960.1099640531,808.4827995777,21455.0993611687,9438.5622515192,-7407.6656842618,7532.8142549212,9533.9712856657,14534.2261217566,-5646.9051305596,2256.1335572245,13399.0023149255,9925.0795540508,-14173.5256360719,680.5409165591,-3918.2430395716,6877.8417453648,-1325.4275097027,20816.1353789564,4719.0054276014,517.4337320002,-5106.0077789878,28496.8448107716,-1928.7124385033,-8225.0423705704,11272.8482918058,-1.4093799415,-0.5476706248,-0.5499333633,14533.4062227783,10306.1295708854,-51000.4651708626,0.5233797131,-0.2785469614,1343.117028255,2798.4980595755,-0.8936893457,-32087.6797721802,2622.3591318515,1363.1716646471,-1763.2442891885,1767.818617714,8141.2583069785,-0.4647408663,-13376.6493576481,2598.4944946353,-1288.3173213927,-0.5365080227,48.8273009863,-0.3162071605,-28371.8370726725,2176.2093359885,-0.7677638235,-11923.7522877594,0.5326844481,10961.1874962041,0.0098927055,-498.1173392478,-38.637577228,49019.7938508071,41145.1339710437,-281.3147635071,-3112.2500381222,4327.132066652,-0.2973628922,7152.691819907,-25437.4855232911,-0.083608297,0.2367965728,-9834.7522844556,1937.2124600135,4097.2731989616,4570.2788826592,5468.1848712725,-719.8543327635,3577.5223385959,7539.2490212057,-8.6957066221,-8029.8047928133,-13175.4562038608,4607.0982460523,-0.2518704976,-9275.2773838209,148.7638392353,3985.946413645,-8522.191287984,2648.3761651029,-3995.0569810074,-9779.8305824528,-1.6793580768,5159.1291653447,-4892.509166564,173.8620508956,-2496.0007449452,-1307.8248883448,2663.9558863549,9981.7867237355,-629.5710486504,-0.5244215376,-4951.8850885932,-1731.9612657583,0.1937601316,-0.5025860954,-0.3440661977,-385.5469725397,0.8189726861,-2.0490093866,-10629.4546406521,12122.4956705362,-2076.4108945591,1.3823256346,0.9577494145,-25571.8596162297,-9489.5764875676,-26.5397528103,-6621.7355726459,-0.6808016922,-4995.8223713932,1.7935453319,-2075.5494494461,-644.4232827243,334.9079116669,27063.3518057135,-414.5582419878,0.9022029928,21253.7751523138,22290.7739565485,-13965.3254452645,1.1465876502,-3136.4911921697,-0.7661865813,5859.3770422692,-743.4742945695,0.6395853552,-3127.2153042383,-0.4715709145,-8134.1186045675,1.781052495,0.1441830824,33828.4772238818,-17252.5178296153,0.3016559617,-2176.2274143532,1336.1776657802,2304.4774633901,-1159.5329149598,-2.7052536181,5.7080744213,-21567.4580409039,-0.6683794032,56226.7217953114,-0.280807028,-21.4512428216,-114.6407354448,-2641.6071228365,80.6106435495,7225.4533919918,5004.4348732844,-4775.3539501617,9350.9355472699,8341.5764887878,9542.9069935588,7824.022416606,-2638.114226624,1821.4035120034,-1924.8866019003,1047.671891455,2346.4935537729,-4348.8152721214,-4972.5438534013,8755.8551303138,-148.649709424,7155.8709827877,-7994.1626779247,-0.915634387,346.2088565573,4397.7096014007,-11819.6754372921,-6852.8173681553,-13539.61387161,-1082.3979690846,-2279.4692254671,2978.4488972747,4749.663958862,-1373.1756442692,-9093.6779797506,-0.5573711784,0.064499466,-0.7833669818,1948.0768175558,-5924.210558364,0.9679127714,-0.3657155132,-0.5211561661,0.2222646818,141.1308439677,2387.3901859921,-31.6994323976,4859.8398192907,0.5322429574,-963.5896807032,8012.7222147925,-0.5677832573,2756.9577723835,-18137.3636758906,-34463.7451534775,6542.6949360361,-9679.4805458975,22636.1300143444,-229.0155821625,-915.7074464893,-5993.245814454,-15126.9698705288,0.229813735,0.5240109436,27336.8921619139,-8.0588856774,-0.0651984602,-0.0106699248,-21629.7968114838,-2768.0928964775,21534.4634554073,1838.452865468
   4156.3922415483,1.6767138423,0.7614702463,0.7297481792,28951.3629285115,-0.099112,129.1465158717,-33151.5851973218,-35840.8915336869,0.1795119345,-1.3451566412,-1.7751480308,9797.7205873998,-14721.2797590665,-2762.5377558376,1983.739862494,4121.9339351566,1937.8240779653,-2336.52368281,3756.5934431429,3391.6016191808,-14042.1654213103,-2038.8752286367,-1549.6491721981,0.9683985621,1694.6141025251,-12047.7861288548,-9436.3429391259,6240.1438564958,3282.350636435,7394.1324510521,-1731.4529733677,2792.0452278253,-10438.0647098038,1338.6445240961,50.7650244404,-3397.2527165432,2178.3353336913,8.5174030322,-5512.3957389453,3397.241827576,1072.2259594897,-3091.3438754339,5159.2976453394,-1043.1124198414,-390.8770338892,34019.2805246083,19195.3868242558,-0.013682242,-0.764263268,11591.8834996788,-8223.4414051935,0.3888305331,0.7929292758,0.0041183094,1596.2046887336,47020.7552998808,26506.1493996222,-0.7409558919,-0.7150438381,12424.2790778621,-5362.3539038359,0.712976483,40500.3803522658,6674.9166697464,-43511.5667061651,-63.2265228708,2765.7049539333,-27262.7438832823,11311.910602826,19805.331578234,-16304.1751167482,-3564.6067755675,0.248153488,21.4940764815,-3140.3255572375,0.625363614,720.4761294353,0.5274234032,-27606.4336984815,4308.1765566276,4938.1586547667,0.3260979186,27159.8027635299,-1901.6582807738,-2166.0071959336,-23855.862364893,-6.7592917393,16845.407666897,0.7006373338,0.3450912654,-3305.0100397022,-0.8010835464,-7546.5367121707,0.4380061925,-3923.8389014634,13521.5327015618,7747.8690496849,-1809.3163468804,-11.5029678221,7432.305331951,512.6126672074,-9282.5570712786,7327.5320972012,6540.7025893919,-10924.6335541902,-9387.063959167,-444.088028659,0.525244605,3.9196754339,-2.5923477948,14883.4355170732,8743.5430947372,-15203.0759267432,1732.1598659033,-476.7485335501,8430.585838769,-5153.8659888628,3891.5793220766,-3035.2634270843,718.029309501,-1888.5219028992,1871.1379775169,2576.4893933866,12420.2377137655,1316.396233033,5.4413290389,-2465.0570440295,41112.0383652885,4421.1127681177,-19790.7143515032,5414.8274074233,-7348.4007001475,5930.9387600536,7022.039881164,-3.6405611437,-2864.6462418591,0.7448745837,0.4184596092,-77.1178641141,-14605.5352296321,243.913267536,-0.3764129317,-5299.68566112,-21804.3186665408,-3.4962702913,-0.0556620523,6739.1469456334,-6784.2855798179,-9336.2075837325,-1505.3464134643,-0.2050347195,3578.8974142155,-27304.1763097102,17136.8356871223,5989.9854979928,28604.256812602,-0.2386446625,0.076773692,1714.9963751375,2881.149491174,0.5129267697,2890.106667775,0.856820646,-0.4006719447,2867.1416597356,2672.8936346653,-8359.8681384267,-1876.6607916592,5752.0685389934,645.3050067803,0.0920478249,-675.7837113053,4468.8131148312,-1506.1140838386,2161.05139724,-1.0321313363,-0.6217705924,-5028.8739788926,6786.1820733431,10577.7407481888,1545.5502689605,3591.0559173399,-7209.0930318223,-5349.3759847179,4120.1178391563,6254.9558584487,-13957.4816451335,-4283.6522196145,-2676.3196815299,-12741.6600433598,-14291.3762769916,-0.2065216309,-2517.6789236702,12067.4315714827,16694.049783504,-103.0354098344,-3553.0680104438,-57.8858764622,-8524.56149392,-234.9561795129,7014.6098109384,3926.2534721083,0.0424450182,-16904.5032516367,1469.1348508554,-12858.897221794,-6574.7679252677,-15.7365380249,-1168.6070582087
##end
biasActivation=0,1,1
[BASIC:ACTIVATION]
"org.encog.engine.network.activation.ActivationLinear"
"org.encog.engine.network.activation.ActivationLOG"
"org.encog.engine.network.activation.ActivationLOG"
