encog,BasicNetwork,java,3.3.0,1,1425320991914
[BASIC]
[BASIC:PARAMS]
[BASIC:NETWORK]
beginTraining=0
connectionLimit=0
contextTargetOffset=0,38,0
contextTargetSize=0,14,0
endTraining=2
hasContext=t
inputCount=11
layerCounts=11,15,26
layerFeedCounts=11,14,11
layerContextCount=0,0,14
layerIndex=0,11,26
output=0.2800498542,-0.0000094953,0.1412937867,0.0922631166,-0.0000236673,0.2669110345,-0.6723351865,0.3079502682,0.8613145571,1.7305390699,-0.6333918739,-14.574301464,-14.0615873848,13.8174324965,13.8041435983,12.0744865896,-12.893753925,-12.129688654,13.8363665883,12.8988878453,14.1446662864,12.5466461403,-13.4415453124,12.3398506177,12.672525551,1,1,0,0,0,0,0,0,0,0,0,1,1,0.2800498542,-0.0000094953,0.1412937867,0.0922631166,-0.0000236673,0.2669110345,-0.6723351865,0.3079502682,0.8613145571,1.7305390699,-0.6333918739,-14.574301464,-14.0615873848,13.8174324965
outputCount=11
weightIndex=0,165,529
weights=0.0221300865,0.0511199824,-0.0173010426,0.0371234452,-0.0084512802,0.0183304815,-0.0313191437,0.0085309798,0.0112146531,0.00558326,0.0155127828,-0.0364360273,-0.0260942941,0.0127346928,0.1410706476,0.0000005923,-0.0000012052,0.0000012654,-0.0000007517,0.0000002275,-0.000001104,-0.0000023654,0.0000004361,0.0000004545,0.0000002525,-0.0000021583,0.0000021882,-0.00000176,-0.0000003523,-0.0000033841,0.0082342686,-0.0131287273,0.0057857571,-0.0062150219,0.0073638243,0.0211982218,-0.0055980375,-0.0080361705,-0.008169852,-0.0001032525,0.0031466664,0.0048944252,0.0104508572,-0.0038221064,0.3628644375,-0.0060509338,0.0322927844,-0.0156575214,0.0272039736,0.0001301648,-0.0012597267,0.0062588332,0.0079335702,0.0007338687,0.0017932708,-0.0032823218,-0.0289117835,-0.0224930511,0.0094054071,0.023416015,0.0000000603,0.000002851,0.0000019712,-0.0000025739,0.0000000752,0.0000019475,-0.0000038214,0.0000016616,-0.0000020882,0.0000029772,-0.0000027225,0.0000014717,0.0000002358,0.0000014201,-0.0000016876,0.0416462715,-0.0038277332,0.0010243559,0.0329751724,0.0012652813,-0.0012916888,-0.0014091954,0.0020648271,-0.0016019503,-0.0418742279,0.0051046274,-0.0397038869,0.0013725163,0.0142285267,0.0910940124,-0.0436413536,-0.0090659565,0.0116771795,-0.0488480478,-0.0142977788,-0.0446692602,0.0864240075,0.0114680715,0.0165141276,-0.0092957645,-0.0197731852,0.014825556,-0.022814883,-0.0008423961,0.2214460882,-0.0234463403,-0.0018733784,0.0125133248,-0.0234268679,-0.0359557675,-0.0009971453,0.0239570585,-0.0071439762,-0.0022161994,-0.0063286982,0.0428576023,0.0277969295,0.0246293296,0.0053885886,0.4829172835,0.0308777476,-0.0299043696,-0.0033563837,0.0361880256,0.0351280421,0.0049216233,-0.0408429291,0.0014150891,0.0007525577,0.0025346652,-0.0407378645,-0.0005654527,0.0021899504,-0.001700362,0.0144666591,0.045313871,-0.0328185277,-0.0070190913,0.0480435547,0.0152313193,0.0046329879,-0.0415541329,-0.0024214714,-0.0178668311,0.0073010382,0.0138764407,-0.0133367044,0.01617248,0.0044690162,0.2861771876,-0.074104713,0.0078764724,0.0290455104,-0.1010096181,-0.0020312868,-0.0004181396,-0.0068759691,-0.0134742552,0.0043268949,0.0367785199,-0.0154802875,0.0691201303,0.003269537,-0.0291895832,0.3893581934,-379342.5414266962,-0.7953430267,204375.4141882958,-638041.5217735269,0.9030468003,-430117.1922705201,-7710.8005907055,-298822.1858559413,637556.5304457431,208007.8314404277,389210.5147440826,-18309.3021891506,-83598.8560520601,28212.8216003595,-4563.9946406767,50276.0550131174,-42242.5329242917,607463.7863815229,-138431.9060974099,3473.348867655,146814.2355549495,97219.3035403868,-79096.2586860045,-49365.9420257976,-49222.8552677107,57352.4622514073,508945.6097729874,-0.159854907,675091.8894384179,1986763.5290435955,0.1796898488,-24456.8471005507,-1018889.4669952897,-307713.480918659,-78829.2332796881,-310727.4982736063,-544814.310333119,-36039.4511249727,-94968.7907905928,-9662.1933493521,20664.7135488588,-17554.2638695845,-20496.2264959329,-154807.5089680133,171000.5822756106,-47360.7144457503,62224.796073062,-103375.3111714374,153183.608619711,-33843.644848308,-88045.4560791453,-12430.2619708761,638940.1061002938,-0.7956476541,-166742.7865208676,490574.0811880897,-0.0494975291,231041.8761308413,-694170.415572385,-544585.7331405134,401492.6576597407,165755.6721265401,-643752.6752926507,10717.7318140605,-131904.5208506513,9973.3383096947,-58214.4046623129,-130821.4808876254,55503.4940624024,116058.1623661796,-97777.4853723086,-12615.9754071465,177554.3033104317,209884.9667823617,-66331.8262547204,-29659.6742628135,-14324.8225242083,-117902.2158798131,745296.5520472395,-0.6918945724,-261263.5630214084,-348897.8133992866,-0.9923877803,598433.1514348299,635891.2987129405,-182502.3760220809,-2057370.1537532816,23934.8759638065,214482.3753187307,13291.4828173302,-122117.2945052828,-12576.9030162539,21538.9111183281,65002.9175893952,-44517.9751904254,236370.9822208792,87724.3252747438,204269.129669511,-402411.1661687322,-141439.2578155081,16902.2913180758,12747.5229655182,-25118.3557672314,-17383.0266291807,-37238.4356259724,0.2836153598,736743.9326041185,810646.3511334674,0.5585624879,-1344421.5943763189,459436.4468078031,-603871.0716840026,1413980.1191945102,-156026.2871596282,-606375.128044802,4376.5860303834,28132.8761962752,-7886.8371636284,-111483.4003048122,-56000.5394946293,-13099.4379234379,-378293.5585752687,-128923.8230551929,239462.1399078515,371133.0683180142,143735.784041551,-144962.1176416657,17188.7445839382,24165.5646698593,-31214.8975910268,-794609.287193005,-0.3378115048,-1015285.4376548425,455780.5782650708,0.1704010759,639859.5162010774,-765803.8882426351,595536.3614077539,1112575.5993854753,120759.2561316223,580390.1863998196,-53765.9757963548,235569.774733819,-46476.1971355524,-26567.3110345805,-141.493037042,-51087.2436802677,41285.7681562216,185931.2180777355,-251346.3471411383,176943.7901779226,36013.3279558872,-9078.937498501,4409.4114055113,-15482.2056965713,15358.3357683541,-363651.6425722046,-0.5526332918,-293927.9856117108,176356.5718131297,-0.0907536558,-696883.6423437338,-96771.120341967,-169308.4239367716,-67389.5894926146,570458.1344599543,390939.2574107018,-54896.0888699372,-16845.3805869149,-18018.5661950902,48656.5833734656,-44188.7451902097,-4594.2958797371,10794.604490927,-13220.569184276,-44632.546450746,256121.2950577272,153411.2279115723,-160948.2243141911,-11330.9415087868,-37835.5174148324,-41067.8422091837,-366064.092856785,0.2270333324,508518.0421242921,388602.6643111598,0.7291316596,-539808.1423843665,-245212.4373855834,-333966.4981967498,-250591.9427814084,249872.5010584643,438737.3772049809,-65127.2076579518,-8113.5344573855,-4213.8146369424,-244549.9539838975,156037.749349166,-26271.4762633854,-95323.3965039693,48984.6964144884,151205.6159106805,-262454.2952448663,-148803.295597322,155962.3960393054,22878.110912301,51096.7340793898,-208.6259891326,-387814.2443466752,-0.2935645588,1033344.0681971605,750415.9226296562,0.2822946904,-834462.9545125191,-11689.3330965752,159437.0570335158,-286124.1245122638,-226086.0943261358,424333.0613958234,84604.3902566918,-204020.9152697122,25058.9025420535,13814.8894671491,225877.8913275716,20483.870212703,-597272.9181112525,-93417.2981831047,281654.4686838263,-22242.7729332851,-26306.4211348992,292600.5797995727,-3514.1902622174,-437.6514889495,-18159.2855830818,-325035.5510211294,0.2438779184,-458395.1236818668,-548426.4211883808,-0.3415113141,-478433.0116797197,342701.6440119069,-539524.5969127616,-165327.3802074263,828325.5977651897,482993.6921809868,24088.9228810109,-27365.8712035229,-17069.2043306542,120246.0599371761,-123763.6079296576,-17846.5025772512,258501.3597968758,-74410.2966113928,-61949.8801850378,201783.0139449525,61157.2800561082,-68881.9742851466,18462.6839029022,33397.2207273478,-46656.6319091243,30029.134438729,-0.0292990792,365510.2246004253,1287294.408975351,-0.2769496505,-611096.6027398465,-468318.5512762422,-61097.239602257,222585.5394095599,-145760.439746483,-113152.1828428777,-33358.60029388,-134309.6699398368,10586.2431847341,65431.4579742918,-73934.6388015765,57170.9333989347,133125.5294116137,48430.122821843,15075.3556006045,5458.7390496344,92925.2193522729,54710.7231093685,9821.2532767302,33767.9701350428,3052.1613976347,-92589.3646169474,-0.7338812918,-282355.9801302351,1431414.1492458861,0.4310186366,562418.3037820271,-96383.2591211789,812337.7799839951,-887704.5965398517,-660755.0175597868,31016.9449333392,-37118.7996667278,-175590.5744421446,-43132.9545706087,220078.5905429068,-199211.0255535794,-23328.3671239962,72448.4440033739,103228.6001194642,-221915.8062527004,-480862.7027851818,-43884.0207594392,118309.5181684867,-28821.6432389343,-7082.2064748276,7183.8140020234,-359191.7020761762,-0.4543562893,-1024962.9797492165,-1980620.1740921787,0.9965109609,728163.472137163,425460.0924116048,553307.6187148758,680396.372815382,73630.4257890226,509145.2101687932,-1642.0160702887,242522.5359926143,32777.2832737433,-114690.9767681459,246154.4519850732,12831.2277249171,517429.2511103514,-39266.611391727,-317474.8563887794,3049.8958564507,62498.4878914174,-227983.249907972,7835.1341977766,-46757.4808330781,-34873.8574617422,-575807.546862241,-0.5060625981,-279757.3403241708,1118896.511178787,0.1297021753,-789089.0775471983,-591093.0516071129,-122269.4725808323,264988.5186537927,709683.9317010851,564018.7136072965,-51308.8554405116,2378.5583821187,-33495.7612123892,-171091.8629909906,180458.1566788393,10583.0824593651,48243.5607232108,228474.5155769693,-213769.3071501879,195302.2840270253,209650.1988152849,-231106.1316094011,42248.9097047371,-20286.2385333581,-23922.8411993556
biasActivation=0,1,1
[BASIC:ACTIVATION]
"org.encog.engine.network.activation.ActivationLinear"
"org.encog.engine.network.activation.ActivationLOG"
"org.encog.engine.network.activation.ActivationLOG"
