encog,BasicNetwork,java,3.3.0,1,1425325053958
[BASIC]
[BASIC:PARAMS]
[BASIC:NETWORK]
beginTraining=0
connectionLimit=0
contextTargetOffset=0,38,0
contextTargetSize=0,14,0
endTraining=2
hasContext=t
inputCount=11
layerCounts=11,15,26
layerFeedCounts=11,14,11
layerContextCount=0,0,14
layerIndex=0,11,26
output=0.199142896,-0.000066468,-0.5105053822,-0.0041938683,-0.0000633046,-0.7715687647,0.3578682068,0.2841989467,1.0252510283,0.6302607216,0.3395577637,13.9156933297,11.0547759117,-14.0745777332,12.4722603342,12.2521727525,-13.6318637399,-13.1608976488,-14.1424415299,-13.3840939936,-13.6784762957,10.9018016852,-14.3817957809,-14.1569538811,13.3681782463,1,1,0,0,0,0,0,0,0,0,0,1,1,0.199142896,-0.000066468,-0.5105053822,-0.0041938683,-0.0000633046,-0.7715687647,0.3578682068,0.2841989467,1.0252510283,0.6302607216,0.3395577637,13.9156933297,11.0547759117,-14.0745777332
outputCount=11
weightIndex=0,165,529
weights=-0.0030955236,0.0348870209,-0.0032196655,-0.0193058007,-0.0245851618,-0.0141161805,0.0032770013,-0.0093903906,-0.0042698793,0.0037883579,0.0193979333,-0.0114862961,0.0057597481,-0.0262769358,0.1219593825,-0.0000010788,0.0000012529,-0.0000037446,-0.0000021583,-0.0000000915,0.0000012965,-0.0000003119,0.0000018302,-0.0000016624,0.0000012465,0.0000009828,0.0000025133,0.0000009503,0.0000000092,-0.0000169528,0.0087208949,-0.0360273268,-0.0078731816,0.0189172382,0.0066042603,0.0203026325,0.0079975556,0.0026921771,0.0117597089,-0.0108406541,-0.0138962567,0.0184894796,0.0060598905,-0.0006531665,0.2798708748,0.0100114996,-0.0016885567,0.014133408,-0.009177833,-0.0073350352,-0.002402406,0.0002368878,0.0069875644,-0.0061310388,-0.0208610623,-0.0088456128,-0.0044066519,0.0093027518,0.0078696334,0.0397531517,-0.0000019696,-0.0000014961,-0.0000014178,-0.0000006786,0.0000013088,0.0000019808,-0.0000010247,0.0000024315,-0.0000029797,0.0000007161,0.000000273,0.0000020236,0.0000000649,0.0000005617,-0.00000953,0.0208928744,-0.0291475304,-0.0158472859,0.0009286908,-0.0033812859,0.0119617629,0.0234210693,-0.0022756059,0.0020771553,0.0036975269,-0.001129706,0.0174851199,0.0119254802,0.0028240557,-0.0209293962,-0.0071829278,-0.0027727261,-0.009827869,0.0020030239,-0.0122654227,0.0033894812,-0.0055200888,-0.0058033395,-0.0105005681,0.009185079,-0.0142246087,0.0075212032,-0.0026802422,0.0269498259,0.2170558855,0.0346102816,-0.0456340869,0.0126397151,-0.0016840298,0.0212299369,-0.0363937988,0.0238558954,-0.0022856338,-0.0065297448,-0.0160911059,0.0198194181,0.0428216195,0.0184397637,-0.0114707736,0.5380443158,-0.020045995,0.0364685982,-0.0014964078,0.0026392451,0.0055847693,-0.0034509425,0.0057232942,0.000473711,0.0186327858,-0.0047862205,0.0129957681,-0.0174575475,-0.0255384935,0.0086999958,0.1269451037,0.0077816872,0.0060661337,0.0091553983,0.0065311058,0.0082051981,0.0003615519,0.0106463457,0.0041515101,0.0024429823,-0.008437794,0.018291324,0.0001662885,0.0036760044,0.0006101309,0.3696879588,-0.0261653706,0.0171315606,0.0073362343,0.0054221298,0.0054587789,0.0135049781,-0.0211133595,-0.0044556891,0.0012639875,-0.0029898491,-0.0261947083,-0.0167520229,-0.0053456735,-0.0066723498,0.3604254908,590031.7689834627,0.8783300803,100446.7725031346,-714001.7156310813,0.5772284101,533335.486933282,-198661.6343353712,67817.9755704313,512209.0948948174,-229458.0717516236,-526053.2017726566,40912.8105846018,-11645.922915549,-83606.073726013,68063.8313934666,-84808.7122344864,108705.5393816126,97191.3380958542,33750.8286211773,-22435.3269289417,130933.9880640653,-64137.5542800998,155598.9664697512,-69030.7932547651,68918.9478355222,-67119.5599250864,275156.3270132031,-0.099481634,394577.9089716796,-349267.0147192658,-0.9465693015,-513125.1805092736,173696.145815832,-111929.001557351,339306.6023243063,-257021.8998910758,-194692.6449193421,-19042.527969253,94399.674674919,-155444.5687745981,81933.3114910125,241738.8140313255,62714.4921142922,-72322.0125338258,8618.5802989192,18240.9269896179,77656.2670329901,-95264.5773954618,102777.9227284757,-2447.1079077585,-17825.3594867509,1054.0593391952,-281783.8151422927,0.4027330403,54731.2895795638,223734.2977554935,-0.9694542002,93544.2513510684,288269.846192962,316324.8164897882,-622922.3863599816,-418795.968227417,301076.7371481864,-21874.1251325633,-7935.3140223445,-16325.5986072844,177319.2282048579,-152386.927207051,-28455.5844506279,-107036.983909323,-112569.077552478,88189.1869329033,180634.7377145069,-36586.9601488428,-137433.7408152258,941.625718117,-31968.0642217904,-53655.9929257299,-399416.8452424093,-0.9767406626,170582.493755514,335820.8218203186,-0.0736846294,-108560.9833620275,-418711.5085537053,-44074.2273882775,182741.7796036348,-36806.7998023044,405203.6072367624,-5525.6086359783,-61814.5738268724,-243860.4458988982,24089.9815881631,-31427.4596841079,206642.2690446251,184320.340961662,80010.9175673002,-65173.3956791718,-72580.5571806283,-56612.8481354869,-42748.2391436517,-44332.8146879296,2100.2488248013,-22934.0289239992,58312.5465695629,0.6588568954,-531661.2259412002,-189701.1159648835,-0.305867083,1006201.2016156187,-184722.3124266373,478243.4421097504,-630467.2341904402,-200359.2201572998,139944.8526481446,-18246.4837885836,62676.9882158257,47462.6851731474,88678.0796643554,-646.7692285374,9210.9007008791,-38444.9622004487,57675.8461500643,-137943.4633054702,-225344.5929048146,-107367.9654067059,102271.0154800374,420.5252793783,-1673.296048816,-7773.9999388834,-183691.8536973828,-0.0454077172,116034.5717521902,-669475.7275522709,0.7050829165,-8789.5896904138,-425731.2883330898,-359709.2906914394,1089786.417404639,97782.1545277762,514659.2476920069,-34160.242448002,128350.1815921127,22942.4690024057,71352.0971415399,156430.9891014756,-31735.4903418928,20362.7836000576,138197.9232867476,129915.506602413,-99538.1638259149,-102127.257213278,-15295.0888565008,12216.3596479804,-20508.8852936369,-54309.8164036818,211387.645144026,0.181714929,-537881.9989183891,-673798.1185790888,-0.2676264752,183165.0007979248,-30333.8863700455,-189823.3019478208,201417.1970575845,337212.7154752534,281850.1288265577,-14150.4902893538,-155564.0045017258,-38101.0557638425,122072.0122156256,154321.85094434,75483.2131388638,274945.8994809388,90185.5321199155,84758.3660782116,-171282.3964910096,-10668.240174228,-89507.7211206449,26169.0496921298,6939.5192294217,-35648.3204077237,668655.7949355514,-0.4895847768,-284347.7783894209,-633361.4394624901,0.1463164326,506898.4348009985,278283.7020276638,-298471.886869937,103768.1249471923,306079.2812517813,-589933.5686278364,-31292.7908191783,197171.8137488556,4307.8412561621,-47788.8878290998,-117792.7055148589,68908.7803695701,118918.6984276932,97345.3264318995,-23614.2862748952,15566.4696606723,-29002.2199710916,27180.7976945702,59591.1701719751,-29521.2977410137,-28627.5573875659,-280640.1541933531,0.2746548997,-133904.5963971442,38459.1816964875,0.6322246749,-81299.9556175488,-69092.8862881131,356480.5954342746,1486292.5396920184,-139608.9233255055,-639118.1469083398,33012.5533611352,57504.3602798139,-62306.1114653004,-103856.8688280537,208190.2654330641,35563.6239726716,-306664.6066687345,241208.4397502154,-233026.9738697027,302982.2314319481,47507.1974554142,-29288.1470366932,9142.594292574,28203.9054470034,-5805.8627290802,-399672.3451438693,0.2743117373,261558.9627229523,598521.9634198775,0.6417164646,-506638.8998072714,225527.0925109158,-202826.3450857768,25608.7336453328,-126926.283833107,366526.3145221692,32482.6090718705,-54862.8385737797,-67430.9027170081,-108351.8061883235,-27788.662767028,79603.3680976812,-106410.4353560371,-27836.8204665528,127624.2658826601,20730.5063238897,58029.2535718411,94934.1492711663,-4375.310008198,-25051.705468367,-43433.7308590843,-432482.974036174,-0.2703675657,-624031.0899248018,-9480.5732544784,-0.1567078935,508822.3448762504,-111536.3993023589,424864.9833989698,-108063.4171683056,-137263.8290135889,742081.579049283,-44107.626206007,107269.9850049548,-27568.0010324866,74112.4694401025,-110672.319493887,36351.4609934331,94809.9709260682,-23726.8078411051,-71670.638760361,-75398.7987494625,58350.8754508606,-171865.1307311385,-3783.175538079,-11396.8442085912,-8285.9607785428,-333620.992252244,0.8215438736,-320383.0329323458,-79239.1090112246,-0.5657883684,505758.549173799,-292110.9506634604,401853.4611889973,108149.2855645847,81168.1144623818,204361.9733843833,15628.0755090589,108849.8775732745,35226.1627552031,-22628.6261952708,-264518.3401005422,3088.1341847312,-18773.4452890053,-128543.9795666241,147239.8218479996,50663.4307437863,32137.333869967,-31746.2276182097,52660.589236233,-89886.6994917387,13251.547447542,-49879.8214390573,0.4523576219,270236.5820433088,1208536.685446046,-0.6199752454,33724.0219648018,-318981.9781236036,54480.526057264,-543540.6345287208,-131210.1989675933,-409673.0104154932,7788.311834974,20281.6914750231,-43982.4887084651,-31374.8592907003,-42256.1524280024,9955.1075997476,-94151.8770630976,-86029.6554976605,-166027.3563967057,209242.4558021451,81790.4700605556,-144657.0060896931,15828.0994431259,-45117.9199987601,-9575.3016900045,356368.6218307936,0.4402065674,520095.8896351741,-1005545.3936783035,0.7452226488,50377.7516287031,693841.4695645185,-113592.1937926533,-454369.9517369536,-230090.1773201968,-272558.6790724671,-11535.3886240958,220671.0301327091,-71323.850547648,-35073.8193567895,16747.6457409214,-12650.4075928092,-164759.0659399692,-240781.1834119931,52589.7137566939,145904.1611467487,-84232.5021834634,79887.0825686792,-3568.3522456809,17094.2057591378,6926.2287718831
biasActivation=0,1,1
[BASIC:ACTIVATION]
"org.encog.engine.network.activation.ActivationLinear"
"org.encog.engine.network.activation.ActivationLOG"
"org.encog.engine.network.activation.ActivationLOG"
