encog,BasicNetwork,java,3.3.0,1,1425320113782
[BASIC]
[BASIC:PARAMS]
[BASIC:NETWORK]
beginTraining=0
connectionLimit=0
contextTargetOffset=0,131,0
contextTargetSize=0,29,0
endTraining=2
hasContext=t
inputCount=50
layerCounts=50,30,80
layerFeedCounts=50,29,50
layerContextCount=0,0,29
layerIndex=0,50,80
output=-0.1279269666,0.276013049,0.042060981,0.1994158719,0.5238664328,-0.4448058124,0.0587307748,0.3606901311,-0.0307027146,0.1071748527,-0.0000154121,0.239600514,0.240010757,0.406892673,0.2115127029,0.0044874413,-0.1837653509,0.0943650441,-0.0122454072,0.2411493657,-0.113541754,0.0265418411,-0.2020229915,-0.070795678,0.2454259969,0.1024720257,-0.0503332866,-0.049345951,0.1212268135,0.7930700118,-0.4206227109,0.1197603581,-0.0749609284,0.111857512,0.0000734144,0.0226676749,0.7093560344,0.0927896942,0.0060693774,-0.0844537636,0.1081920534,-0.0792613715,0.2181030843,-0.0139492964,0.0364279239,0.4024843874,0.7201021484,0.3714115333,0.2152147668,-0.3723164463,-9.0293580581,-9.6693330742,-8.3850272186,-9.45348292,-8.22146262,8.8197786468,10.4939210287,-9.1738318587,-10.1219603551,-7.0361784518,-9.9380816223,-8.7449613295,8.8498981602,-9.7691103793,10.2282346371,-10.9919441295,9.8339446032,9.3034981772,-6.5291211139,-9.9103564788,9.7176838069,10.2507025358,-9.9046130304,-11.1925484251,-9.5922920806,10.9304778874,9.8861222574,10.9413761259,-10.2413698862,1,0,0,1,0,0,0,0,0,0,0,0,0,0,0,0,0,0,0,0,0,0,0,0,0,1,0,0,1,0,0,0,0,0,1,0,0,0,0,0,0,0,0,0,0,0,0,0,0,0,1,1,-0.1279269666,0.276013049,0.042060981,0.1994158719,0.5238664328,-0.4448058124,0.0587307748,0.3606901311,-0.0307027146,0.1071748527,-0.0000154121,0.239600514,0.240010757,0.406892673,0.2115127029,0.0044874413,-0.1837653509,0.0943650441,-0.0122454072,0.2411493657,-0.113541754,0.0265418411,-0.2020229915,-0.070795678,0.2454259969,0.1024720257,-0.0503332866,-0.049345951,0.1212268135
outputCount=50
weightIndex=0,1500,3820
weights=##0
##double#3820
   0.00019607,-0.0024483673,-0.002274987,-0.0028836652,0.0013685931,0.0040561618,-0.0060222922,-0.0042087724,-0.0028644377,-0.0020309006,0.0019452483,-0.001804171,0.0036770653,0.0044265236,-0.0000823291,0.005720714,-0.000372443,0.0018183049,0.0010238712,0.0056217261,-0.004025719,0.003424483,0.0039642997,0.0011083084,0.0060895351,-0.0033541026,-0.0028492895,-0.0053690914,0.0020768178,0.1466825428,0.0001600083,0.0040397457,-0.0058663903,0.0037577236,-0.0065460232,0.0030868724,0.0019841112,-0.0106808191,0.0026651243,-0.0014963174,-0.001013573,0.0026645959,-0.0097985959,0.002788176,-0.0042419594,0.0074285303,0.0050674184,0.0024323151,-0.00918074,0.0024641055,0.0031772708,0.00099802,-0.0030112101,0.0025444491,-0.0046300292,-0.0038658375,-0.001268921,0.0008259269,-0.0086736944,0.1337621104,-0.0039214149,-0.0070698659,-0.0002158828,-0.0009661194,0.0020864404,-0.0010860776,-0.0005968464,-0.0151123833,-0.0041099427,-0.0054408601,0.0009126048,-0.0014360087,0.0015639379,0.0003377686,0.0032861588,0.0093377769,-0.0035693308,0.0005701553,-0.0004961174,0.005593828,-0.0070328763,-0.0054769847,0.00890947,0.0034587645,-0.0027224214,0.0022050819,-0.0030331552,0.0073971606,0.0118373548,0.1503242212,-0.0048304688,0.005493874,0.004472231,-0.0091996088,0.0059606144,-0.0035858365,0.0022573129,-0.0020642844,-0.0038282848,-0.003683792,0.0005282355,0.0003731714,0.0070773489,-0.0000190863,-0.0001548302,-0.0005578518,-0.0011319284,-0.0075300635,-0.0007317272,-0.0040639594,0.0019766265,0.005785018,-0.0066838147,0.0058921664,-0.003570707,-0.0018762346,-0.0023850214,-0.0031155689,-0.0004498646,0.0706244336,0.0062655594,0.0040986276,-0.0120837696,-0.0014584116,-0.0004609389,-0.0018146088,0.0093899056,-0.0054022708,-0.0010181578,0.0064893209,-0.00328844,-0.0083123163,0.0008533756,-0.001974713,-0.0044599822,0.0051326201,-0.0044597909,0.0099278256,0.005599804,-0.0080151198,0.0045915123,0.0061647993,-0.0046673034,-0.0022384961,0.0009553584,-0.0022379741,0.0095523556,0.0067734642,-0.0042514919,-0.0746790963,0.0054107825,0.0057977521,0.0045243621,0.0034788478,0.0011915041,-0.0102754909,-0.007983454,-0.0007115207,0.0074464531,-0.0018669977,0.0045995405,0.0059917555,0.0018535789,0.002474573,0.0020371847,0.0006952387,-0.0045853405,0.0006232423,0.0067446778,-0.0002403283,0.0009141664,-0.016344085,-0.0015647022,-0.0019373129,0.0012452602,-0.0023875105,0.0155165968,-0.0037300939,-0.0057908663,0.1320992761,-0.0028316177,-0.0009502374,-0.0019028026,-0.0015843301,0.0027936661,-0.0053662014,-0.0012428294,0.0017802062,-0.0048074089,-0.0055925367,-0.0059435288,0.0083619113,0.0010123735,-0.0057686578,-0.0039912455,0.0115888366,0.0016824389,-0.008341946,0.0045955628,-0.0041785919,0.0093241196,0.0013294492,0.0064440279,-0.0048357414,-0.0009399052,0.0062590513,-0.011041055,-0.0002498098,0.0055679712,0.1682551274,0.0075792802,0.0020408098,0.0007982784,0.0004564993,-0.0082762483,0.0017563211,-0.0055832666,-0.0008002548,-0.0090915621,-0.0013621483,0.0010488616,-0.008624264,0.0039839127,0.001135487,0.0015420057,-0.0024287995,-0.008681758,0.0084348689,0.0070179211,0.0052075711,0.0045837736,0.0024589413,0.0032970326,0.0034083002,-0.0011028158,0.0137603339,0.0055278188,0.0034807885,-0.009413864,-0.0503974099,-0.0025590558,-0.0044524805,0.0003425485,0.0110733729,-0.0008556979,-0.0124506316,0.0007658464,0.0071031431,0.0013090494,0.0026614314,0.0033797843,-0.0033022037,-0.0015070049,-0.0011376555,-0.0004571238,-0.0048573329,-0.0035488058,0.0024424784,0.002250309,0.0055778268,0.0102163095,0.0078874085,0.0049883432,0.00423448,0.0012618831,0.0047218654,0.0045927478,-0.0020523139,-0.0067452614,0.0280696756,-0.0024617776,0.0035055287,-0.0094810096,-0.000656855,0.0047124814,0.0081649719,0.0035480469,-0.0054795854,0.0023063054,-0.0019236395,0.0004390589,0.0033888042,0.012098195,-0.0064507627,-0.001441417,-0.0133111235,0.0008326523,-0.0070637196,0.0073787485,0.0037588049,-0.0001916234,-0.0063968768,-0.0062969334,0.0092476269,0.0038890073,-0.0128103409,0.0102201298,-0.0078031679,0.0092684643,0.1626294642,-0.0000005904,-0.0000003679,-0.0000011884,-0.000001481,0.0000004699,-0.0000019961,0.0000014416,0.0000006533,0.000000255,0.0000016918,-0.0000000115,0.000000059,-0.0000013268,0.0000012612,0.0000021102,-0.0000005246,-0.0000020485,0.0000000927,-0.0000010058,-0.0000013355,-0.0000000556,0.0000014551,0.0000012056,0.0000002143,-0.0000003451,-0.0000000569,0.0000007447,0.0000006646,-0.0000005015,-0.0000473474,-0.0004170417,-0.0049560314,-0.003914283,0.000242742,-0.0027228244,-0.0053502958,0.0038315196,0.000114525,0.0019631273,-0.0096938169,-0.0006803722,-0.0051737553,-0.0053498348,0.0002797016,0.0033223067,-0.00682906,-0.0057299728,-0.0026353504,0.0064363356,-0.0025513867,-0.001653009,-0.0002488928,0.0037610651,-0.000778841,-0.0054480129,0.001716948,-0.0097065132,0.0051091579,-0.0040548993,0.0559808363,-0.0109174361,-0.0077800781,-0.0116720957,0.0073158455,-0.0029891843,-0.0037505234,0.0017743919,0.0072829712,-0.0009384716,-0.0078377351,0.0045350694,-0.0066754799,-0.00860229,0.0038729429,-0.0042935514,-0.0016102049,-0.0000169842,-0.0074100727,0.0034045798,-0.0052719223,0.0170332833,-0.0062907678,0.0083657099,-0.0067484042,0.0049629353,0.0014737031,-0.0026554316,-0.0062189913,-0.0009950771,0.2173970914,-0.0053615537,0.0050768865,0.0024703271,-0.0067059491,0.0091633056,0.0037629605,0.0094433798,-0.0060215941,0.0037535167,0.0005837137,-0.0076797834,-0.001277107,0.0047538267,0.0012843672,0.0042641314,-0.0050953325,-0.0037403696,-0.0054459935,-0.008636827,-0.0001642544,-0.0044108507,0.0019960066,-0.0044636733,-0.002368106,0.0016897438,0.0043865874,0.0034606339,-0.0073540877,-0.0036660653,0.0362467228,-0.014364633,-0.0066403029,0.005372523,0.0255404477,0.0060451709,-0.0012823463,-0.0074984501,-0.0070028933,0.004652013,0.0059817258,0.0024338847,0.0024174657,-0.0029955798,0.0005158736,0.0018377759,-0.0076867447,-0.0000578956,0.001760222,-0.0081463418,0.0019660459,0.004023663,0.002004772,-0.0103199271,-0.0063774687,-0.0023007602,0.0010081207,0.0021463166,0.0033976865,0.00472894,0.1165081321,-0.0000980774,-0.0000223105,-0.0000114479,-0.0000686145,0.000059238,-0.0001777788,0.0000910282,0.000010702,0.0000286755,0.0001363497,-0.0000101769,0.0000877002,0.0000155339,-0.000070316,0.0001663834,-0.0001184009,-0.0002607055,0.0001965267,-0.0000374379,-0.0000293694,0.0000543045,0.0001389959,-0.0000443344,-0.0001875178,0.000004715,-0.0000034742,0.000267176,0.0002421281,0.000091551,-0.0066331017,0.0023943125,-0.0008831632,-0.0030053746,-0.0039485212,-0.0074086612,0.0079243214,-0.0100264633,0.0116826128,-0.0015726571,0.0080319174,0.0033661501,-0.0029313603,-0.0022759774,0.0091510257,0.0031640646,0.0014364678,-0.0068909103,-0.0100526394,-0.0021999598,0.0006681016,0.0061820555,-0.0057321096,-0.0042565069,0.0050671566,0.0025709856,0.0072142021,-0.0050562805,0.0063581337,0.001902573,0.1022548693,0.0048227586,0.0014784654,0.0021429531,-0.0069055603,0.0018124572,-0.002674721,0.0022231204,0.0008192533,-0.0018475032,0.0036069836,-0.0046032197,-0.0023998753,-0.011209807,-0.0030929279,0.003341704,0.0141583582,0.0059796077,0.0027030437,-0.0031099529,-0.0000540623,0.0051817778,-0.0040396599,-0.0046681196,0.0018834313,-0.0079053314,-0.0051817239,0.0081211441,-0.0058870807,-0.0064690376,0.0177458041,-0.0011587755,-0.0023533799,-0.0006971592,0.0116688845,-0.0022450417,-0.0125944365,0.0018491254,0.0042423933,0.0019187056,0.0025411096,0.0022540446,-0.0034125109,-0.00454229,-0.0020226781,0.0001290273,-0.0065051367,-0.0019562354,0.0025011987,0.002600327,0.0061013481,0.0109867663,0.0079778631,0.0061410162,0.0015065028,0.0022624903,0.0038188496,0.0050788592,-0.0043615403,-0.0044017519,0.0435585547,-0.0100022256,-0.0018696884,0.0015990132,-0.0055669229,0.0000930275,0.00947819,0.0055710549,0.005573095,0.0017975839,0.0056967535,0.0000052036,-0.0028220526,-0.0000004281,0.0040969947,0.0028467021,0.0028589394,-0.0041695596,-0.0090919434,-0.0030664747,-0.0003921304,0.0014058937,-0.0006432542,0.0026478252,-0.0064764496,0.0063931084,0.0024961483,0.0009853762,-0.0019019076,-0.0077075039,0.0938845387,0.0080247129,0.0078762074,-0.0032099869,0.0083965734,-0.0045845093,0.0025901194,-0.0006231013,0.0041376587,0.000343506,-0.0083219368,-0.0009607219,0.0000255761,0.0081534257,0.0065706679,0.0004356207,0.0019362537,-0.0043437791,0.0029995071,-0.0051504238,0.0044465657,-0.0037072899,-0.008009397,-0.0005250687,0.0019090148,0.0025929771,0.0020994003,0.0023914466,0.0016189246,-0.004149443,0.0935726836,0.006040017,-0.0044509004,0.008809095,-0.002367119,-0.0011027799,0.0040397666,0.0030386319,0.0047898443,0.0018501566,0.0004356413,0.0033228181,0.0024053598,0.005344148,0.0063351139,-0.0016286192,-0.0002998274,0.0020146073,0.0018653876,-0.0019611014,-0.0020054206,0.0006636379,0.0056354372,0.0022836842,-0.0015486957,-0.0063569993,-0.0010711134,-0.0028782366,0.0013615335,0.005993125,0.0575809853,0.0019795254,-0.0024209548,0.001847787,-0.0016611693,0.0037925393,0.0012678238,0.0028012216,-0.0029270662,-0.0067131604,0.0058770417,0.0016880889,0.0048108268,-0.0011093904,0.0019430497,-0.0074853043,-0.0071841452,-0.001736974,-0.0030564022,0.0010416601,0.0069304067,0.001771052,-0.0108532076,-0.002127804,-0.0047141298,0.0035788835,-0.0064226984,0.0011751852,-0.0007744069,-0.0011246237,0.0456988075,0.0116957271,-0.0064801313,0.0045471739,0.0151648231,-0.002017827,-0.009462569,0.0062251839,0.0144278068,0.0088594627,-0.0121198355,0.0063607536,-0.003496039,-0.0008821608,0.0109277104,0.0010733223,-0.0073359748,-0.0021835211,-0.0034194514,-0.0030801803,-0.0027487599,-0.0025939094,0.0095095537,0.0057636585,-0.0036251831,-0.0057092795,-0.0048058049,-0.0028943946,0.003154195,-0.0031450582,0.2573546569,0.0022130703,-0.0097879302,0.0131097636,0.0065468132,-0.0090725464,-0.003244732,0.0082662481,-0.0051854057,-0.0041702201,-0.0027757719,0.0007300199,0.0044353045,0.0023299879,-0.0023290666,0.0019539175,0.003017979,0.0007973773,0.0005784649,0.0004433874,0.0006365097,0.0002754849,-0.0020993775,0.0105806501,0.0026710168,-0.0099374522,0.0086305468,-0.0039896379,0.0036603262,0.0116851795,0.1953317253,-0.0015899487,-0.0045871901,-0.0053080389,-0.0048853809,-0.0043925765,0.0028282913,-0.0057297231,0.0042015696,0.0007846408,-0.0028508795,-0.0024304633,0.007552538,-0.0025028334,-0.0061103943,0.0012476616,-0.0032074736,0.0073983171,-0.00385677,0.0045291705,0.0048752241,-0.006702698,0.0023649051,-0.0037061317,0.0083926251,0.0048447038,-0.0005883235,0.0091382203,0.0030817881,0.0089528352,0.094561097,0.0023972282,0.000454226,-0.0003211758,-0.0013911954,-0.0038723098,-0.003619499,-0.0032799493,0.0020276243,-0.0023987795,0.005578002,-0.0015923565,0.0044976086,-0.004547213,-0.0020802937,0.0011661448,-0.0011860463,0.0002174634,-0.0055972812,0.0002086186,-0.0003551533,-0.0058241812,0.0055168265,-0.004052221,0.0000018356,0.0030628823,0.0034757959,0.0047943142,0.0035084323,0.0046077808,0.0068992741,-0.0045138786,0.0008166418,0.0176662806,-0.0052766951,-0.007576393,0.0056695107,-0.0019276063,0.0003314744,0.0046763051,-0.001306196,0.0058953605,0.003059973,0.0056452983,0.005408795,-0.0096811016,0.0028409113,-0.0049529168,-0.0011446339,-0.0086284389,-0.0030733111,-0.0018288899,0.009868329,0.003315254,0.0014845048,-0.0155578831,-0.0102834544,-0.0061799462,0.0117980965,0.0089130661,0.1087221204,-0.0000798956,0.01168816,-0.0062748641,-0.0077478647,0.0019633623,-0.0071141088,0.005184877,-0.0025857206,-0.0017521042,0.0045616426,0.0117415899,0.007245153,-0.0023930239,-0.0004465643,-0.004505517,-0.0108090754,0.0062416339,0.0113319287,0.0038261409,-0.0050512122,-0.0012093792,-0.006378887,0.0052487802,-0.0037505057,0.0013958044,0.0005205819,-0.0074845724,0.0012228571,-0.0052912673,0.1563023112,-0.0130183308,0.0012822556,-0.0141388418,-0.0148058791,-0.0011868059,-0.0003256806,0.008037414,0.0032561639,0.0074380472,0.0114221926,0.0013952272,0.0043798039,0.0010548843,0.0005363493,0.0011089917,0.0042330715,0.0167329451,0.0012332996,-0.0004159361,-0.0009817365,-0.0006622649,-0.0031753528,0.0004072489,0.0001087857,-0.0010260439,0.0003284981,0.0047987803,0.0009122476,-0.0157176242,0.2308976272,0.0032431856,0.0100767905,-0.0102150224,-0.0001725196,-0.0021537362,0.0148831924,-0.0007818581,-0.0034203802,0.0005309772,0.0066961549,0.0009654358,0.0012112635,0.0019266743,0.0079087729,-0.0085800067,0.0016256833,-0.0183015133,0.0149709581,-0.0031955458,0.0117872279,0.004106014,-0.0038707764,-0.0020885024,0.0003368346,0.0111667865,-0.005054545,-0.017180838,-0.0016299295,0.0077843902,0.2344605503,0.0009598533,0.009145446,-0.0004280283,0.0018306442,-0.0003976844,-0.0140005062,-0.0020518363,0.0082473186,-0.0071375319,-0.0067564085,-0.0059380845,0.0078727995,0.0083244878,-0.0037496022,0.0010582724,0.0073872166,0.0058315535,-0.0011604324,-0.0076681131,0.0016870396,-0.001168285,0.0006175129,0.003482174,-0.0056177675,0.0039726492,0.0014917253,-0.0011784067,0.0110965227,-0.0030919595,0.0752130195,0.0025702584,0.0023637824,0.0009429611,0.0052207741,0.0027343007,0.003821869,-0.0043948922,-0.0042011557,0.0079073566,0.0079221326,-0.0064454254,-0.0032360244,0.0030440214,-0.0019097135,0.0024607244,-0.0036023083,0.0047892789,0.003007214,0.0024336492,-0.0090822845,0.0085254555,-0.0011288149,-0.0040181195,0.0018859526,0.0099261533,-0.0076308722,-0.0126900071,-0.0019611851,0.0099891527,0.1464591105,-0.0012118894,0.0114564273,-0.0023121505,-0.003354576,-0.0098381804,-0.0019026824,-0.0012718315,0.0000798425,-0.002835176,0.0089300654,0.0019598695,-0.007762764,0.0060838759,0.0007086934,0.0005232992,-0.0026521832,-0.0007359977,0.0050926515,-0.005074003,0.0033838356,-0.0062425901,-0.0055545985,0.0000005493,-0.0011302038,-0.0133660893,-0.0029687102,-0.0043378596,0.0074464797,0.0029708083,-0.0238329853,-0.0000018431,-0.0000018084,0.0000006122,-0.0000016214,-0.0000002989,-0.0000040481,0.0000018727,0.0000015886,-0.0000027693,0.0000019809,0.000000882,-0.00000013,-0.0000004897,0.0000000895,0.0000016496,-0.0000022646,-0.000005093,0.0000040205,-0.0000015595,-0.000001264,0.0000044086,-0.0000004538,0.0000007398,-0.0000012107,-0.000002089,-0.0000027136,0.0000071274,0.000003702,0.0000015015,-0.0001261692,0.0066253683,-0.0033148774,-0.0034005552,0.0032762421,0.0053766627,-0.0004282429,-0.0006289562,-0.0011641243,0.0009014772,-0.0014614711,-0.0042691824,0.0058963677,0.0012585591,-0.0051394059,0.0001110799,0.0059752514,0.0014845801,-0.0025554958,-0.0044942579,0.0025661897,0.0005138853,0.0001809122,0.004239865,-0.0036260082,-0.0011007438,0.005084572,0.0010093704,0.0016928085,0.0015571001,0.0291100121,-0.0072130818,0.0079122459,0.0040474559,-0.0050124831,-0.0019066505,0.003191597,-0.0027422571,-0.0089983584,-0.0024696077,-0.0140896248,0.0025189526,-0.0009899435,0.0025808003,-0.000975678,-0.0042296315,-0.0008480597,-0.008400492,0.000231579,-0.004884641,-0.0075885479,0.0029087841,0.0106331659,-0.01022749,-0.0047855348,-0.0021509413,0.0053873403,0.000289583,-0.0032092958,-0.0002800902,0.1345951331,-0.0037467775,0.0060812313,-0.0000992192,-0.0064708977,0.0079238863,-0.0002978028,0.0038507654,-0.0048303545,0.0110795444,0.006285025,0.0009511137,0.003904992,0.002101792,0.0041043112,-0.0003318735,-0.0019064827,-0.0007860708,0.0012758576,0.0011707661,-0.0019891767,-0.003120941,0.0000482697,0.0050322628,-0.0013738425,0.0012178638,0.0075359138,0.0027118621,0.0015416009,-0.0095536581,0.078591124,0.0040729361,-0.010010541,0.0011759068,-0.0088115105,0.0073105044,0.0085275103,0.0035839086,0.0119022683,0.0028077503,-0.0062761305,-0.0022571671,0.003461439,-0.0104918157,-0.0087330914,0.0015809732,-0.0037588255,-0.0025769836,0.0013474306,0.0056896132,0.0031661912,-0.0104994039,-0.0059279734,0.0012294832,0.0047391342,-0.0089720104,-0.0106204845,0.0038526288,-0.0039163312,-0.0071598889,0.1420398387,0.0009838083,0.0072825042,-0.0073797127,0.004188847,0.0027065111,0.002594593,0.0056899047,0.0019256961,-0.0013159971,0.0046886041,-0.0000906035,-0.0012624415,0.001447277,-0.0034933738,-0.0009903461,0.0006110121,-0.0032886177,0.0029960971,0.0064624253,-0.0044949367,0.002359006,0.0022903404,0.0012804492,0.0002117444,0.0051450564,-0.0048494723,0.0005640425,0.0012655782,0.0053990759,0.0165246317,-0.0010367576,-0.0055822635,0.0037534594,0.0101602563,0.0051107871,0.0025080372,-0.0096749486,-0.007219532,-0.003900139,0.0060666232,-0.0018909791,0.0004815098,0.0025416919,0.0018021849,0.0046510614,-0.004148972,0.0096176788,-0.0078139034,0.0038204793,-0.0027697621,0.0032916668,-0.0040583001,-0.0054328527,-0.0047362813,0.0010281391,-0.0055301093,0.0011410718,-0.0026469735,0.0007266354,0.0919684661,0.0045222088,-0.0052854956,-0.0017723376,-0.0002632805,0.0033074637,0.003028769,-0.004489008,0.0005556299,-0.0029552925,-0.0050740703,0.0042698399,-0.0048697009,-0.0027461899,0.0041556529,0.0060748742,0.0033756142,-0.0032794842,-0.0005862588,0.0044545436,0.0059031993,-0.0096976021,0.0104938978,0.0050669701,0.0014311115,0.000017113,-0.0036549213,-0.007275765,0.0007487662,-0.0033628572,0.167475466,0.0026367597,-0.0003744143,-0.0047182033,0.000039382,-0.0006885846,-0.003540365,0.0061501204,-0.0034030305,-0.0028777161,0.0039727426,-0.0026606087,-0.0001282563,-0.0064072665,0.0025717691,-0.0000836165,0.007273177,0.0071052498,0.0007403577,-0.0021754679,-0.0001767324,0.0017459296,0.0004412552,-0.0042049836,0.002510404,-0.0040351271,-0.0030849245,0.0020094523,0.0005940135,-0.0070554374,0.0314332093,0.0062109797,-0.0063099274,0.0188827495,0.0012461217,0.0113129804,0.0009858497,0.0013133139,0.002537266,0.0047100047,0.0001035135,0.0009397523,-0.0059321915,-0.0163910207,-0.0079488966,0.0055584784,-0.0051127548,0.0047959245,0.0034422272,-0.0044020664,-0.0061639758,-0.0013045306,-0.0087352667,-0.0078675979,0.0022891664,-0.0037203822,0.0000375774,-0.0194677821,-0.0045667585,-0.001528164,0.2768371611,0.0016740663,0.0003230715,-0.0058072268,0.0033003323,-0.0058007072,-0.0051100352,-0.0041250726,0.006509884,0.0014006904,-0.0055271013,0.0120887224,0.0039143964,0.0022150996,0.0055988942,-0.0005125608,0.0013419256,0.0033590801,-0.0097547081,0.0042264011,-0.0075221874,-0.0043431988,-0.0053815266,-0.0020064123,0.0014013415,0.01211666,0.0064154264,0.0097283831,-0.0014060574,-0.0073068787,0.3167328415,-0.0035312649,0.0095295139,-0.0039946725,-0.0097413987,0.0011302196,-0.003489146,-0.001057604,-0.0092635761,-0.0095428243,-0.0024157989,0.0015038143,-0.0034502271,0.0048013184,0.0012471616,0.0104916553,-0.0065012229,0.0016918779,0.0045034878,-0.0063538242,0.0040536751,-0.0053413018,0.0051603592,-0.0007610034,-0.001612243,0.0040071952,-0.0060421619,0.0007969846,-0.008106848,0.0013436822,0.0780841172,-0.0008465929,-0.0082117567,0.0033948812,0.0021626209,0.0036170316,0.0005085772,-0.0077587806,-0.0051745962,-0.0058596702,-0.0009192618,-0.003276218,-0.0081069532,0.0013897491,0.0011769599,0.006267845,-0.0029942953,0.0020202862,0.0071750236,0.0031862035,-0.0121087592,0.0044633108,0.0044981357,-0.0044324174,-0.0110311539,0.0031456993,0.0027219856,0.0052724079,0.0032216616,-0.0022264263,-0.0783123145,0.002615261,-0.0020157551,0.0000218275,-0.0027101789,-0.0021008239,0.0022219175,-0.0034019691,-0.0029537776,-0.001563322,-0.0047488206,0.0001752425,-0.0063352968,-0.000243369,-0.002548344,-0.0040113917,-0.0005906087,-0.0039207788,0.0041454034,0.0032171005,-0.0040986599,-0.0001365869,0.0025098683,-0.0007462719,-0.006030637,0.0016230642,0.0072581593,0.0045519681,-0.0009307881,-0.0005785105,0.0073064848,0.0008765026,-0.0005689691,0.0224904171,0.0024398186,-0.0056104307,0.0020053801,0.0076582543,0.0063183593,-0.0047575178,0.0072849114,-0.0008026558,0.0065155376,-0.0023255262,-0.0004546785,0.0033853157,0.0000917498,0.0069756855,-0.0028604759,-0.0023294484,0.0046053528,-0.00949129,0.0112697908,0.000878883,0.0049112648,0.0044791387,0.0191840582,0.0016519341,-0.001361842,0.0035339406,0.2745517638,-0.0013184952,-0.0058635419,0.0058737011,-0.0113360183,-0.007262634,-0.0007307986,-0.0089807729,0.0032399205,0.0178449703,0.0023959372,-0.0059263765,-0.002835064,-0.0001178487,-0.0082897408,-0.002634795,0.0010046737,-0.0022183445,0.0021686631,-0.0012228281,0.0039490423,0.0000008635,-0.013600573,-0.0026441871,0.008537766,-0.0068246046,-0.0101801073,0.0002930162,-0.0079827166,0.0094178095,0.1119916271,-28460.4459966709,-2540.4185373239,-2619.6999378942,-6193.644175297,0.5405061229,2146.073662782,5949.121337731,-3.8494260616,6151.2690478659,-35923.4938175978,-0.9529399644,2.0390589553,26383.0569770134,0.6247330962,-0.5907976327,-0.6822732512,0.9082157588,1701.238621314,6150.0529234915,-0.1033217684,-3470.6084438133,-25181.646764507,6406.450302566,0.0219452692,94.002517038,-8491.1533605705,6230.7188799099,-15764.7364473865,0.4412288152,-0.6009688475,-5715.446862113,1497.6188911184,-0.6110178551,0.5561345725,-0.1892429116,-20738.0092363605,-4130.9598704184,-811.1505970604,-22.784480444,-24747.7980286994,-0.2262307938,-3041.0629351425,1.1628137991,1945.3640111953,14294.5170054372,0.61661382,0.4876771248,7357.552494743,613.6016375081,4.4617653074,0.9674085141,-11948.4226208099,-1.9575952627,-122.2716309784,9858.212526275,-14551.2824472439,-1937.4611745334,9892.4909265262,4459.4328654433,463.5590792991,7.7193204831,27.1772862903,6531.2834129386,-2639.1738700187,7737.1733968494,-26.1435148587,-11544.4370950333,-12209.3691682508,12914.117924956,13.5473322689,5450.6120713466,-1064.4571823195,-1139.7333599611,2934.3345181533,-67.2002032846,4964.7249508102,-3765.8370650247,2464.6996441658,5875.9363609975,-3190.1071706132,4225.0611344405,2.9007184882,4223.2900683126,10195.7429696196,0.008960034,-84.3592507047,-1871.8681594288,5261.6064070345,-1.24326766,-6717.6814968831,-0.9325675998,1.0511780807,-3042.9571572717,12951.8524372812,-0.5587580197,-0.9396520592,-9.0771717971,33.9511019872,0.7280868008,0.1997814361,49868.3125198013,1.017111467,-3289.8817070863,7364.0297759213,-2208.176010278,-545.4670665728,-8662.2378877008,-6972.0376416555,-0.7909602723,1217.5465665519,-0.1121753333,-26.9286100963,0.0757694384,5777.4752873462,-0.6440075137,3400.4153040211,-9399.9474839205,41363.1024287779,1.6257570477,-2511.6440454265,0.3656751069,1696.7283523512,13039.3304969778,0.6203139875,-1527.6102266158,0.6381882127,4377.0886777695,-7.0294349923,0.2364546763,-13071.6781545282,-1.087888072,-3209.0799045724,-6660.4388558188,3.5201483455,-19398.7883965551,7753.6537272078,-6890.7493128478,-2186.6508437214,-5290.9725899112,1359.6168901105,-42.7559206209,745.9013362811,-22106.0171283675,-1345.5362349549,-1319.1028605357,-0.4303791863,5258.9908006243,6572.2245457255,833.3903263496,-6903.6450236393,-7868.4993167972,1668.3454947719,5293.120053943,6374.3857933355,3495.571549808,2783.8941386966,6982.8632626689,3055.532759928,-10183.7456008958,-10597.4317822612,3000.8652996547,217.9481805512,-629.2014734755,-0.3094600484,-1.0649535557,1514.4388427513,2598.7578449788,-1806.0397521233,0.4358435863,0.093317606,-0.4208396886,-2157.2244573103,0.2840874036,0.9757052148,-1.6495347072,0.6548762331,-8.2866744733,15463.2665133988,-0.0593902828,0.73197081,-37746.6443246795,-1.2421538419,51070.9225485575,-131.4412607826,928.1590229256,-5.3118370272,35312.2274542437,0.2569643861,1.0322825008,-0.7986524852,-7.1060261151,3664.7888795788,-1036.8542134759,0.0529889122,0.0378303377,9485.6397225788,-0.3148574078,-443.4712719538,0.1970142331,1.2770173337,1706.1935560713,-3155.331488532,-0.6553174407,0.224220494,-1.0450075753,7239.4334376851,-945.9169170726,-1039.1201557353,2408.8679606273,-1430.5387896502,-0.3349719007,-4538.6823641711,-9136.1415906906,192.823425329,-8871.513550601,3485.3274909229,2245.2737171607,2829.6922901566,-7013.4971370623,2.471208183,-3614.9686956591,2999.2727609954,-466.9142562346,867.7659380259,5342.1804249938,-692.7853530098,2082.8536560195,-2386.4736856372,-12378.1110380711,14.2262719459,-2153.8881220719,993.7441945208,10773.4787876529,-2818.0805846712,-0.0460434841,-115.825444629,0.7263068457,1506.7550990277,-3898.6711849258,-4678.3835483457,-4808.942657403,-1810.8044617171,6.1090168814,-4919.4712262528,6442.0327335549,0.1644780654,398.6115977885,-22310.4767296927,-24.6266617382,2861.2070587923,0.2620379216,0.173190772,5480.7257655115,0.7079613025,2348.7592126942,-0.3640664233,-11536.8598854002,-2877.659868338,-24.6632612876,4898.1039946615,-9026.3076448725,-23911.723305515,324.8906805661,-30.7688132774,-3.5386642164,0.3685181587,-0.453801745,-4825.9524964369,25770.2692920078,-0.2330089618,900.0041815708,7994.8930144262,602.9498987637,3367.5594839494,-0.6710248731,9377.0922537486,0.5574859932,-4.0230192649,-8.2855262319,52722.6649834884,-2964.6297858616,-1.6676852358,-25578.0599113513,0.5929978375,591.7956332257,3635.6985950915,-1534.0073179706,-4068.5839355046,-656.6588604901,-1.7223766205,-0.2590423256,16613.4049168319,-4498.882046446,-2655.3105880944,2876.0680590299,10.2023376615,7325.2452309033,-168.2221578158,654.7977359717,-7239.4086524021,-6246.0652366172,9952.9636032554,-8519.110521031,-1766.2122479894,4241.4089350384,-7853.0961894953,-988.6654420022,-2010.5076934222,-6118.0130122423,-3425.2128634092,1459.4470104639,-3456.9445570793,-6938.435386387,13310.0337633031,-507.4712390779,-3841.9179848443,-3625.0815222611,4694.7301146675,-1830.2426234775,-2.0381015694,-3967.5826064443,0.7470940771,986.5036826128,-37121.4211786953,25500.9584538861,0.5155566699,45223.3083926461,2171.2991923267,0.0885919239,-1395.58695866,-0.9141545299,11161.7093049007,-0.227678053,-19061.5397080639,4.6651344338,0.8423390516,-45.099288165,0.8753617502,0.0997733,-0.0735327506,-3213.5240973084,-0.535761914,792.6800954556,-7.0730612649,2.0299975264,5050.1324764108,1862.2444420385,-113.6645192108,-0.9731093235,16295.2351763309,-7144.5723668948,2462.6779558378,0.4863907369,5835.180506786,-0.8352561068,2538.7243501843,-5946.6928809328,-0.4533926458,-24042.7073868805,0.0409363494,12909.1275126873,-3.3472227135,19252.7437166149,-4712.7989596423,0.2060761772,-5709.0798218095,22190.4392426443,47212.9723180897,1.8883579923,-7086.4377807392,0.4153085864,7207.7253417695,-1.8775193561,-7318.3575919162,76.3213480541,13115.9568524904,-1.9180940335,3305.4950261292,-12126.1679951319,4542.0937710235,-0.3505154135,-2126.0680321686,-3926.6240408174,-2.9016074418,-16.2904067061,1.7199054758,517.359957104,8150.2045028245,-15507.6699463636,-4637.3603283474,-7310.3835292204,19.2887056075,2263.3105441553,-15182.5133540153,-2392.7422666884,191.1343963491,6195.3537958798,17484.9316794286,489.9266103253,-12615.2687514015,43030.5959213008,-9.5313208292,829.3276056747,-2.4268949423,-1180.505423447,2114.4440067439,-4315.3563787138,-5.563622335,-0.7168054645,-0.0614933968,-0.9267013488,-872.0855900691,0.6049690078,-182.1247180308,-437.364791509,-0.0139857937,0.5766325958,-0.9619814782,-1.2007318631,-15986.9941522096,0.9379039627,23409.7314160187,-0.3091744411,3860.4901996508,24.6845214222,25.4064012412,0.632739987,-0.694830148,-1.8963683399,-0.7205679144,-0.2447516417,-0.2340577996,-2024.6141384375,-14068.8237987628,-0.2192936084,-8365.6033091008,-10847.9442752834,-2715.3000905546,-3.3286142651,-42737.0131472029,-977.5917642774,1435.3960490112,7252.8933492306,-0.4508936945,-0.6515592783,16185.138457914,-933.3631263678,15894.7704700195,7.4144681881,7851.8254906089,0.7458170552,1694.359576075,5727.1872483088,9971.6677814482,-11754.0842677897,-12914.0457195829,10482.4648701709,-6196.1720196885,-7253.1811935704,71.3715108211,637.3694751667,63.6450189007,-8829.2598395475,4314.8928702206,1846.2583441468,-7604.1488831154,14453.2273008579,13.9674642825,-4730.7558299862,-3625.3936988196,943.727960633,5976.0775244998,-2936.6373701708,-1570.1611592775,-25.0256319528,7222.235841208,5400.5643917982,-6836.3968533152,-39.0128362711,8.1530569922,-7728.1656387535,5.0732502868,-2967.4202820642,0.5626785405,-0.4121659139,19522.4776009722,-9629.2228280713,-2212.255932327,-25933.1050542696,3745.734232834,0.6149655337,24643.0906657151,2151.7592940803,-0.9328277876,0.4169009749,-0.6531054438,53.5415669055,24741.252102883,-25932.3824133506,65.9708204751,-780.2365888515,37394.9767524936,-2971.4953882767,265.7588833513,-1873.7532748008,-23009.267135013,-0.6212370503,34996.4259162592,-0.5162514633,-1.0199650724,0.2984938442,-36734.1482616593,0.2824732819,0.2905428402,0.5312633289,-4584.9390404779,-48.4795488958,2688.4906319517,22339.0493289632,0.3657708109,4936.4956494281,6382.1191138974,-8832.7613610146,1141.5297816913,-0.7553687281,-4295.7201647349,-6205.6287440523,-28993.0019653019,-0.9884864093,-12.5714917248,-0.0064667798,-164.6598972537,-3315.3471722248,-1487.0248994697,3605.8296344788,4268.9055824134,9226.9930414044,8717.5789780303,-10024.0229072862,-6184.1916448021,-10438.8140145723,-1327.2487550975,-0.3292842738,-4773.4403415175,1804.6884700168,-4225.9953468176,-1907.1171150327,-1769.1970743154
   -1461.3292783696,474.164264941,-639.2085656682,-3867.3320975218,12541.6806264055,2281.8703739721,5692.7776776433,2527.3680834012,5226.8018410916,3734.0249157102,3402.7287670306,-2626.2201482524,-28965.896687123,-4503.2387874286,-8102.546635979,-1017.754958357,-520.7659111282,-2.5695937365,1735.2804413958,-6064.2330613366,389.434007509,473.7574845974,0.2083422659,4.5199418493,7075.3374289443,2.8181024465,-5719.2435149141,-0.1646633098,14491.8241175918,-6798.6636983357,390.9522407432,13289.4920087302,-349.863577305,-2628.0967098574,3441.0540707367,-0.169025639,0.9557306697,28255.1314295927,20494.5083677035,-1409.6299166011,-1.138261137,3.0966943984,0.6496319416,1180.7643174257,5342.0333622509,-869.5256308164,0.0475589354,-1860.5402274742,-9371.2844447586,-25.0045229749,545.0890367996,6901.9855875709,-668.0753725248,-6848.5477792579,-8985.6025280739,0.8102291729,3425.8439891721,-4683.2153545434,-599.3312241137,-27345.958733286,4226.368141994,4001.4816118259,-0.1358682531,5298.5450444224,-1599.8154077486,197.9378581332,-9143.8292511942,6210.021255824,1137.3808308304,7133.7266854994,3570.0448063939,25.3845595261,-5902.7440395936,-216.600263491,-6335.5396210352,-2318.7862543836,4771.3862088527,2028.0029706572,8201.6907777856,5666.9518187028,4179.7746144906,2750.967306632,-1457.5027277713,3542.9026888297,-6.7472814295,-2343.1231835322,2246.0975986476,-482.7366601444,-219.2793140299,-6933.8094183176,-5511.3376275181,-3694.5359175162,3084.9170100943,-1850.0499499426,-13762.5684749529,-209.8037587845,-4798.0350579243,0.5594329701,-42253.7629345841,-17368.8887431205,15.3991047393,2.5460043947,-0.3786167124,-1573.1789806182,0.0601717506,-0.3922828988,3005.5185815822,0.8354408414,0.3087288458,-108.0787943442,15.2066705715,0.3423774054,-23484.2995145736,14119.0830283562,-25184.5984505525,6256.8261700808,-0.9201620998,-0.2305461031,-0.1866394025,1370.4431840163,-0.2057436657,-0.3345652869,-1.2118655424,-6122.0608030109,14930.2290603429,-3247.4199314933,-0.3567183165,-1834.2052373044,-6898.9244368607,-0.9185806649,-2336.4635919036,-0.1878814646,12477.8254526212,74.2055752317,2092.8801700501,1063.3601927725,1072.5687548242,13024.1807779206,1311.0733865101,-20246.944614429,-0.4183789961,-0.2347452925,1.0097467286,2226.6909734118,-7067.5933474739,-5499.9529760687,-9866.6990550471,-9682.1453389345,2.3634651313,-1526.1295278976,13.5840113832,3747.3953384018,-765.6386828475,-10499.977214853,-9996.5486457883,-1767.2494164156,3743.3107406558,-452.3466131562,-11381.7232890896,382.7119592482,1265.879387173,270.1193313034,-6.7665405719,-3491.2429781546,9071.0490225836,5235.989740637,-473.8102619421,-1497.2926086518,8356.4603681818,49.4826074539,-2.7363209856,-4874.4647783468,803.9136062973,-36226.2888155415,-14.6768246034,2095.9515738279,0.2486138946,1164.6792097269,1.8595736873,3274.6777261607,26590.0292967244,-0.2528385122,-0.6121325679,-0.6499908739,0.7923982037,-5300.2311367198,-2669.9928613791,-0.1955815821,-0.0029666655,-118.1721593856,26588.8516791465,-43046.2659110589,-1553.1092213391,24948.7120579081,9569.1544530725,21821.1647201891,5538.0160561082,21.2637092338,3486.7865502229,-8613.3544246921,22150.257856994,-46.7735434441,-0.3926716975,-133.632934726,0.9308976911,6336.0517975952,0.2179248777,7453.7264462826,-124.638814223,-14499.8771554807,-0.1622250888,-5120.7509850441,2020.5655082041,498.3679146618,-1770.6453598941,0.8306723652,-0.546112503,1103.8302707125,86.4288526911,-2201.7624272106,0.7881739356,-1.1034005925,-0.4699721088,-8445.5315182605,-2490.8759428207,-21.1146940284,7363.3299345985,-3.204589237,1534.6994861741,-1404.853592233,-130.1589103092,5702.3654243816,14030.8720581001,-3682.8330243193,2691.0659113421,-1307.0140064854,-3519.7632012423,-93.7388881223,-8181.8629353523,-4297.5522677381,-80.0912981147,-4495.9416771821,-4549.314212618,2485.6314323339,-10070.2165918094,-4036.9190728033,-3023.9956019089,-2099.1692492813,643.7174188466,731.1618886732,-75.7535122046,21581.0532610919,13342.3530075993,-12969.7095180254,-42.0861538597,-12.9495694714,-5056.0064718253,12.4993709868,-8.8972346824,1750.8001515822,2287.6235380815,2221.4767354984,-0.0587835016,-0.656958844,-0.6553665576,0.9493996462,-10.0561126974,0.1641246872,1.0392643193,0.7277590263,2289.2702670585,2.4883738252,472.9712034001,-1973.984656624,-1209.7863606193,-6351.7348052794,-0.0775455968,964.5804365416,13.0902920278,-10734.3137629614,-9778.4261059907,-0.9747458572,0.6094028081,-8725.273902776,4.666185258,-159.4836489424,-0.9270879286,11731.8421255212,0.1625324104,-3211.2889459072,1570.0807891464,3186.7405538947,22657.2327303222,0.7661066574,-22184.975316469,-0.1286027766,-0.2748568073,-0.4719703856,32825.6384164614,-23868.5096565511,-4156.2639794178,1.4177819725,-0.3605403493,-2897.3064158929,-4404.3425576429,-8067.4805340213,-8287.5664466612,502.3758184539,-9687.2525454648,8846.0198804539,3585.8228984822,7590.1552540418,-131.6604882238,10780.6163996233,3551.2234231552,-766.6387668748,6315.6109287595,-9723.1859515752,22639.9185301769,-8126.3402195857,-3568.9981498594,-16673.5380855017,5949.9884341294,7271.7267132334,-3651.4016121228,-7326.524429833,-17521.9791722124,200.6215617237,9580.0771434711,-9197.995754408,-3778.0763741144,-21645.540066075,22909.0140257116,-1217.4326198206,-6379.6003123486,-18.2536659081,-765.9131141308,1908.1148703658,28442.5699121209,-0.2079414922,0.826837246,-10950.9096947818,-0.1232261302,-0.7313840612,-5.773543304,2279.3102664197,-144.2063886296,-0.2495705371,0.6596004306,-0.0147015311,0.7829888367,6229.757425835,-2629.7091338232,-0.2380156854,2477.117470734,-1011.9111442545,0.4551599705,0.0962842545,15722.9718115944,-5.3429121564,0.3478181996,-9.8708926254,2938.9214309532,-3113.1728064677,5823.6989169651,0.2309445448,0.7067873852,15004.9472791582,-8275.7576786045,0.6670124182,-0.0474699275,-3737.9556587953,15718.3624954914,1.4648449633,-0.162038534,-0.2229203297,-8033.1081472241,0.8838346285,-1.1527619599,-41667.6920599247,0.0570107247,456.1519070418,0.1856847932,10799.8994949312,4246.4179920133,998.0740916156,-2234.7759407136,-2529.2598598095,1817.0372775167,688.777675643,6875.6191836464,2589.3844581201,-11642.6610459913,2705.2811137924,5872.9978355325,-9074.3340828935,-2556.354041268,-1897.9916965109,-983.4212727827,-3453.3996519316,0.3273461292,3072.6653741721,-1544.2142733878,-7874.0993785529,7392.4393759021,-611.2281193405,-2.9045431652,-6700.2108586144,-16540.0715992135,8202.6602221088,4798.688736054,-10211.3897886872,-0.5203550605,-113.8569926238,-5217.2598631498,4735.6246503913,600.4396122745,0.2133027242,-1276.2439803117,-0.3379016945,-6853.008070827,0.0172397584,0.2962297161,-40016.506651722,-23168.1170161793,14294.7873500435,0.072580652,0.6718960958,-4640.1130183763,2466.0253732772,-6852.345342227,1790.0397738039,10710.8128677231,0.2015081309,-4492.210918743,0.5349642885,-3.0203736253,-11090.7922418823,-45669.5026857205,1.266902626,1.865919877,3421.1668767474,0.5874006457,12692.1843796335,-0.2219591025,1845.5455807022,-0.7534158132,13296.0224285287,-0.4128731683,15930.1227805064,0.4526896284,-6.3657641629,-0.3188657391,-2533.419082488,6668.2470209132,-1.0131298556,-5236.6800976428,0.1503369232,-0.0009689212,12896.9747711929,0.8597158314,0.8494040668,0.2698698276,-9762.7729308715,3897.9691867102,7104.6556204969,10020.1970849915,-12563.326289059,1442.762071347,6817.4256630825,-5361.8737247411,-20798.2850827617,1010.1068134245,-4310.2070681462,-11756.7580640166,8.0374692752,-14240.0324057854,8.1068228225,7.5999008687,6431.2606221482,14896.0824390189,8.6612540667,5881.6252334088,1592.5955970075,-2813.0464175286,-2260.2630526547,1.2980260472,5232.4859655121,7797.5611197799,-3807.8286948704,-224.1094042807,9647.3225151516,6408.0543387011,-3661.1044637809,0.0618370181,-22960.1502989954,-0.7855313296,6517.6205677577,-16826.6388614692,0.2615503536,-0.7195618108,0.7193706991,0.2688130995,-1417.076786453,-1080.7146450808,26.0834581786,-0.3537797366,-0.7276077563,-36947.4212044341,0.7369750239,1.0742371481,6890.2956367302,8616.6029374554,1.1256413041,-6413.8472801106,32.9376550298,-2.6615948629,0.8320739102,-23442.5506896361,307.1931770775,-4212.7333312806,1.0431304705,-3900.2929099818,0.351190974,-4277.4591010557,0.9346491855,-0.4653894248,36062.7856643862,712.7912411101,825.0269392921,5645.6540122078,-5.4538796655,1429.745525665,3.72794169,-20.6660118772,-8.8004798387,-0.7338141611,0.5808295112,29121.468806715,8544.5783666249,-130.9257425792,0.8550225977,-0.7417979136,997.2524986394,-7733.179756978,-7647.226340519,17.2756522996,12104.8659109113,-13957.2596088354,-5321.4363546142,5522.483988011,8961.8675439353,1049.9304157563,15562.4348165156,-11074.8026828043,-18996.5547906672,9826.789133206,-1755.3382331669,-5361.3780809475,-743.3326251029,5863.947677031,14369.7826693926,-7419.7514998744,2819.6461976299,-7836.3265083894,-6302.2797196327,5315.887826794,-8756.6828591306,3619.1782053323,9681.926318448,-1.9461528152,-2716.3600366371,-44116.8739753667,-0.1383749784,-26500.2420550172,-2209.6066469224,2262.0334720768,-5.1248662373,120.1208616613,5288.5553622238,-15.7592506523,-0.3279440514,-0.6340346061,6199.4837357734,4726.4512321049,-6.6224663815,0.191907326,0.3106827793,3285.5116076645,1831.4916825239,-14.5462667454,3494.2296179237,3454.4261383343,2007.629501098,2371.1053365942,0.3830505463,8.2710104632,-0.3732472225,0.4136618245,613.3324116114,0.6637054756,7297.8967240596,-526.0602342874,28648.5484414978,-2137.015839667,48785.4259979073,-0.9365820911,-26488.0662965521,-706.4743865163,-10711.4615055834,-1.03659236,-0.6920560491,-0.9525312177,-1997.0103442812,5422.0509402145,0.0294585376,0.8825513636,-2.686741964,1.6719840904,23027.9904122523,1.0007672747,-3413.850930475,-0.057592733,2720.2242807718,16102.6164720613,-1591.8239640716,-0.0434421383,-5000.8607973852,-0.5860173326,-2373.8493199245,-2441.2743999936,3982.0997657182,478.595850363,-911.4731574483,-9172.91072125,490.5380577191,3151.2427356032,4267.745668184,-18816.2722940773,8829.8018593156,2122.5251867098,-644.5629498435,3635.0799452097,-0.24569015,15476.1222122175,-2551.6556242115,1316.0873800544,-8086.7686345778,11688.6646525401,2010.2946168949,19397.8634337423,2003.1862962756,12428.2414006656,-7848.3065236092,-517.0571767937,27778.5244394785,-28878.6293510945,-0.4537144616,-27032.0792153649,11958.989619493,4103.5959070888,-15.3596342794,-0.6199259842,-1838.5367054199,-19245.1067834912,-6178.8383758703,520.1217073281,-0.2508733646,19.8990184388,-12413.6920182592,4104.1758833121,0.0983145675,-0.2186274432,1161.9465863486,-550.7920390265,11211.3744837821,-11848.7834160892,0.3261427288,-3096.2127708769,4318.8321995464,-4588.781228153,-0.2336715186,-10793.9951574464,-1012.1163477412,-17283.3995183104,-29701.0921882848,-0.0851150624,-5808.4875632052,24836.5483957355,14269.4133205931,1799.1169833692,-37622.4707655737,4.0799565709,13890.914311314,-29988.7163580396,94.6103517664,-39.9508147508,-0.4588434442,16757.4621384452,43605.8969335173,0.5429901553,-0.4966781958,-0.7831040842,-6114.246854753,-7695.8052189658,-10541.5402922865,-1269.7688032603,-9322.0177078328,-2527.9381349477,516.7577731782,-5972.66553687,-2813.6704970706,-8845.7984440371,-4529.8019026649,-2734.7037647809,-4328.7452846406,-3.2857564605,2520.5836288989,5259.2056596545,1932.0608162126,-3.8661390703,-99.7892124408,-1042.6135464779,-16182.2113552919,2025.1081577295,11687.2165649637,1.4463816962,-9118.0261279961,14062.3639449772,692.6389581404,-208.7883859866,-10142.8963221823,-21075.7642020623,-1533.3320321277,-15033.3106030247,0.4580347308,-3014.272264249,-36.4880033503,12939.4547303886,9076.9963567568,-209.6992013651,0.9529313468,-0.9695734065,13.5297486349,-10283.0509526773,-562.0749524948,-68.3455878364,-0.7298712853,3718.1851575913,0.578450672,-208.9873811774,1572.071688857,-13.6847007229,-0.5992580668,-1.1713792246,-0.4933817861,1.4230503202,4113.2293586864,2645.6107741892,939.1610945593,-504.9146816305,-0.7155641979,0.4785801573,3.6488033883,-0.8405803526,41567.5418076231,-0.4072702812,8600.2202179571,-13346.1442952142,1.2195909987,1401.759892399,713.0739720507,4583.4510615183,-0.167348769,-4318.2759166256,-0.3320885865,-27499.1868859402,-9231.5689735775,-47.834497212,-25442.6964526515,-0.1492245705,-0.3711808435,-0.6218613161,-4696.3238142507,-20687.3665105774,0.934392798,4430.3563451632,-6817.2581621008,-9791.2972301572,-5401.5481501049,1356.9558469534,679.3633341218,-6095.5285212501,-1.431798383,-5258.1101951001,-5980.0020139343,-13414.114855721,308.0566195538,-5432.4397441039,13029.997201113,12194.6344463533,-1861.6287060628,1094.6145485851,1088.0658477519,532.0992462599,4248.4431775174,-1642.1336022582,-3172.2661263359,1137.8283185822,-14811.8037741978,-588.962627851,-1752.1984292653,-1857.8054714296,-5220.1524276629,25222.3786148961,2726.1389987521,-1.3330586949,1367.0412763149,6.3590711285,6.3172373502,-6175.2888535085,0.7882091851,-0.374979662,18016.7630707956,-0.4797036474,1.6193737492,6369.7119418173,-0.6086357079,-0.4212561162,-478.1312159716,-6173.8758105194,-2517.3367089827,28809.578629434,-219.4611875346,0.6957294944,50.3330474484,-0.1298448855,-4109.3522036602,5748.1516560675,-12429.88981281,0.8250515131,-23.0988078437,10.2643253334,-1537.7837887858,1.1713342798,10041.8238442606,0.8032354868,-43423.1029376369,0.0858383955,-673.8281570569,0.9019252829,-2784.9358835403,13915.9475118348,19744.668001093,-0.2004521386,7757.635474479,1226.6299038231,1.6901297573,23533.9685294817,29979.9835460461,-54.7523370124,-13016.9998308015,-0.6581985013,780.0066481718,-6584.9571186275,1586.498081246,-1453.4299827825,-715.1173391044,5958.4382445201,-1100.2284419261,8624.4571359577,-7889.22835905,1017.3465224075,-388.5534405939,10539.0460742003,-11842.5927984807,-5310.9800994297,10532.4040569319,2772.6819006596,12227.0001002035,1806.6803674253,4700.8665945422,5179.6501756945,-1295.1619320405,770.9319806034,-3597.1972439528,12782.9820538416,-4163.4959231921,-4814.1906434312,2764.4910916373,3403.5757555378,488.4571801045,-20128.4971162524,2536.7337816599,5622.3708616523,0.9551065369,-0.8684097638,-17.00999096,7625.5805067542,-7.951912081,-10555.8768647033,-3469.3901708419,0.859708844,2.1041745213,0.8044442561,-3102.4799515818,165.3959948329,0.1431100507,4040.1497908611,-7956.2471448262,-10555.80073109,-0.666363009,-4163.0149005242,-733.463901839,1.249351724,-4053.5982818958,4546.4508708943,-2.9865993401,-854.1404326091,74.7824600312,7847.3749119826,0.321585746,3509.2733042838,-8.5758619238,14818.7598928945,-2191.5030686044,-0.5421381579,-3886.4569255326,330.7102484607,0.4923399393,-0.4007515374,38.1136864584,-1.0188216147,-9929.7053507097,41.4187746352,7077.0285654296,-0.6997622357,-10433.1287890065,0.5227392991,-2756.545539066,-0.6717945466,0.9503665036,-0.4816351219,-3475.2026589315,-8686.0733146455,-3342.7965545878,-7806.3817944276,-14224.0822783395,-155.0803550732,-3018.3144173315,-9786.229322021,-10665.0552041459,-21792.2053881626,-5084.7819324278,-2093.9493443206,810.9637339644,571.7963676137,3622.0476674432,7194.5717558468,-666.3807526173,1711.6595118395,2.6233833366,-0.3002956336,3284.7584857999,12280.2666301863,11975.274696382,-6247.3534127162,-1568.2355418278,11046.6290544486,-5127.0389100613,359.571063191,3805.9087071635,-5580.1764255284,-4862.4632680522,-10095.0845238457,-6913.8629038247,12701.8729969269,496.1486890475,17827.464592133,2708.3755668286,3585.8841464939,0.8278336493,-0.2987271261,-0.5187402317,2092.1316643607,2.7651176419,-7637.7620885469,-0.9806301528,-0.8655618387,0.2352701361,3585.0214740245,-0.2486564967,1871.3081294367,0.0459182797,16928.1796387888,49.9452955878,-0.4325784888,-4341.5060335207,0.7433401166,-9468.525088137,-0.1289197409,-2113.2783292237,9369.5384755428,0.3053679493,0.7775683872,-9645.1540115677,0.9238336122,20145.300801026,66.9172701228,-5177.0889837237,-0.3921972605,3091.3212088746,-1.7816420817,-0.473948396,0.3456826093,1.1134197361,0.6478429246,-147.375547977,118.3182257237,39579.897303816,-6.9503023584,-0.1363679948,-0.735729429,8201.831172776,4930.8612989946,4919.6730461716,2859.9243804156,-11119.2169754338,-0.2962944433,-5337.139948223,-7449.9487274055,-19590.7789510471,-3816.8946995607,13397.3195756716,-1646.0506047638,10027.9768988814,-4751.4006515278,-4356.1023433818,-9792.388096368,10900.4085488127,-3200.8089204529,-4698.1148626248,-3663.0701343011,2681.9925382133,24786.3592185404,1279.3063150486,-1906.8088712381,1117.4136864031,-0.7205058387,-5830.8564194181,4575.5986865872,-2888.3201052769,-1744.3745823654,16017.7071960317,3892.062948557,-0.7441642082,-100.9018637657,-578.8284951474,-4597.1542769299,-9703.1306317715,-0.8182050078,3.6519047168,0.036555094,-0.0025740379,-0.7043704944,-1043.8568795883,7217.6215528817,-0.3889152836,-3102.7240726849,-5.8831165602,0.8058964058,-24228.8192977336,1.4600519937,-18059.0251970895,-1542.0433286894,0.1541989788,-2638.6769166217,59.4224876808,-0.1160735434,2.6915960831,19701.1649423362,-0.2120799423,6519.9699959695,615.3832172935,1.2530558927,1.5533361575,0.4710162791,31226.0550248497,-0.675930224,20835.0011523002,4822.1673984333,41727.0373248159,-2546.9931177856,-0.5661646098,-7637.1128905426,0.0615180085,-0.3583932888,0.7095060262,-3982.4030524377,-28488.0274132652,-593.1789644463,-0.8023914572,1.0333201122,1258.741667136,11856.4943307288,8046.9267946246,-761.5937070698,-4582.2927167078,-227.5344786815,5057.6184219596,-7876.060960484,-1117.7860306364,-6238.8388418961,-0.4157520713,-10655.0115997996,-3.3407899765,-10322.8114605009,-1683.4212337084,-3636.2230790552,2088.9998840942,560.5097750158,3198.6362178634,4492.8814497027,-57.9689805114,-683.3374293468,-2458.8701340154,28345.9539088366,-56.4281417597,8.5472066823,1.5749312892,7808.282908169,545.7434382903,15529.2055750885,9952.6297565903,17675.6543312066,-18051.9759887549,27547.2898378315,1.8151901651,-43647.4996360879,2.9724781088,-1002.0453405389,0.1115264468,-0.7397523533,-0.0070049323,-140.3749442979,-25183.2215905994,-16628.7198471161,0.1421435434,-0.694511855,18917.3516837492,-1003.4429465571,-1.146715445,-15.3377700826,0.9385095553,0.5093856217,-1.0443899493,-0.4893708558,-28191.8533678401,-42050.7800406449,-5308.5550689002,1.0377268941,2797.6747380079,0.0657294333,-2772.8758060807,0.5278593739,-0.0786509475,-0.3191056412,15545.9980367256,-17837.1526622983,0.7085840011,1609.4278376897,24256.6204081893,-6452.9798741675,0.962766049,19751.5664922339,2.6036166837,-1.1612680632,-2294.5234674891,-829.5727781021,4131.5168386959,-0.8640441234,-0.3681101434,-1.0651739215,2401.1903101207,-6334.7374405733,8428.007168218,1935.9168645539,4076.8040613444,-6219.4164053669,-4689.0665007306,606.3706002931,-5926.8820688648,-777.1276134354,-7318.8919333315,298.289849408,3179.6616837799,-16891.3235756702,3987.2315260832,-3400.0204135303,-1689.2306952692,9767.2944983124,-51.2278602868,18.4693681925,-4174.4553732725,-823.6655464961,-5.1588418118,1632.3818812188,6530.3454566414,40.7622224417,-3019.5631764745,-829.5461030167,2141.5085277787,-34971.6587322514,-2102.9503627286,-39654.9879467199,22184.5432623753,-3212.4257736446,-0.4302801123,6751.32771578,-5.8680703005,-7246.7190907721,2757.0610922239,-0.954444624,-24.592790417,0.5241479432,1584.2149957696,-0.0842228099,-0.8243715847,-0.9087335942,-3.1808354031,-7245.4387806151,11886.146110408,0.6506099665,2.2713491177,-6176.6032505422,-0.281899233,-1779.0886786648,-0.8926928521,0.3968325411,32481.1425821918,-1.1124777603,-1963.8874104289,-1.0188112961,-223.6023787814,-18.3867718059,0.494967846,-0.4200219625,-42186.532987267,48100.4466418439,-5368.7093741362,2257.7656930028,16.5296518991,-4288.7553291997,-37437.2303073829,-41669.6497656108,-0.0677370748,-0.4951946472,-18820.2620446942,0.2636232436,-5.5696157685,-1.6389969236,-0.5187987482,-86.7811974345,-27797.8599478292,-4776.0705262698,-1772.925395935,413.4227987036,-432.3114227674,-246.9686948382,-3497.7536672554,-598.4652472877,-2279.4968712752,10517.4602797636,8821.2153835589,3333.8620119281,-18252.1698298711,3538.0738752092,2062.216379979,5371.1276395936,2.9074516317,288.8684643753,-7812.9918723593,-10608.4233243865,1258.2070872558,1482.53503462,15755.9367389012,-537.1945735183,-6605.9105566845,1.0142413346,-1442.9793979843,-6368.4637344219,-578.7666257046,19662.9268864396,-32.3293731902,-15010.3090175444,3104.2001131761,0.7866118672,0.3032472654,-10788.1257926153,4.4691449245,35345.2879465546,-1.6735201802,-0.5895083583,-0.3841194428,1369.5653213056,1.438664775,-6488.0222686826,-0.6889771433,2393.2341016354,-0.4172782859,35345.8446401829,-763.8938492228,-2689.6947519028,-1.1537270791,38332.6580969382,28.7997079126,-10357.1589816008,-0.8842929483,1475.8833257962,-6715.0343306893,4679.3805021161,-2586.7759485913,1777.9925778416,-7622.3504116434,0.4846593852,-27385.7630935617,-0.3433276915,-1584.0131024235,-0.9682627986,0.9805925354,-0.3477839115,-7799.2059132266,1.1149341848,11.6362695923,333.6683286405,20.4763101205,0.0284491451,146.8043092939,-4668.3438232466,-7671.4021543533,-0.9778167313,1.8041658049,0.4140565859,1062.9515124232,-139.185104748,-17375.9510583536,9941.5288330834,16160.2752041777,-1513.4023601179,-4933.5704692709,3326.9539424817,1605.7123623411,-2260.650669862,9444.0985357923,10700.0734201636,-880.7047741122,-3727.1447962078,8667.8206681937,11045.6784287818,-12288.3038610249,2016.6995157457,191.4894559863,-16.1259459082,-4508.6411387075,-28139.6383224713,-2401.8463031251,17656.4224294279,-228.7569537832,-9508.2114156528,14739.9207440775,688.3690491622,18794.9057035501,698.3196916351,-229.8170256072,-4800.1283745303,-46556.9126452416,-0.1447878689,-3384.4278763692,311.7252744901,7193.312732282,-0.88658324,0.1968555442,0.4765718991,-10.7929548846,-24.1819351516,-21554.8424772261,1403.4253962644,0.5664903901,-40782.5283388928,-33806.3385788502,-0.4352702273,17227.8262238669,-22286.0631807666,0.3706133438,10157.0649246081,-2012.9551938863,222.9530291371,0.8136747391,-9144.5977678052,4254.4116829199,811.0581067474,15288.2818728829,1693.2307283706,462.4031703392,-1733.0229490569,0.1220263106,-0.7857029024,-2175.292854158,-6786.5278794129,5824.1021112385,3.9257590032,0.8241336187,3282.7345327848,4.8293624977,-12181.8341257009,-1478.4751045941,-1257.3991466256,-14255.9323626215,155.6204599439,4079.9427606673,6040.1022153786,-4768.4178137835,-0.3084773984,-9202.0751420029,-8341.8660623285,-4960.9828872782,-2026.0371112163,1565.1437691066,-4633.5207473336,4945.7648036548,-130.6011750011,-67.6976899309,-1943.8350258091,6585.9938779807,1136.7775338946,15340.5556448167,3248.8326241323,-2714.7844591705,6541.847930375,-5270.838499874,-8715.914571209,-11.2531179345,-2109.3013391898,-13445.1211267375,-2826.4025628957,-12167.5280690963,-6242.9674053721,-503.9181336794,1847.0804294703,911.7481180213,393.5291755274,-0.1946659457,-7433.7335308855,84.2640172665,-4461.846050298,-10130.9230223058,0.6514617237,-6.0559606957,-10103.2524049763,0.7523306987,-0.1494650985,-0.0460917598,0.520434332,-1.2650155724,-0.6016419187,-17999.3912316947,0.3900216511,-0.0581925121,-0.5251971671,-244.3510493751,0.9786842112,2488.7158211727,0.5172637271,17638.2979373432,43175.9045397296,-0.3266370374,13890.9150758112,-0.1148353327,-12784.3458128361,35002.0594316324,3696.7391507042,0.5688422548,1401.5574805827,6386.0095235995,1.7095920543,0.2889583481,0.2066796665,-8886.5164578789,-49.8488274495,-24493.6910375945,0.7652934999,0.3946817054,4650.6404603296,-10464.7516893486,-8114.1520762442,-0.2999322631,-0.1523732513,-0.0802711416,0.1830812352,-5214.8264287644,15399.7166230421,-1.2269005199,0.4997404211,-946.2139531749,10613.9775323224,1528.0232777776,385.4674334561,834.8685768969,1505.1167849245,-12191.1060075533,-11.2450014743,9739.621822551,943.2205305218,-0.2517168309,-11665.1773496954,-8802.8280255346,-161.4069813335,1458.9750431098,-21.2625051111,-6533.4757969298,937.4670306509,-3268.9376195407,-9025.5845974603,1324.2473820364,4296.2316313067,-4.1948842262,8550.8121707846,4145.375875248,3963.3166378451,-8279.1568750017,-460.6492556865,-11546.9800512756,1502.1641452913,-0.2852618884,-0.1925344848,-2574.1704814602,8.5285738205,-1443.85293454,-989.3082960773,15.6630802597,-7876.4127502877,0.1724733034,0.7195165569,4397.5599192257,-54359.9142517637,1530.1743094769,-0.5216819133,-0.8054590433,-3869.5384141233,-686.6719468242,-7874.8932833419,1.3069709493,-0.0885915312,819.5612344861,-2900.9196463094,0.1241543588,24243.6612993045,-3439.5164482059,-4571.4672943773,1.474089497,-0.2153286316,-0.4335297207,7.6392833763,0.0662016194,4647.3430988836,-403.8995235453,0.6017280944,2714.3384177348,-0.5897421919,1153.8792025309,11622.7354197,4801.7897833888,-0.4935248307,4043.8338523798,18.7153567655,25904.4986327395,-3016.4608043629,-859.794453802,20.5130214125,-9475.2727522102,50851.3551514083,-5505.8760703491,-0.7372604137,6.359945965,-2521.105568405,-4278.741589273,-4757.7334188331,7352.6629568397,2133.2782798346,340.9159085024,1561.2852670793,1517.8155599781,8698.629247727,9483.8341194344,7967.5698266266,-4568.682991328,3403.4324078079,-3216.1770330812,-357.9878337793,7.5698803672,3050.487897276,-1244.4703220369,-3606.2620634739,-6663.6966943729,-986.8779337671,2347.7367792692,5438.2199952874,1395.5162146575,3434.5697919457,348.7977247758,3674.8771663806,4363.1573087989,-861.9683778703,0.4362745764,29854.8772648863,53020.1859851373,0.0349857316,3223.1201012011,-398.6815978048,429.338362666,0.3312099031,-0.0144648331,-0.1052466221,-0.4463531694,-3746.0443969244,20312.0402227934,-0.2930338829,-0.8513108893,0.1740516151,-724.6893834327,-0.8050004102,0.2772643037,44427.6110158882,-1364.2374702899,0.5552330487,-0.3644337173,-0.9515930653,-86.6462673595,-0.9023980605,3643.3421565622,-0.8334452021,0.2679170863,0.7217957208,21180.5868675007,-59.8961345661,18297.0696796072,-0.273599921,11025.8662235688,10569.7876906108,16920.8297784682,2164.4246299733,1182.9604360772,-1688.994880142,-1.0345825632,-18884.3729102389,105.6077657242,-0.2841107464,2684.0669998232,0.6682871921,3100.9344290094,5.7311943425,-0.4143758523,-0.341205841,12959.9675076294,-11112.1900847093,-882.8890479405,2411.7503640107,-11083.984945177,464.6494662787,14429.0511987122,-10938.7083644797,-0.0560711152,-467.5872716247,-11562.7880455183,-4966.577584267,25354.5919155218,2048.0257349621,6569.5113782211,-40634.7139155479,2072.0327285694,3976.5200330786,5844.3359722206,-1.1539238354,-31.4017458216,-1620.7193283038,41.045789631,5261.1966685529,6708.6570090341,-0.7383263565,-4102.3997331246,-605.6091050123,-723.1935629303,9157.2820597971,-0.2398182093,-9093.1301785888,6813.5998041672,-0.5338655326,5839.462404941,-7742.1003871012,67.1558063778,29883.3583893392,-0.1388175611,0.3147973836,-44579.0887108762,0.3752352521,0.5507195226,0.0056271546,0.5405846632,-17.3376666224,0.3862719381,29883.9399737552,-3828.9170787755,-2955.788490569,-7297.134439121,6155.9054093626,-2737.5062869457,-9090.7392723269,-0.4996173889,894.4684119195,1099.0468575785,20.4639051831,-1.3815545986,6.9887499005,-0.5371332126,-0.7158480949,-1.0717215522,-0.907947941,9038.5473806311,34113.3377573805,0.7828795727,-7775.6932504702,0.2551045273,-1826.0937183827,-14279.2317412868,-2.3064923013,-2668.0613170776,0.6136007473,8454.2771549227,-1643.8625552764,6345.4647977806,-1430.7496529023,7761.7836568355,-0.9773380048,-80.5002486738,39.1471586368,-18025.6656622344,734.9553060481,5546.6075451064,3537.2215729309,2013.3438909109,-991.4845940747,12111.5486171456,285.1981371216,14476.8716317182,1674.6298942654,-12787.0539577055,-7.7325190341,670.0030038305,-538.766528753,-1164.8195515249,-1.8058251135,2035.7743721114,3017.8672584435,-3836.5294564697,1373.3274558991,4833.0656668426,18.2001445936,-1875.6660184348,-247.6196823125,-592.2622295491,-4243.9730654205,-6035.4524447054
##end
biasActivation=0,1,1
[BASIC:ACTIVATION]
"org.encog.engine.network.activation.ActivationLinear"
"org.encog.engine.network.activation.ActivationLOG"
"org.encog.engine.network.activation.ActivationLOG"
