encog,BasicNetwork,java,3.3.0,1,1425320166002
[BASIC]
[BASIC:PARAMS]
[BASIC:NETWORK]
beginTraining=0
connectionLimit=0
contextTargetOffset=0,135,0
contextTargetSize=0,33,0
endTraining=2
hasContext=t
inputCount=50
layerCounts=50,34,84
layerFeedCounts=50,33,50
layerContextCount=0,0,33
layerIndex=0,50,84
output=0.0092549705,0.0732086167,0.1690908739,-0.0313308303,0.5223330347,0.0740611343,0.2973286309,0.1826326137,-0.2916547054,0.0252200434,0.0000871098,0.1210062634,0.2619239509,0.2082301832,0.3804621765,0.0000125,-0.3555433884,0.2560199468,-0.2436472864,0.267860555,-0.1617640222,-0.0112251,0.2633589164,-0.0628944977,0.3959667665,-0.2065782387,0.0555945643,0.0753101019,-0.0413719038,0.136713979,-0.1766574162,0.3512487524,0.0528682722,-0.0225074373,-0.0000935244,0.0861058555,0.474564038,0.1665885929,0.0702802583,0.0238080755,0.4880329323,0.0329014797,0.1084291618,0.2043437627,-0.2334574507,0.2480825558,0.6502144283,0.36153869,0.2150713485,-0.1202350913,-9.2756365535,9.8229294963,9.0660192934,9.6054553854,10.1560989154,-8.8361565255,8.6211333596,-8.3838695816,-8.8138268478,-7.8690906541,10.0634478545,8.8973014189,-4.2085058537,9.4273914238,9.0422471243,-8.2068971152,-10.2104894014,-6.4501922584,-9.9107674183,8.5396404074,-10.5037565791,9.9729831594,8.7231048905,-10.1834929488,-10.6205001999,-9.6246498983,9.5877089148,8.1099863677,7.9452264747,7.687498332,8.9606371103,10.5714428159,-9.2443102928,1,0,0,1,0,0,0,0,0,0,0,0,0,0,0,0,0,0,0,0,0,0,0,0,0,1,0,0,1,0,0,0,0,0,1,0,0,0,0,0,0,0,0,0,0,0,0,0,0,0,1,1,0.0092549705,0.0732086167,0.1690908739,-0.0313308303,0.5223330347,0.0740611343,0.2973286309,0.1826326137,-0.2916547054,0.0252200434,0.0000871098,0.1210062634,0.2619239509,0.2082301832,0.3804621765,0.0000125,-0.3555433884,0.2560199468,-0.2436472864,0.267860555,-0.1617640222,-0.0112251,0.2633589164,-0.0628944977,0.3959667665,-0.2065782387,0.0555945643,0.0753101019,-0.0413719038,0.136713979,-0.1766574162,0.3512487524,0.0528682722
outputCount=50
weightIndex=0,1700,4472
weights=##0
##double#4472
   0.0034037935,-0.0001158905,0.0010035819,0.0065518435,-0.0020617826,-0.0058815802,0.0031945524,0.0010299402,-0.0035333996,-0.0009875855,-0.0018106738,0.0036023359,0.004195019,0.002606767,-0.0023673092,-0.0005141541,0.002812148,0.0003933839,0.0043240738,0.0034262748,-0.000001843,0.0024899271,-0.0019054833,0.002062705,0.0044531303,0.0016106492,0.0025864898,0.0015394928,-0.0031189159,-0.0020054403,-0.002132994,0.0006448873,0.0003197036,0.0161028483,-0.005988914,0.0019380506,0.0011927095,-0.0120205158,0.003935419,-0.0049095447,-0.0017555079,-0.0028911246,0.0037633632,0.0091150912,-0.0038373954,0.0059816977,-0.011883766,-0.0084528983,0.0021045381,-0.0062418003,0.0040457826,-0.0021787423,0.0126558559,-0.0004688667,-0.0060134938,0.0037727473,-0.0010448244,0.005535029,-0.0078488186,0.0014232352,0.0003897778,0.001150592,0.0009566136,-0.0077123771,0.0014057876,-0.0016096067,-0.0020398709,0.1364304438,0.0037712322,-0.0002400156,0.0072730832,0.0060544754,0.0011397056,-0.0022357009,0.0107558243,0.0005850447,-0.0031275025,0.0026864157,0.0008273466,-0.0044642799,0.0030504049,-0.0005680272,0.0013367461,-0.0088094197,-0.0123675398,0.0003701344,0.005733488,0.0078408596,0.0080373917,0.0022255267,-0.0030763211,0.0104625586,0.0052062955,0.0047152654,-0.0071091213,0.0017266006,0.0004312079,-0.0133321398,-0.000951616,-0.0006146435,-0.0059097181,0.1978327595,0.0029612108,0.0027718793,-0.001572536,0.0076732675,-0.0003503624,0.0008950766,-0.0019383062,0.0118738776,0.0020485318,0.0025845633,0.0031926104,-0.0040050495,-0.0057740488,-0.0039618331,-0.000961407,0.0009783581,0.0056087133,-0.0000411375,-0.0064095508,0.0011228982,0.0023908875,0.0026933426,0.0033038205,0.0012125291,-0.0059544842,0.0006140481,0.0001179986,0.0003137919,-0.0001244719,-0.0011353525,-0.0037797813,0.005726327,0.0065450306,0.0570774319,-0.0071138026,0.0037463862,-0.0030811084,-0.0040324038,-0.0016876214,-0.0041617768,0.0041510762,-0.0018954993,-0.0049427301,-0.0027786089,-0.0014951244,0.0107976974,-0.0112444176,-0.0018448046,-0.0006821712,-0.0027231734,-0.0061533319,0.0067855855,0.0068423411,0.0057551581,0.0014436873,0.0008405181,-0.0002008003,-0.0042330962,0.0004447999,-0.0095358668,-0.0041843234,0.0003660911,-0.0027913156,0.0046479776,-0.0067274828,0.0056239341,0.0012888649,0.136651551,0.0018013664,-0.0007713525,-0.0058113064,-0.0054778572,0.002507682,0.0041278875,-0.0096394151,0.0043859576,-0.0063259196,-0.0069948005,0.0036818711,0.0034407257,-0.0013461957,-0.0040992888,0.0049486036,-0.0043262341,-0.0001091286,-0.0064289911,-0.0059722687,0.0010382067,-0.0000115864,-0.0021646897,0.001541736,-0.0092585595,0.0157439627,0.0005962538,-0.001183407,-0.0051363777,-0.0001892058,-0.0075465435,0.0097479378,-0.0010993647,0.0023568486,0.1434187603,0.0050943693,0.0015538834,0.0044009812,0.0044978631,0.002861412,0.0002657966,-0.0008852392,0.0016832655,0.0020671101,0.0013305321,0.0103601616,-0.0069151376,-0.0055575277,0.0043679801,-0.0091163464,0.0000157283,-0.0065521109,0.0036491497,-0.0038783217,0.0057679091,-0.0055849754,0.0012107939,0.0036113012,0.0013994194,0.0031731132,-0.002620227,-0.0045365857,0.0033701592,0.0059263526,-0.0054467651,-0.0055642021,0.0045662253,-0.0026605453,0.0225751738,0.0031587856,0.0079940925,-0.0064601143,0.0045242889,0.004496286,0.0021821938,0.0108267291,0.0033267171,0.0006442669,-0.002700071,0.0029684866,-0.0003316318,-0.0020787304,0.0012595901,0.0025928542,0.0068268747,0.0011048752,-0.0061107069,0.0104696748,-0.0004217265,0.0041879838,-0.0048432318,-0.0026105347,-0.0087266477,0.0020560785,0.0020318057,-0.0016308858,0.0045205182,-0.003445155,0.011039104,0.0014359076,-0.0025048598,-0.0042744286,0.0685551748,-0.0047277493,-0.0035096591,-0.0038716145,0.0036959755,0.0030664338,0.0021247078,-0.0006069979,0.0043653914,0.0058592495,0.0035969175,0.0016788911,-0.0017630487,0.0008493496,0.0067485152,-0.0007040698,0.0001450272,0.0027752805,-0.0040436152,0.0092054955,-0.0089097302,0.0021566463,-0.0024428534,0.0057200694,-0.0017665538,0.0088769502,0.0025051883,0.0072087498,-0.0003279381,0.0024703373,0.0045130356,-0.0014449737,-0.0049937358,0.006699421,0.0282630073,-0.0017712921,0.0075069398,-0.0022378108,-0.0024205005,-0.0121733476,-0.0049936661,-0.0047551557,0.0134876365,-0.0083807914,-0.0038963066,0.000848079,-0.0026913422,-0.0087186397,0.0075783459,0.0063910477,-0.0028635816,0.0020191757,0.0158190689,-0.0087031334,-0.0042619756,0.0050740543,-0.0026242686,-0.0054580193,-0.0010450449,0.0034835787,-0.0028789736,0.0039176221,-0.0012451638,0.0006477881,0.0026680953,-0.0036203962,-0.0003835399,-0.0012226102,0.1042192451,0.0000014602,-0.0000003265,0.0000057112,-0.0000004186,-0.0000042019,0.0000007302,0.0000014939,0.0000001852,-0.0000033326,0.0000012799,-0.0000006443,0.0000003965,0.0000010459,-0.0000047214,0.0000012192,-0.0000023885,-0.0000011761,0.0000021493,0.0000038756,-0.000000421,0.0000034194,-0.0000022804,-0.0000008327,-0.0000040413,-0.0000032081,0.0000012471,-0.0000057595,0.0000027632,0.0000007912,0.0000036288,-0.000000394,0.0000021441,-0.0000002112,0.0001199456,0.001221657,0.0007353557,0.0045782806,0.0050862137,-0.0009849866,0.000315895,-0.0054871416,-0.0042830891,0.0072258819,-0.0042031312,0.008942278,0.001681107,0.0001472257,-0.0024255824,-0.008457313,-0.0033462164,-0.0031717836,0.008259925,0.0040210228,0.0018309642,-0.0013882246,-0.0001633952,-0.0046873257,0.0026916354,0.0000118616,0.0003189899,0.0033833474,-0.0005297075,0.0044049558,-0.0007994656,0.002267918,-0.0014684043,-0.0080582784,0.0244702876,-0.0008097858,-0.0043219902,0.0043271492,0.0036933024,-0.0052424267,0.0048052325,-0.0038889546,-0.0051892993,-0.0015140972,-0.0042852321,-0.0015932238,0.0036657682,-0.0092990561,0.0109844129,-0.0095077946,0.0022558008,0.0010884604,-0.0003617861,0.0042256761,-0.003965428,0.0031642126,0.0013388216,0.0145538027,0.0045882791,-0.0027457466,-0.0054634549,0.0025937319,-0.0036890427,0.0035277891,0.0030907311,0.0021827153,-0.0101207991,-0.0045730168,0.1468842051,-0.0046452087,-0.0002360385,-0.0003636589,0.0036038306,-0.0068173913,-0.0006307497,-0.0009127385,0.0078865199,0.0062398976,0.0051083453,0.0037897431,0.0014764318,-0.0073164082,-0.0044293553,0.0067778665,0.0090399104,0.0032198797,0.0027698575,-0.0110115166,-0.0000355535,0.0001129139,0.0079464932,0.0047266703,-0.0022250508,-0.0082742293,0.0015503215,0.0046243013,0.0038973055,0.0018931249,-0.0066497162,-0.0026466667,-0.0042714833,-0.0037425909,0.0629979689,-0.0137095946,-0.0062087603,-0.0004715406,-0.0026019937,0.0007173745,-0.0028283516,-0.0106411019,0.0011815701,0.0036169565,-0.005564164,-0.0024502706,-0.0090068002,0.0019924684,0.0008154528,-0.0016589056,-0.0104866714,-0.0004737761,-0.0126762791,0.0048309533,-0.0031780232,0.002220126,0.0008850753,-0.0047040454,0.0047870319,0.0006073532,-0.0069686483,0.0074625558,0.0037248725,0.0056618013,-0.0008001855,0.0097380446,0.0006017283,-0.005124204,0.1859345502,0.0000019519,-0.0000010463,0.0000025209,-0.0000023037,-0.0000023635,0.0000004475,-0.0000000959,0.0000017292,-0.000000336,-0.0000000681,-0.0000027897,0.0000022559,-0.0000008607,-0.0000011606,-0.0000003631,-0.0000002131,-0.0000001181,0.0000010624,0.0000018242,-0.0000014905,0.0000010612,0.000000684,0.000001919,-0.0000019709,-0.0000011011,-0.0000014603,-0.000003823,0.0000002523,0.0000019184,0.0000018835,0.0000014978,-0.0000001512,0.0000002399,0.0000702994,0.0054332745,-0.0060204508,-0.004332572,0.0018870034,0.0013347703,-0.0069842906,0.0036371322,-0.0110162219,-0.0002424725,-0.002722223,-0.0148093104,-0.0125139258,-0.0032932544,-0.0016582492,0.0022655297,0.0024936662,0.003043471,-0.0014353865,0.0012409213,-0.0016894022,-0.0028908637,-0.0056077522,0.0013172601,0.0030478024,-0.0022867583,0.0064696735,-0.0077016737,-0.0140325513,-0.0099322321,0.0099134255,-0.0027238714,-0.0065829505,-0.0068083724,0.1677696893,-0.0011203168,0.0050975099,-0.0027843457,-0.0027610201,0.001049823,-0.0019928889,-0.0055681121,-0.000419506,-0.0016172775,-0.0046195734,-0.0075990646,0.0043195584,-0.0031168725,-0.0099564646,-0.0001376075,-0.0062185096,-0.0068225784,0.005059923,0.0002216831,0.0072434579,-0.0022057094,0.0028061276,0.0030638673,-0.0049888327,0.0002338342,-0.0018345444,0.0021795174,0.003313831,0.0007440382,0.0005271074,-0.0030273292,-0.0023929673,0.0069167933,0.1000125826,-0.0038381251,-0.0037807129,-0.0030839375,0.0032012167,0.0043384833,0.0057687911,-0.0023786551,0.0031489785,0.0044897027,0.001940988,-0.0015633777,-0.004847514,0.0012445907,0.0058378255,-0.0014693454,0.0000554447,0.0031889151,-0.0031290984,0.0088537295,-0.009734648,-0.0017022788,0.0021495939,0.0044572832,-0.0022684174,0.0089727611,0.0011442415,0.0068942768,0.0029409176,0.0040204886,0.0046474369,-0.0012305359,-0.0053904558,0.0060427309,0.041083199,0.0005007875,-0.0070334163,0.0033965248,0.0045344148,0.0006682714,-0.0025783615,-0.0018501552,0.0001780279,-0.0030941987,0.0060366173,-0.0024313425,0.0008311806,-0.0003449209,-0.0001806344,0.0013912574,0.0068945536,-0.0049007313,0.0045301923,-0.0072082109,-0.0007334447,0.00466874,0.0033050363,0.0059256447,-0.0010879903,-0.0069829638,-0.0041145179,0.0031986794,0.0010741414,-0.0035055891,-0.0000658597,0.0002222056,-0.0072140867,-0.0071210509,0.0876512298,0.003785495,0.0013920675,-0.0076030867,-0.0043137374,-0.0005324466,0.0065892225,0.0038346973,-0.0036420153,-0.0011989087,0.0022457349,-0.0016601194,0.0054464431,-0.0102282032,-0.0018769421,0.0021161962,0.0079367515,0.0110914455,-0.0076431465,-0.0020361968,0.0007865483,0.0026892867,-0.0023452182,-0.0068742296,-0.008331291,0.0011069742,0.0025408652,-0.0088437578,0.0044140697,0.0078199126,-0.0034174148,0.0004367179,-0.0072298587,-0.0060058055,0.0962342714,0.0000807598,0.000411648,0.0049742737,-0.0037575869,-0.0009529934,0.0035028614,0.0043960324,-0.0012107476,-0.0004858779,0.000229151,0.0038617333,-0.002188591,0.0047723524,-0.0022417615,0.0011996039,0.0023177288,0.0044528802,0.000944983,0.0024221404,0.003717499,0.0004822866,-0.0025779259,-0.0031378006,-0.0042444327,-0.0027291036,-0.0048762362,0.0028311963,-0.0018202089,-0.0010273582,-0.0036590091,-0.0013715775,-0.0017702225,0.0022291595,0.0549286979,-0.0058046469,0.0026429968,0.0080485918,0.0013190449,0.0013001414,0.0028164379,-0.0049651602,0.0027811563,-0.0011986634,-0.003063052,-0.0052424845,0.0022566865,0.0045420541,0.0059195212,-0.0009880618,-0.0018090751,-0.0032436083,-0.0030234152,-0.0030906316,-0.0053852343,-0.0032360666,-0.0043729015,-0.0035860931,-0.0056395156,0.001958735,-0.0002809384,0.0087230471,-0.0034966511,0.0019303606,-0.0052708008,-0.0003502246,0.0010914733,-0.0024652761,0.0341521546,-0.0062049938,-0.0084164604,0.0027302592,0.0047936983,-0.0042629442,0.0083544224,-0.000194108,-0.0088077193,-0.0022498393,0.002315802,0.0112041444,0.0048771256,0.0058388834,-0.0077711886,-0.0040500046,-0.0018843936,0.0103947084,-0.0026772693,0.0093770334,0.0006857564,0.00443992,-0.0058506526,-0.0094021593,-0.0088855952,0.0003548723,-0.0038619857,-0.0004162913,-0.0049660114,0.0098527265,-0.0024485565,-0.0035975934,-0.0048097295,0.0011543446,0.2152284839,-0.0082426185,0.0015964177,0.0117687913,-0.0020621929,0.0008761232,0.0098755688,0.0120924024,-0.0012781919,-0.0023292775,-0.0016204744,0.0104037992,-0.0074093011,0.0038249923,0.0089624801,0.0004635395,-0.0008457736,-0.0079016463,0.0002086837,0.0000353792,0.0039985687,0.0032735456,-0.0024947155,0.002781181,0.002969958,0.0032057649,-0.000079366,-0.0055610648,0.0076151275,-0.0037428815,-0.0039924689,0.0035321827,-0.0094306954,0.0061528469,0.1910705087,0.0055494037,-0.0010701259,-0.0041847591,-0.0052198467,-0.0031022983,-0.006740704,0.0012137466,0.0022576536,0.0026022419,0.0019286437,-0.0033539015,-0.0022699969,0.0072588814,0.0062438769,0.0002728095,-0.0004906973,0.0026072983,0.0093509529,-0.0010797048,-0.0067538025,-0.0046264935,0.001153542,-0.0004035163,-0.0008732724,-0.0053706419,0.0006837953,-0.0065781469,-0.0035410705,0.0033522953,0.0024901413,-0.0033928263,-0.0010147679,-0.0003961068,0.0826064321,0.0009869223,-0.0014839296,-0.0027910405,-0.001205794,0.0007163483,-0.0018216407,0.0010197102,-0.0032874119,0.0037746228,-0.0029626454,-0.0018196496,-0.0020891243,0.0042057946,0.0031661883,0.0027448755,-0.0036412433,0.0038894101,0.004071023,-0.0012202271,-0.0029625788,-0.0046214314,0.0035908449,0.0019431589,-0.000895065,-0.0009920063,-0.0014408118,-0.0047698378,-0.0019734296,-0.0010679046,0.0006709433,-0.0033497971,0.0043873183,-0.0006706207,0.0233458955,0.000050464,0.009359624,0.0034948056,-0.0019410869,0.0067968143,0.0006016586,0.0039353712,0.0024993562,0.0031678472,0.0092765017,0.0018612585,0.0000081254,0.0060207969,0.0024528674,-0.0010403723,-0.0032618034,0.0087166431,-0.0019861827,0.0024606775,0.0081628766,0.0018943948,-0.0000420379,-0.0070125213,0.007151427,-0.0096293114,-0.0089697259,-0.0067553852,-0.0000397474,-0.0021256009,-0.0070204031,0.0060233337,0.0029572171,0.0113785179,0.1135682381,0.0043525884,-0.0001597406,0.0023639999,-0.0066004881,-0.001671877,0.0089596672,-0.0087153187,-0.0023285296,-0.0006097305,0.0033085083,-0.004526573,0.0056679516,0.0081782642,0.0041031702,0.0004036064,0.0075656393,-0.0073104831,-0.0079748045,-0.0023325645,-0.0013042006,-0.0022106105,0.0007864195,0.0033051187,-0.0038883773,0.0037128777,0.0039454264,0.000051033,-0.0033924456,-0.0052002036,-0.0047150605,-0.002285076,0.011524624,0.0005501703,0.1124322246,0.0048255092,-0.0060994393,-0.0031742759,-0.0077311625,-0.004440459,-0.0042200309,-0.017007097,-0.0070294929,-0.0113468036,0.0083600184,-0.004143998,0.0029669135,0.0019207639,0.0020104638,0.0062754084,0.0075143736,-0.0180847351,0.0063559054,-0.0010096972,-0.0033081227,0.0013054687,0.0048479045,0.0076371506,-0.0004847969,-0.0071324103,-0.0023184229,0.0035066241,0.0014466289,-0.0083468775,-0.0055660557,-0.0064492026,-0.0016237803,0.000998903,0.2333338504,0.006026203,0.0029184189,-0.0046199334,0.0023795509,0.0048842546,0.0033557322,0.011443002,0.0014250641,-0.0056897234,-0.0008150762,-0.0156808011,0.0010342511,-0.0035579047,0.0052314672,-0.0079352757,0.0033849769,0.0080841188,0.0031267047,0.0106983377,0.0071169627,-0.0040621189,-0.0036662158,-0.0122759527,0.0050451355,-0.0002233992,0.0081267572,0.0059463134,-0.003160618,-0.0069166634,0.0031853234,-0.0002676261,0.0122065554,-0.0063758034,0.0798919611,0.0086334452,-0.0057318068,0.0064190564,-0.0024410469,0.0029644211,0.0044771756,-0.0041932615,-0.0058621521,-0.0053954619,0.0023523544,0.009277123,0.000642839,-0.0060343496,0.0061054725,0.0004525979,0.0007834462,0.0013284594,-0.0103809404,-0.0159208076,0.0034170784,-0.0067512961,-0.0065826317,0.0021289955,0.001213075,0.0032088936,0.0041428027,-0.0130925446,0.008104083,-0.0002520066,0.0039133695,-0.0043398171,0.0038283799,0.0101995557,0.1871338263,-0.0034904742,-0.0026280922,-0.0045203565,-0.0025393263,-0.0002802564,-0.0037378832,0.0067664516,-0.0050604517,-0.0007443661,-0.002240387,-0.0022198964,-0.005752105,-0.0044297465,-0.0035367764,-0.0117513564,0.0018979908,-0.0014188139,0.0063491082,-0.0068011424,-0.0025452124,0.0039271757,0.0016134342,0.000314691,0.0035476058,0.0081572412,-0.0034247199,0.0002247948,-0.0011036745,0.0005607883,0.0039744894,0.0028675597,0.0126625057,0.0030296651,0.099847851,0.0128547425,0.010025103,-0.0059195169,-0.0018954348,-0.0003184615,0.007983859,0.0025625985,-0.0065203888,0.0026705571,0.003731704,-0.0082200915,0.0004083262,0.0037417751,0.0055564602,0.0086232097,0.0050554939,-0.0002531272,-0.0048176232,-0.0007085915,0.0019148601,0.007850767,-0.0067334166,-0.0028282637,0.0020667452,-0.0006883893,-0.0025644736,-0.001354439,0.0068516164,0.002209953,-0.0016240341,0.0028373929,0.0060781669,0.0022680759,0.1159594822,-0.0000008328,0.0000012774,-0.0000022124,-0.000000158,0.0000005678,-0.0000009876,0.0000002425,-0.0000004463,-0.0000007401,0.000000275,-0.0000003006,-0.0000029086,0.0000007572,0.000002694,-0.0000010627,-0.0000010248,0.0000002586,-0.0000008026,-0.0000017999,0.0000002621,-0.000001535,-0.0000005439,-0.0000022634,0.000003001,0.0000015477,-0.0000017524,0.0000020842,-0.0000012939,-0.0000017059,-0.0000003019,-0.0000012361,-0.0000015443,0.0000000498,-0.0000582023,-0.0073419269,-0.000288077,0.0041029029,-0.0030785051,0.0023072541,-0.006556933,0.0056232212,-0.0035710626,-0.0009481321,0.0026670754,0.0034955708,-0.0045734143,-0.0015277474,-0.0034934718,0.0061974879,0.0015424319,-0.0014541797,-0.0069481833,-0.0040042022,-0.0001224682,-0.0103133966,-0.0021185053,0.0023406621,0.0094968124,0.0027381058,0.0044166874,-0.004722947,-0.0051801884,0.0036545683,-0.0000323544,-0.0103088602,-0.0102114753,-0.0044902165,0.0343852663,-0.0010480587,0.0104495704,-0.0076139264,0.0100463409,0.0012921188,0.0025294992,0.0006291456,0.012976786,0.0029217639,0.0032204269,0.0072583792,-0.0028877172,-0.0096502162,-0.0014058636,0.0027115825,0.0001980115,0.0058426095,-0.0064629871,0.0012786264,0.004331844,-0.0015604012,0.0057068225,0.0020823386,0.0059463293,-0.0139758427,-0.0058529138,0.0000173955,-0.000031729,-0.0023731338,0.0037594542,0.0020602056,0.009138396,0.0003454416,0.0369573922,0.0075834187,-0.0034116191,0.0091847156,-0.0031858443,-0.0035933037,0.0022153934,0.0023385639,-0.0028064901,-0.0101741708,-0.0031265879,0.0017594894,-0.0046312196,-0.0011355084,-0.0112897887,0.0036945456,0.003491194,-0.0038292905,-0.0093430512,-0.0026678273,-0.0080451949,-0.0044587176,0.001930944,0.0106141392,0.0022237833,-0.0012340457,0.000166142,0.0008389078,-0.0032786969,-0.0104783654,-0.0018591602,-0.0009990705,-0.0075822694,0.0011266284,0.2472493751,0.0012432674,0.0070319148,-0.0023981355,0.0000262641,-0.0008548039,-0.0019403387,-0.002660093,0.0034643215,0.0003450834,-0.0002703064,-0.0008089633,0.0063300012,0.01512819,-0.0012048299,-0.0052755101,-0.0035764495,-0.0062431433,0.0090783256,-0.0040040509,-0.0004861212,-0.0059162623,-0.0037783468,-0.0080366049,-0.0015704214,-0.0038509307,0.0050146477,0.0061302646,-0.0061861453,0.0082894264,0.0064988777,-0.0006622914,-0.0067018681,-0.0012830874,0.0606429229,0.0013939148,0.001002223,-0.0032341314,-0.0039859632,-0.0010817536,-0.0000714582,0.0045280726,0.0001750516,-0.0043381198,-0.0005708742,0.0005723277,0.0003404457,-0.0061678616,0.0006350024,-0.0033208873,-0.0033394952,0.0003066863,0.0047540959,-0.0035972808,0.0004879636,0.0032133224,-0.0004636539,-0.0001910772,-0.0015934855,0.0062797593,-0.0048243877,0.0001875685,-0.0008235484,-0.0014338342,0.0021605856,-0.0038581144,0.0035046243,-0.0002012317,0.0198263571,-0.0073051533,0.0005877341,0.0089584835,-0.0001994408,-0.0041914198,-0.0071471215,-0.0061957526,-0.0040674686,-0.0006515765,-0.0037101983,0.0002415478,-0.004344238,0.0025221187,0.0006867093,0.0005882386,-0.0025040877,-0.0020699246,-0.0015147509,-0.0050527572,-0.0036672899,0.0037428919,0.0000584585,-0.0026444719,-0.0042602251,0.0068447201,-0.0047254928,0.0067288662,0.0028625432,0.0033610135,-0.0002197575,0.0037258597,0.004331722,-0.0023889278,0.0954364354,0.0037770559,-0.0006160783,0.001348094,0.0073555197,-0.0046136784,-0.0067030652,0.0003343581,-0.0030266005,-0.0034603268,-0.0003437263,0.0038842166,0.0041699568,0.0093437896,-0.001005316,-0.0033296454,-0.0071841457,0.0028747431,0.0046204891,0.0033047765,0.0059589734,-0.0017055802,0.0004914362,-0.0109392824,0.0039262901,0.0017518743,0.0041639805,0.0075527442,-0.0005247762,-0.0015306716,-0.0020015405,0.0007051464,0.0005820287,-0.0021144425,0.0007067506,-0.0048689021,0.0014851864,-0.0032025552,-0.0024326871,0.0011802762,-0.0044035085,-0.0059811242,-0.0049625255,-0.0005137749,-0.0018817956,-0.0007218982,0.0018501743,-0.0040388805,-0.0022220103,-0.000920723,-0.0046631282,-0.005261602,0.0015935432,0.0042073604,0.0024490261,-0.0013401015,-0.0009601992,0.0016726964,-0.0014065913,-0.0020690101,-0.0004608596,0.0029743758,0.0014000791,-0.0028956535,-0.004735093,-0.0031973409,-0.0003918415,0.0040760277,0.0131369734,-0.0072129922,-0.0039827608,0.0005487631,0.0025158278,-0.0008638045,0.0003777426,0.0021315622,0.0007211792,0.0099091479,-0.0041339975,-0.006400514,0.002537338,0.011094493,-0.0177653943,-0.0129385299,-0.0080245954,-0.0090218303,0.0008730127,-0.0086158999,0.000613515,0.0041964504,-0.0009515175,-0.0072168307,-0.0008989141,-0.00210916,0.0085165717,0.0012712387,-0.0032234968,0.0038406516,0.0061853694,0.010709131,0.0058061944,-0.0019638115,0.2593671214,0.0004422018,-0.0105421918,-0.0083836165,-0.0045237924,0.0062616203,-0.0014269027,-0.011004686,-0.0058580379,-0.0063283707,-0.002188962,0.0007036159,0.004874721,0.002766467,0.0046911213,-0.0002190104,0.0028793239,0.0053217483,0.0006477531,-0.0049552288,-0.0047061889,0.0021567891,0.0044640072,0.0078361773,-0.0026136925,0.0054176926,0.0016690942,-0.0138147823,-0.0092237195,-0.0084707292,-0.007465581,0.0010701322,0.0003517253,-0.0038800107,0.1219247966,0.0052789041,0.0018326329,0.0036505459,-0.0012531286,-0.0157647027,0.0015318424,0.0014644392,0.0019106367,-0.001717171,0.0012197683,-0.0025325675,0.006315289,-0.0038579979,0.0087513363,0.0090285047,0.002834998,0.0124046695,-0.0005590173,-0.0093267644,0.0025688391,-0.0046015553,0.0058216061,0.0044050351,0.0049727651,-0.0006338956,0.0082530777,0.0051492626,0.0107570483,-0.0033113146,-0.0018733314,-0.0009319101,0.0051237909,0.0050629818,0.1339667038,-0.0050118788,0.0022130665,0.0027091421,0.0028978889,0.001315964,-0.00645689,0.0020470285,-0.0025570762,0.0006027701,-0.0025427359,0.0048780256,0.0030117682,0.0038514198,-0.0035361393,-0.0004095248,0.0060439982,-0.0025118684,-0.0032670608,0.0005321771,0.0001215584,0.0077135995,0.0029962059,-0.0008655886,-0.0004795643,-0.0012161772,-0.0039526883,-0.0027111646,0.0033472171,0.0038209146,0.0072503386,0.006239219,0.0071104004,-0.0057541829,0.12120224,-0.002688951,0.0042188643,0.0014878896,0.0042413245,0.000184017,-0.0034213381,0.0010026702,-0.0017296471,0.0035004283,-0.0068724468,0.0035692873,0.0039023019,-0.0014969662,-0.001472307,0.0045095065,0.0038090849,-0.0007353073,-0.0055646191,0.0050577743,0.0013181473,-0.0015456594,-0.0022879201,-0.0001118354,0.0006776136,-0.002262675,-0.0044771789,-0.0063652246,-0.0034347559,-0.0030576744,0.0111064655,-0.001630061,-0.0016700203,-0.0022808229,0.071656661,-0.002741175,-0.0088338892,0.0009681164,-0.0003555289,0.0046796869,0.0011413078,0.0085412724,0.0013732394,0.0081826222,-0.000664462,0.0065343475,-0.0080421807,0.0078602854,0.001806113,0.0054363432,-0.0035428829,-0.0036412699,0.0018354058,-0.001454416,-0.0040605698,0.0002824123,0.0092014058,-0.002841073,-0.0098672253,-0.0040601763,0.0002384329,0.0021177914,0.0038160145,-0.0080678163,-0.0010180778,-0.002876775,-0.0059701763,0.0031503498,0.1102846315,0.0021095376,0.0066929418,-0.0068155439,-0.0016586654,-0.0032498799,0.0010758937,0.0062728319,0.0008128222,-0.000881996,-0.0010424183,-0.0120283348,0.0016221956,0.0043663964,-0.0044618584,0.0002143065,-0.0014602537,-0.0058020076,0.0126662278,0.0010639402,-0.0042651491,0.0018690806,-0.0027783275,0.0009449535,0.0063253587,-0.0017624185,-0.0001732247,-0.0082488329,-0.0032041999,0.0115787753,0.0041742544,0.0060125823,0.0017653807,0.0153997317,0.2470740316,-442.3957185918,-1.970785341,-0.2797306188,9153.6567899385,0.4559789128,-4047.8671524989,-1513.0528212675,17050.7911812616,-5846.2271129556,0.7348118563,-0.1736378843,-0.01567612,0.6149096339,-0.4188914628,-2589.6017209661,0.965004769,7978.7392482185,-256.2269710143,-5846.8735784178,1017.9602309861,39375.3630401214,-0.4153897566,-12384.3153891087,0.1735423004,-7425.2467911369,-936.6471434366,-11068.5011072825,0.6083975071,-23774.4755581233,0.1555352842,0.3054520577,-6965.3176961059,-0.3066706807,-7218.2471096877,-0.8462454863,-1010.3687725271,2526.9636513231,4394.6200020115,0.7964380979,-12146.2345029218,-1133.1098799687,-0.2906536766,2825.0937070255,-217.5699122747,1403.4908507374,-19919.2584913682,22390.11734592,12993.5145958491,-189.1925849365,-0.6653822844,0.3362804869,2096.6641210278,-271.8394252699,-8.2388365258,7549.6147418129,129.937609819,-5065.7157259594,4081.6400961218,7391.2535174088,-247.3320669524,-984.6005979027,-5382.6736481552,-1872.4244287938,-5665.3672189748,3385.137571105,-2460.0270756015,-2039.4327285024,298.6186435286,-877.2928130172,-1393.7838741821,-5048.8058341131,-14.8719655022,6138.620025305,-9292.7609223841,-2047.8641302608,2208.258033898,7075.6726188167,-5.6759122695,2962.5753387305,-2651.9601706762,-4881.2720791723,1596.1372754025,-16359.0823714115,-2111.5259749003,-1144.9714820106,5392.8412132286,32692.3507813179,21275.0860275772,-0.1089660834,189.2679608152,-2231.3215635797,-2476.2256791765,-128.8869842036,-0.7818139142,-0.2225120843,0.2527829986,0.6650013804,3735.0396377925,0.498961405,-0.9706530561,990.1030459817,0.1238410527,-130.0136630405,-3854.2288745234,-1.1960898135,0.8487555879,-1125.6042197193,-0.9874383623,-2.7425067461,-52.4580687634,16653.2468761441,-8112.5921921445,0.9436275226,-2794.2826341743,-3.4619035395,-2121.2302204617,-0.5135831152,-9445.9507076233,0.0726470517,-1224.9018247939,7689.0347545733,8.2917158974,0.7458526297,-9118.360806696,-1733.3691630596,0.3794586644,1532.92077069,3.34157644,3798.1375938525,3865.3118750814,0.1488235849,2.2165544603,0.2612398969,-1064.2482057353,0.1829380525,-15205.0396784072,-847.1378155766,-3450.7315141218,-3144.2387786497,-5699.4865216617,1009.698314237,-994.2849141265,-1304.9955510451,-2079.6074826035,-20705.4937501805,3488.3903268591,4467.2480141738,1784.1931092903,-3364.1889071052,216.9410939806,4955.3130588992,6050.64397434,1419.4057999852,-2989.417185684,-10686.7290287072,2991.7699609485,2516.1281922426,-7504.1942801408,2314.538147027,-685.2110752393,2145.2564178389,0.1968409587,1523.6707889412,-6350.1153758867,11809.8305762274,18148.6660438725,9126.0851396641,-901.035259702,4096.6512066077,2585.9452165361,1.5432518674,-2.3928160373,96.2706667503,265.7922320998,-0.3058596287,-0.3950914473,-20583.5910181407,877.1915153225,-0.4970885112,-1319.2112435588,-0.3976947613,-0.8074543329,0.6922818774,-0.9542361202,695.0888043228,-1.0114559736,-20584.1733062265,-9857.2633162013,655.9404199158,3806.9148735858,1.7773360264,-12936.80567739,33.6767210842,2363.3057679102,-26073.567963129,17433.8451412548,-1319.0114292678,-2609.2503594996,0.5259845167,0.1708315492,-7029.4723280454,-0.9270645698,-0.0130408484,11197.7779491412,1030.0411514989,-2666.2624258396,-917.3180711427,-1.1821663003,0.9343601128,-3.1812722262,17.8728955892,-168.9555393196,-28519.0129664696,0.413310896,-3.2846965305,7364.3167581391,-1613.2934072458,0.2689617627,-0.3059745635,344.4948062341,4659.2287948322,-4761.0216525955,0.2437471492,-11814.7801038161,-44.3020700727,7811.5146594452,42.1844064975,1583.0220090018,-5170.7800786958,-11703.1006146136,3244.4937801331,-1729.8791501274,6694.1486205958,-1556.9692144572,3957.9698120879,3140.41503991,7207.4107588841,-889.6647646995,-7331.8110612784,-38.7562896172,-1731.3202830381,-361.3191550212,-11278.1778694796,-1830.5587880619,327.679469526,-567.9871051341,177.1345778456,4839.1953253477,-3688.0277984291,-4491.9254304651,1471.1660508483,-6551.5860543046,374.0376164674,13010.6420999575,1890.7888841422,0.616213722,6971.1721324237,0.8547889148,-1689.969921042,-0.9206032543,-2093.5178180137,798.494629101,0.8867229145,0.5347809641,62.703670436,0.6908319204,-0.6038395906,0.438856278,-0.1893575396,-0.0564861383,-2092.6738953749,534.9361583056,-3232.6627543247,5899.5148287477,1918.2765769721,-0.1059543077,0.6129709041,-1644.0740747415,-1503.1208541371,3943.0624644938,-0.9703957666,0.6359749796,-0.2551415261,0.810873501,0.1496983598,-0.4895837214,0.6110618292,1968.0448198977,3105.9493561571,-0.4121586157,-34.1626187698,4858.3748479037,-927.9884055628,-2140.6068784146,-0.7788554176,-8913.528337781,-1.0196181688,0.3068348915,0.9080427963,2452.0678058238,-4153.5391417696,-105.2419532657,0.7428782592,-16266.7433169584,-0.7406838787,6912.4768434977,2200.5985143389,-400.5712802295,-9180.2195577101,-1498.2601117612,1659.9892296573,7106.0641473741,52.7180212693,-1.6413126415,5842.010123079,-5013.8898977143,8052.1008634361,11529.6682178214,-12350.7929901548,-2634.5773677356,368.3395494776,-1879.2407989846,1165.1241546935,10577.8146428531,5358.1900157732,-1446.9434891323,9940.6155422437,6028.6377645359,19751.2723448011,6550.071355795,-2183.6192450245,-16831.754373813,7273.3320057346,-7121.9445660105,-6959.3049328767,-11967.9522245271,4181.7269189305,272.4414328882,13224.9985084936,2233.7501183622,-13933.4143865019,220.5327808753,-3731.5619118075,0.3926154751,95.4144087433,0.1149556947,-0.2351944334,0.806274742
   -9730.3427922374,14.6778273589,1055.641532336,0.3300747831,-32.6055583966,-1129.4157973943,95.3740417196,56.4905317844,-4676.0036549795,-10854.3515151081,10844.671617817,-0.7935122975,-8179.9284686942,-5320.1982096813,7460.0568848858,114.6546763664,10675.154115257,-2364.7705016581,0.2515590149,0.6173896492,0.5827750741,0.0641535385,-0.1607126771,2355.0853209333,1436.5041057411,5562.4787219279,8108.6320225249,2435.7347056952,-0.0517424346,15514.9594443972,-24051.261918273,3008.6785538119,-0.8046803254,0.160099739,0.5618832651,-1329.5977718528,13437.7433094566,-3153.1528134306,0.1787265812,-13678.8785758598,2.8893688543,17441.1269485216,675.3477585998,2660.4693097473,-5681.8751104924,-1314.0620884755,4271.3083714796,1864.7309190607,611.3190714241,-507.1765121213,851.567216253,-3103.451178563,15018.8171263355,-6472.4892839357,4517.3964066171,4002.5015467693,-6526.821481916,-5302.2711629249,-6358.8376694805,-6927.0073727929,6258.3671022367,-7869.776616137,21194.7689624754,6632.4655116081,7218.0836283061,-9.6876433315,6979.4313019498,-3524.1552771724,-706.9479363151,-0.3238763018,1179.7910798122,-20392.3617248672,6023.3590855678,-0.2940889495,7847.8343320731,12169.9211905664,-4.2315420809,688.1165070571,-678.2769510749,-0.1977962575,-1.3652552786,-0.134087216,-0.5555184241,-5309.0287767086,12255.1344564415,727.037731482,3132.9509507783,-0.5946232718,-0.6370193294,-0.9453872151,-0.1617295941,6701.7992067986,1282.6100651126,872.2771053425,9544.0790055113,0.0381212635,-0.7701075699,0.7229283791,-0.4283875209,5411.3817114445,2756.8612919406,-6.2965587612,2088.993210689,-1334.3587470973,0.7179846731,1.9549956275,-0.8335206273,-17663.5308284711,54.2705688627,-0.2905207639,0.6480713505,4790.7192801596,-0.8959700897,-20852.8225607745,-12860.0782083547,-0.5126124129,0.3338497332,-0.082120034,-0.6175432599,-23584.5852018499,-0.396383308,-3071.4344583871,-0.3058184797,9239.3165589962,-653.3516059568,-7653.5385601129,-12808.2242943618,14613.3478237433,3306.127179077,12416.3724537117,5011.2682381467,-13703.6748579656,14571.8670535782,-3881.0243336814,-23.3432016514,-718.3051480132,3982.8920936167,247.4905329414,-8339.6141576023,8544.2104708809,13434.2786004329,4094.7639672077,92.7274605698,-7.2893571375,-8900.612842511,-12551.07070131,2862.7987455976,-8719.2089675157,-6522.5969594752,1268.2984892287,-2490.4443733806,-2872.1168512283,-2904.0491847043,-2114.5265615149,-10357.0965744667,-9471.0603459514,1439.5045563557,-0.4415394505,294.7911438642,8.7170722102,-1.1486091988,22925.7800163401,-8736.9335501308,-1739.8540748387,7839.6079739437,0.6103054637,-0.5568867739,-0.5538876905,5218.0016603191,2732.2956397306,0.3478536108,0.2639174701,-0.0555067717,5.0183023017,7839.8165703458,-0.054087296,859.8217079188,-1093.4642848551,5138.3892915955,80.5924060491,-22.0368088809,-13042.2152962984,7819.7452315324,0.9645322243,-91.7392623831,-6282.7537319441,0.387961337,-0.5212560704,-12812.3261525943,-4546.5068360115,-0.6364332456,-6990.9994615993,3456.5036164924,3169.4998614025,-5.5544109686,-7147.6101157363,-2210.4676534929,665.8544344391,-9559.2170387877,-2.740370108,6220.1046488914,4573.5921713916,-2723.1319966082,18901.7292323207,-0.3520423756,-0.8305184585,-0.2396153503,531.7730645451,-10519.5935994384,-2978.3227198711,3053.6457078658,-3396.0852921472,0.7864452265,3075.7382109653,7836.0908612568,-5103.6917043576,-4088.6806870634,-9550.2225010846,-3272.4604648711,1536.5154879605,-5761.919057978,2466.8760650399,1259.9942600513,-4869.9181921901,-5545.2304776985,10795.7393562693,-180.8473958563,0.3331393585,2628.8229020734,8511.2805022065,-910.3833181843,5304.2917370354,1870.3375059748,3035.7619208034,3973.272468799,2767.1337284017,-4056.521486615,-5962.9532508517,7988.3943855484,2283.8023929481,2940.1541389987,8264.7170562419,11404.3545132667,4308.9332529926,8229.3075680359,-0.3653112097,0.4270280139,-0.7560647732,0.5476579174,-0.144299017,-0.9907455861,-0.1779414917,-9697.8614959834,-2026.4050721588,-1398.4379248053,0.3200034927,321.6454017141,14819.3776875423,-0.0588829287,-19571.9078946358,-29315.5791665966,14470.6364788935,942.3085954077,0.0872767618,2415.8434718725,-4995.1217753848,9561.2201198792,-0.893168702,2691.4903260304,-5586.7524759152,271.1653445147,-0.4194521256,-0.3782854443,-3434.2891631114,-0.3641025913,571.5931914087,-3177.3535980013,2455.1508476223,-9187.2074550342,0.8804595568,0.00580259,-3357.9186072529,40665.2139747993,0.5675123932,-0.1708085203,76.7186296033,0.8410783663,-586.5811596874,1928.9445005318,-2005.0221337011,-2.6826039817,2075.0831784918,-3088.54514706,-4461.3269926633,-1147.8339327306,-8823.1899425713,2214.9133303194,10518.2947764991,1286.3561419446,-3063.3622053547,-6620.2551197696,4256.1592462079,2470.5418064064,311.6515906443,-2209.4016467262,5269.3327237768,-135.442635618,305.8924758597,237.9195976623,-10959.7101361337,-2540.9470063131,-2356.3674198458,-6072.9588707516,8184.896271909,-16126.6067642825,-3891.4320980806,-6919.7292524801,166.4943017175,-3321.7719402633,3533.4714153393,-4694.4309296026,-2569.4398941982,-3900.1193288332,13427.8482647896,-4019.0566861243,351.0200481622,3.4136248647,0.0352756193,0.2655450139,0.3807908618,0.3995669623,1.4080026243,7756.0431064115,-0.5573778333,0.0779485142,-0.5056980765,742.1950646938,-2048.9341918952,0.6218804688,0.390344801,-0.7779862781,850.134491911,7755.8789931063,-0.0966781994,-5.9631980388,-3.9517977717,30063.6928952171,-1006.5346770951,0.4972595684,-14390.5908680463,19512.3098072339,-0.1843753848,10.4853626302,-0.9815724042,0.3958054707,0.7394229984,-12079.3571965381,1.1617025504,-0.2321337277,1521.4486605771,0.0773414253,-2.0333567949,-0.6460962452,-0.5070868894,1.3973764759,0.5214670128,-12.3044553072,0.0699766171,-0.9568068096,9560.9281382176,-13769.4677021179,-4318.4628529889,721.7472616539,-3921.081789605,0.1652527955,-4297.196710475,7944.0991968392,-11763.9479282375,-1794.7500586976,-394.9844603832,4768.4203116214,3551.373706371,17849.9554786786,-6.3756139426,5280.4676255426,5356.8167703116,-188.6687102115,12962.0745603673,-6867.6973268162,789.6813234874,10664.2041494207,-1632.9259148246,5909.4735062356,5077.4713704561,-2.9391069748,5574.4817937867,1630.6626790051,5745.4850421789,-4026.5183149473,5.25476554,-4993.765239951,85.0525139178,3154.3282264297,-403.4776623551,-5874.6112027147,-1.5814027922,-1590.2262804404,1701.5364801974,-1.1141908962,-1442.5755465226,-3228.3591927417,7704.8348272439,-1627.4066405973,-2.8822921526,-4337.6335373565,0.0948773609,-0.364732991,0.9662096735,0.0192108175,-0.6679849891,-4.2538075673,-3873.161880669,-2472.5303198713,-0.1490247813,1.5990632052,927.0785067061,-0.6134615724,0.6094864123,3388.3914795857,1.2037884467,17.7727978214,-0.2148543724,-829.00728181,-2808.2197363802,-3575.9598040298,-4207.3748642296,-6706.9252744984,-2243.8055853894,-0.0217841731,2440.3898415806,-0.3729881917,-1.0976564743,-0.9428512491,-987.9040351288,-425.3836747607,18498.0696246618,4413.3799849103,0.3731037501,1.0019331595,36.2815974285,-982.5538797082,0.3202821133,0.9249312603,-0.214751181,-0.5318838582,0.2147293629,-4225.9572122184,-0.0789726509,-0.3545127078,-5102.7477204882,-8632.195590323,14913.0731718054,-21.5990534643,2056.729046816,-14806.8650526879,-777.9247102898,-2551.2246959732,-7611.418484521,5365.5462735801,-3249.0129601597,-10024.5657791329,3680.026680226,3177.6710967042,-1752.2120213394,-12397.7859966277,1.4154280341,-22.8106388085,1653.8236694543,-1735.7989726859,-7671.5207780394,7371.7530123138,-7521.8453529827,8998.7317110172,-6333.43060048,-4010.4687813892,3385.5495316318,-0.025318751,-137.2823461445,9539.761624178,18646.7762623811,2154.7124477386,-9796.7245307097,0.1953228349,10660.3108071883,680.1811636129,0.9275902578,0.1544966812,-0.9258330817,0.6108634411,-26.4729282434,-4432.1149768027,0.0891182194,0.4863951037,-1897.2465723398,2119.1349752947,-3913.7308484073,2.4110087792,0.7859235409,3205.6556027339,16864.6645375623,-4430.9888089054,42294.526655939,-11739.5656247322,-0.7761316046,-0.9768212388,-17873.4418435155,13.3557703245,-1.1076407846,-46.4682927036,19477.3350923542,1.1661868038,0.9060263756,2.0683196231,-36.0166862679,-30.9690453492,-0.7101355628,-0.3018824998,3223.4201914079,885.1084100568,-32.4313175296,3638.9572393525,0.8970834342,-14.1604696348,-7.1180413365,-5.3305630488,22112.4427678148,-1021.3367032432,-852.6972895611,-94.8348979923,-5076.0958626523,-0.6457171115,-5198.7996580148,-0.3625175386,565.6412528793,3643.1929021392,90.5372441845,-7127.5191271279,-8484.7943669388,2093.0253549213,-6606.211926565,4272.8758426934,-3.930110331,2429.45175548,2.2954472347,-12198.4493868955,-3627.8697934057,1740.0323840428,216.3207738148,3208.9086080608,1153.0176506423,7490.6728101201,935.0255950767,1631.9395339525,-273.6141443927,4.6683839217,-2976.0017648314,-931.1709838546,4890.9263292929,-4565.8517587091,-731.9033355802,-8.5585316037,1318.436158816,-591.4023254785,4250.6226554532,-3158.7054567998,-635.8195960155,-1764.8061157066,-5857.3693923418,4199.3847194113,-0.9243679383,0.5313651398,-8098.3602741633,5024.8579521833,-0.4425953385,-6139.1397831998,-0.84077016,0.1083071782,22255.2390936999,16338.4749233106,1692.7548661207,-0.1627018716,-0.1324934171,-0.8734815379,-2114.5402615393,-6139.2277664723,19170.0825544688,-4379.849654678,-1990.9507736131,-22039.6093581507,-20.0165887187,-0.1087403812,-0.3785325035,18736.3273779334,-13764.8133770502,-0.7468273424,2229.7501467412,0.4476103647,-1479.8886090806,0.2670270493,0.2726125656,0.6933738758,-16143.188882748,0.8568295274,0.1633277237,-0.0131400897,-0.5553962613,-4221.7934316153,0.3608322794,619.6758880387,0.1678007637,6902.0748419824,0.2231705057,45.214560414,3485.1513908581,150.9073266022,-0.0643468212,-0.9111857903,-5601.1496051743,-85.9536912316,8772.7851295727,653.8528859038,4543.1019776409,-3915.2832896253,-10344.8950479525,18137.6890510842,-10480.1742466976,-7815.5566213026,-14.4055531559,36.6020792273,-13769.2708987368,7590.830543777,10255.8738883659,-7451.0332384024,4208.3200692027,-5040.0668482243,-8014.0643372695,3641.8745048391,6833.9118336056,3507.0095731672,-7538.8056914171,5704.2991544939,7124.2414029771,8640.9180717367,-1.717189736,-2636.2683954277,-2601.6687626736,-1556.663717166,-11363.6081192334,-0.7454882612,225.236066918,-2817.6523315076,-19941.4447634406,5.9196583718,-7.4666156998,-2758.5831879494,195.4957592815,3986.2472451978,-0.4276482653,-0.1575871316,-0.4578423407,-0.6972446036,-308.3695872336,1958.2102412985,2304.1032688126,-118.6169158016,0.1507963401,662.3063454637,0.0770560322,-0.5721393775,20200.7822408369,-1048.3870718536,755.2823941976,0.2019347234,-0.9662651382,0.3874746722,0.2692226523,48.1490421329,-0.6652892845,-0.8939052494,0.562058687,5.9735905964,-108.7126848638,-0.8177682718,-1.7089202874,0.3238697318,-8044.0999570149,1377.8821746277,-39679.9626958437,-0.0361745085,-2342.1789717703,0.1680132381,-26446.4125524071,-20529.6473413723,0.3447008893,5657.3841608428,257.7175040623,2079.5377648969,-337.8962093749,0.0082970729,-0.7193347301,-0.3806459271,-4332.6243756334,-2979.8447500426,-22.4094528893,-4885.2407943815,-2235.8723044825,2192.5074843587,-429.6878670641,3834.1813479081,-1962.1367133248,4556.9919316166,6375.7015130118,13.8459004146,-1967.938376052,72.9124123078,0.6362263378,-7709.4184659537,-1786.8436318766,8419.5630752637,628.9048705305,-100.685760974,-1376.6150847176,9659.2733183022,-2.2434192691,-8123.3202858542,-248.2652513416,-1700.9417465221,-5687.2556077659,-868.1657504668,-2072.9967201156,1817.9122399985,-44.2969378986,-530.6844997515,9305.5853340833,3080.501814615,-514.1303741039,-913.7374834848,4839.6995524899,-0.684487219,5858.0891716656,30144.2788078979,24735.9680574089,6933.4942381732,24055.0939147475,0.1543796897,-0.5483997931,-5526.5935434142,-1.1153893019,0.8131537537,0.888042775,-2861.0853622812,-3307.1758569651,6935.1028688596,-0.0353023542,484.1686153181,0.3677576045,8394.8329860639,-1.7800797732,1780.2148870294,13540.0539609377,-30933.5506982222,4367.096753075,3543.1448368186,-31.2198059841,42942.7448762987,534.9495316189,-0.1558879219,-0.4564193007,-0.9488060713,-1721.2087674772,17791.9104147561,-2168.6815654543,6989.7064237656,39360.5142665911,-1148.8407091958,-5644.5289734826,-7368.3259815089,0.1314498609,-18.2296860469,-7522.2601690475,-0.8091546587,-18679.3489400817,-1672.8483228934,-986.9667597801,0.1634712257,24754.2310685988,14035.8855673008,-302.9226666605,3245.588850651,110.2446464932,9242.7841672261,1709.035006019,5742.0302942773,2314.3652991735,-874.7473702007,10219.8291814658,2569.1736161323,0.2504511713,358.2374691746,-7021.1623191709,1138.2064593575,-980.8337442512,3450.1573618503,-2357.7700413902,-5770.6196557507,1.8235290544,-10522.6446673642,6910.1490103392,-13811.8839376111,12288.8317304631,320.5364075579,0.3511401466,12.1112059607,-7041.1439558384,438.9102823739,-2030.97951332,-387.7995592798,6713.2585986648,0.4341934216,-4416.4677021561,-4099.5964818585,5859.0766253342,-701.9766613305,0.2467228374,0.1685594056,0.3088831626,-2.3996777521,-0.2806237343,-0.3381785062,-6543.6225525863,-23266.2503491539,534.8011876351,-3743.2427295126,-0.0385687426,-0.4680725438,4735.0928374773,-2.0555109801,-583.5927809396,-0.5066547636,24107.7405103471,4244.7068690612,1851.6205585631,10970.4833327234,1618.5055057732,-0.8399310428,-728.8829555148,-2320.7587050137,-13576.7814006176,0.6284371034,2679.2785835593,0.5550691868,-31.8675041921,0.6641630974,1661.325358767,-5.9695556034,-65.4843722674,-0.4888576659,-18883.2522550714,5786.4429925515,2.1356395349,21080.1883921573,850.0873913952,-2734.0466335176,-6.4242723961,1.0561642428,75.69789745,0.4719516318,0.3776982619,0.9574850783,-1294.487895368,0.4191536588,-7504.6908459273,-5571.4032102001,-7046.9501847373,-12077.9529863013,-74.2932583394,7255.9517555898,4227.6612516242,2905.38444581,-12028.728113052,8386.3491457305,703.4947444218,-664.505533132,-4486.6353500239,-1502.2847596722,3185.5531134078,-5289.6798328458,-9221.2169654214,5087.0323725278,4859.4248201217,7006.2363804964,1879.2835760941,3887.9291899867,12049.2454932991,3730.0040630494,-0.1328930028,-197.6470417858,1672.2783676612,5848.9958737007,-8686.1556479619,0.9389073203,-673.5408190356,-6.268866597,-2.101450309,-87.9870299644,-0.5062674624,0.1679413227,0.8014081003,-3214.1369666086,1155.9828538439,-2635.2017362314,-0.2684399335,-0.0029912199,-723.1835568803,-3133.5033082069,-0.8178098222,0.0107191166,0.1996444772,-1584.1087462416,-0.8774746969,-2635.4512941694,-9510.2320561559,25445.3522126195,26305.9719690479,-266.1169260208,0.6608437886,0.2110570395,1030.3078212647,-34231.685682056,1190.1055291928,-0.1199602097,1.2169232208,0.7778932201,-0.0217535271,-0.0891955701,41.9093911108,-0.0063331137,-8480.638080346,-0.2247326776,777.6577786421,107.5682758166,-0.5126320779,175.7871662254,-1594.2287483608,3460.8261027204,1434.1079309794,-12420.2755147773,0.0775505754,4076.8620676046,-3187.7256008106,1.7854114209,-1.000332231,0.1133913802,-7973.7339031501,245.9316240529,418.3424313731,2339.7814914661,-4699.5401304899,-650.9813510551,-3678.0071482045,-7160.4609000002,6663.6155902979,-13142.5978035246,-6330.4471435815,222.0458059948,17105.2664959716,-142.3842477823,1184.2241474032,-2043.1047743796,1150.270558828,-10.704744588,-548.9431611172,2522.3974778351,50.3206454465,-5140.5127827649,911.9297703243,1529.2013625302,1759.5378360418,-8131.3489074201,-5181.3565377683,-18.1623203287,5183.251004935,7621.5101258347,11.8326635125,1.5821488712,439.0584204222,10693.5142070703,-2443.4360697526,-521.1149911595,-68.0317839834,40891.3306844014,-5975.4502060217,-20.6820177912,2062.5373300261,4905.5320198055,-0.6253313813,0.0688170177,-19883.3652063687,2319.0346990329,58.8714338495,-14177.060436169,-0.8189015594,-5905.1171395685,27893.1163392584,4905.9467318664,-5.9166350521,2605.2386208961,-580.046482404,-3713.3467722406,0.0782350451,10.4236876184,-978.2776599696,-3790.1940098109,-26333.740245565,-20.6393721574,-0.749981584,0.7052378621,-700.9629654317,0.1770427984,-3680.7691933092,0.6221563178,-5281.13046898,-2.5387601219,12998.0885418247,-5390.7084936654,15807.1638530921,-22198.1263520477,-6.5121953832,38167.6877136134,-2686.911414892,-1334.2493003453,-12.9026717535,2369.9059775898,-3767.1879858419,-249.1810211819,-5.861252708,-0.0441607514,3467.7673982566,8826.764756171,2289.29227069,888.4534062328,4689.2367990387,2553.8410877445,-6297.5242147654,3453.1758533649,-1638.9741951652,4400.7637685816,-153.5371760246,-1549.4929614702,-2209.0809000898,-5816.8151895528,-1867.9436866934,895.1520659553,-2207.6879506814,0.4967614909,341.6434440436,7161.8290685632,-1524.8545911968,786.5698804639,-3283.2403535129,1917.8692104316,6546.8501923316,245.5370418772,-0.3594686685,-4989.2976451499,-1082.9743112877,4989.9525034397,-7340.4883293903,6320.2881760202,2742.7105499482,-22700.3972491684,0.8994196522,-0.9974710001,-1.0167002711,-0.502455004,776.3424355902,-0.5781470211,3.2228670956,11817.4724605376,-6.5227447602,0.3784929973,1.186389583,-0.7556576091,-2557.2737016494,0.1694503576,0.8594829199,7486.8508419532,0.2427888774,11817.3605230189,-6.2929924682,-16875.6004891837,-2159.2770625308,-3538.4196722559,3341.8500831958,0.2188969775,0.3952889213,21030.1015499673,-0.8727723842,0.2335673798,-0.4563539532,3253.3893073912,-4242.4424674099,-0.6892694781,-3865.2558728973,-0.1937627751,-7711.0328208754,2079.9892630584,1182.7698152975,-0.1613137121,-18433.6629391953,-12968.1841238884,0.4655042209,256.6200260167,0.1420224251,18846.9503700768,-7071.1986873989,-2208.6785584177,2614.6095585635,-2256.111514166,14526.7011919834,0.7356571286,5934.214885641,3.1633739455,-10794.3361830286,16439.5891227419,569.7880553479,-8751.5548490935,-1483.1034340681,-3969.6264352167,5499.4619642933,-8246.2981866528,-5268.104773966,9142.6438657235,-1206.4196477822,-31.9575971954,-88.5635469917,-35.0234306277,-2078.7380407883,-3127.0180127111,3687.4578894439,-5756.5825766475,-13405.9078488093,-26.9393182562,1627.4176383142,8979.1409930102,2789.8127172916,1268.6848800578,1.0043451341,1220.8615037136,-153.0671875415,9183.2415850088,-699.444609684,-2907.9082355597,-765.6459523096,12275.5159092582,-4330.9597815204,7587.6459720383,-4741.4773900642,-0.523273478,0.0176489999,-20063.2502144918,-234.2631082628,-0.3864421551,0.0907482357,-0.9300269984,1379.3889197847,-3.1678504347,-1388.8057456576,1.0453626239,0.6364844113,-10709.0186023275,-237.3967862282,-0.2778622342,-4474.2953008354,4062.2551786268,-7683.0752430065,-741.8653127222,2114.7909930953,-0.2978648982,-7893.6741254091,-7072.000810948,-1459.8964438097,0.226682724,-16227.6229081777,17543.7930599701,-1225.4920088726,-6.3367566782,-25421.0952089788,-0.8333736424,907.3148506655,-735.789219649,-1.2970549533,3329.4961282411,23631.8839272146,-3797.6083346011,23885.2403713978,-19156.5867981484,1210.7307624946,1721.2406369697,36.4966385821,2077.012456533,8731.3695637644,-1997.31918562,-1197.4210892949,0.1909521846,-1824.3624575511,2564.1063199548,-3718.2180134543,6074.7885433358,-4055.6978029493,-3890.824249686,3115.2867001293,2095.6360175445,49.5394942733,4933.4548751827,-398.7617810703,2215.2894196733,-4652.3079566623,-5285.1586145438,307.8105009755,4359.6866816462,0.7875818978,-36.4218601797,-4893.1303274932,1406.7030130571,-3643.0896842655,-11966.9126355117,5759.8411372493,804.4402088921,-2244.4651365421,1247.2538451064,-0.7297737239,5496.9964052695,-7322.3020881205,-841.4157866111,-6.4550389447,-642.0484301212,5709.5605384439,-40.9420387387,2741.5636028752,13569.1762522571,35370.9850866945,0.0844019144,5482.7739013764,2497.9994234705,4.5360281631,-2362.7807546574,-1050.6532129747,0.1016676236,-0.3847690424,90.5612656649,-1.0427531753,2899.6685501889,0.5790406607,64.4201399587,-0.025811624,-2364.3534479151,24.6878369152,0.7116025781,-8049.5346761423,-3347.3552227903,-0.7700591304,-1670.5644840811,-5598.0162544116,18530.9233834401,7524.7893602296,-1.2269229309,-0.5212808647,-1083.0994905577,-1944.9625457059,-11922.2480268639,-0.0200229284,-0.9757441511,-11541.947493222,38510.297314718,0.9791094261,-0.6074111842,-1967.599252246,0.1147617435,0.0103282859,-2680.5347817792,2730.0070243027,460.2538312328,-0.5942395715,0.5825216062,2892.1155850756,0.2068232829,-13.8401975588,0.8370281717,-237.4538159945,1805.4212905581,-8848.4639152302,-219.9418109263,2034.7362677934,-2045.2642853679,-4.5252594319,-5624.0948621038,-3067.3011498047,23573.8402820541,1882.9029942803,-141.3022019896,-6733.1037638341,-3070.9392017634,-1041.0719688386,-4240.0959956064,4886.0138823174,6125.9104459171,6813.4980660275,-16.1301697629,6153.0221605569,-5258.5945638662,-3002.0785496564,-3627.0137784215,-4641.9823585455,6161.1385678471,8449.1275088691,-7016.8139569327,-5307.7043027737,1650.852839481,23.9314224357,-1008.0513115011,-956.0215287595,-3789.158450312,-179.5592437562,-642.9183435038,1104.8002818382,0.7303928561,666.9087577983,-19644.0876771374,0.8422531144,-3682.7146251758,14922.7698962161,0.5302176855,-31727.3409926561,-28513.7526600624,9.6303332654,7382.8821873943,-0.0163532049,-7.429389266,-0.7611103235,-3682.0378286272,2534.5596037659,-1.5713984852,6138.0693374154,4375.9061690664,9828.1636076696,-16739.4562686253,-8480.3156518013,-2476.4701008608,0.6704746334,0.4756557051,216.0073511829,395.3445406586,3271.4110942987,0.5982439587,2089.9190212454,0.5195195612,-1473.6453733412,1650.2164549863,-6553.1448447388,-80.4417710974,0.843901994,1.8049738608,-3785.2071890968,-0.4287877644,-711.5957622748,-0.5403219361,-2287.412529522,-4353.6517356928,-0.9789042374,0.2617374439,-0.0057809412,0.4209836437,8956.0435668649,-0.4166037147,-10541.6197474565,-790.5977566923,-0.8179343606,8531.9921574908,-1476.1744229218,-1895.9525287263,-15158.000184691,1133.4651096818,3162.7720358958,-8961.5340851975,9282.5169837811,5.2266916418,-7651.1688396825,-473.412852718,-4031.9403012967,3138.3774041827,-5303.9605898244,-16700.0287816392,-671.9230864652,2233.7755457638,-624.7706817234,-12715.6286828739,-8388.9429475762,9348.1088432958,-909.376767238,261.6048808878,2227.6675917399,6085.7976859621,-325.0282525353,25.170917,-629.6859953351,0.3568715701,3.3562015491,1.0133546059,-0.8370888804,4098.1695711053,-0.0985819975,0.872423278,6216.4178023936,-0.3495043915,0.2380650245,0.040790241,910.1001342639,-0.7832923922,-4141.4907941394,3.5649611618,-0.3870989067,0.2222996971,2.751060423,1.0002364446,0.7738064892,-39254.3526292706,27387.2472195578,2707.8823724507,-14.7156656259,4195.7659589424,0.6081879768,0.2425323566,9285.8165674232,0.3874932552,62.4282816449,-6000.9970646256,-114.1278162101,-1786.0331419675,7402.0053869629,0.3284848181,-3616.9264597345,-0.6153273536,0.5749241166,1171.4859596284,-224.2790133466,14140.6712905062,5563.2243154362,9011.39827073,0.4403395292,-6880.069960853,-0.4294620389,10315.5489403938,-0.8770376455,-0.5876901334,3.9396557216,1.4953311251,6817.6647983797,-0.5198016532,-3203.7603366588,-1650.7414258853,-10162.8531622899,1482.5673409537,-12276.2685273062,20477.491285685,-5639.8569573123,5948.9102169945,-255.7134560332,-2478.2921352047,5.2116299536,-372.8463578797,2968.7029183789,-893.1551240024,8171.2618427608,-1814.0163607567,-656.5515636625,-168.5903510164,0.2242287135,1909.6207724077,-0.0208369825,-14215.5674299455,5325.7471837279,-3286.2822086276,8.7379465981,-7428.2330549119,2849.7656921387,3119.7286869049,8168.8868453674,3.2031190861,660.4819488077,-0.6127108795,54.5464721502,-6507.0711157665,0.1716996454,0.5181920931,-12041.096430097,-3308.8657504084,-0.863835344,0.6289906504,1145.5250619576,-0.2892888789,-0.4658936873,0.7306070458,-7815.1294825024,-0.7894357873,0.6847952822,1.0622345381,0.1589450033,0.3713215669,-13118.7981616899,2052.8708468662,2387.0712565469,2998.5216015759,-0.2255049708,14.51356503,32892.7044213212,-9140.8327044998,-0.2725102392,0.5738012591,0.7086957061,0.3199740076,-0.9117968269,0.5129362072,104.4536818211,0.3053071205,1105.6065684714,-5.2424643769,1001.4968178291,6722.7121465327,-0.4840983287,0.3160466706,-0.9316399256,5294.6751170914,0.0076373753,-20813.407702196,-3290.7305776152,2046.9980304395,-2.6615233765,0.7862747482,0.8974361445,0.819068823,-4513.8954847132,-5038.1686542063,2176.6312740985,-70.9516824771,-1121.3742116873,689.8912070293,-2522.230505534,-10738.1897587649,2959.2978320421,10846.25010215,-4498.5682033845,-1364.5122539673,-12085.5898863151,768.3059367882,4890.621387753,1591.6447907644,-1320.0056361255,-134.9660657325,1316.2535951472,2089.3182130846,-6.090023934,-0.583935015,-10121.2915510817,-7926.0407750057,4.2782434072,10339.0684121006,171.2127222307,6919.2853078216,-8797.3836340986,-592.3850151939,3154.9207284784,1098.921605125,-1051.6616022789,26807.9807540776,7.7108113922,-823.7403687874,32868.1300108323,0.171720052,0.1359812405,7281.0290403734,0.8101494233,-1688.2316605691,-0.5444399972,0.3108911589,1.1371804561,-0.1681584209,1992.3720131291,-0.8526433962,0.7817117725,6736.4212532876,-0.7336484901,-1688.3298426221,-14609.6015961965,-12619.9985357655,-1800.1612143241,-6304.7133210043,-8.7049993294,-13092.5416130274,-131.9588850874,2134.2906410998,-2561.9500480938,-6249.6080460233,-6354.974466361,4307.4773993288,-1451.7623193451,-0.1621312484,0.4369549866,0.2606308953,1519.7514405596,39216.1370124865,-1978.6437964218,-2049.9857410249,-5873.9022264433,0.7142290443,2346.4487055855,3065.7468057651,-7231.5830917511,-0.7245621823,23501.0234852,-1.0086580972,22964.767843386,-22291.1344233101,8.1018470096,0.6631278021,-2423.0003220064,2505.9085429501,-8673.5204840228,-171.32395672,6483.432238011,1220.7676075535,-9724.7950893564,9894.0941145015,5976.7674064705,-291.5782328665,-8613.571371635,-9257.3458534415,10067.7457978167,15509.6466385586,6293.8169629852,3538.2206608222,-163.324508449,12.9241302081,-169.5318178917,7307.4230128453,3707.2529298727,13661.4100545285,302.9289138317,106.4308341652,-5222.4117883471,-1888.1960510281,1870.8525655767,415.9425132789,10628.511608477,5901.7851090259,62.5044585707,2720.7752541005,-4088.9439585549,-17796.3154360798,4.0687948872,-3542.798295282,3972.3356358531,2572.0998876332,0.2537676849,18081.5459858414,-0.2835133481,-0.8444916922,-0.343224147,-0.1572693362,-0.7443782956,-0.8199008125,180.2542283588,4196.2306748804,0.9550022553,-5087.0746770387,-9925.8530133756,0.4122896158,0.1915065227,0.0746021198,-28123.9639591002,4607.2821700333,-0.5030010056,-1306.6262363602,331.3558757365,0.3799642909,10.2638616278,24835.838076484,3021.8543413476,0.6094937332,9316.7854170118,24.8510680117,0.3441516529,0.570015253,7882.7589786362,4251.0754609294,0.8558132593,-458.1875700307,0.4074379045,19.7482338756,-30163.7692453073,-0.7287360279,-86.7101311738,-3.7555241483,-9215.5212059788,1499.217710528,30.2937708717,-2140.8800637537,-30921.2295803248,0.7351494324,-1563.6093320644,-3960.1503247168,-6982.9637071809,404.968903476,880.8993825785,-13592.0802825794,-12107.9387291954,10119.2380995934,-1.7087920663,-3461.9566577946,202.5680114191,-1909.2913765388,2806.1456454521,5138.0390426398,73.4855841814,7.9990166693,281.3435351412,-2620.824199842,-8549.6578530617,-27.0909018924,-803.0885765573,5689.6384884483,6841.7038235864,2255.7466177779,-126.9381553271,8852.1238015562,1883.692777327,1838.4058728265,1938.1188604731,5179.1569532408,-1637.0098528171,-24.3445662518,3301.4179170912,-0.7618538242,592.9989819454,-7403.9796702762,0.4547149237,0.6436427052,-6562.2254478623,10528.8147738315,-0.1043626879,0.7267770212,-2798.3094083601,0.2540486226,81.3966850247,30478.7476771974,1.8419241241,-2466.5767441527,-0.1870877502,-0.328180543,0.2138387175,0.5008674311,-0.0059784834,951.0788986474,0.3705540224,18724.6740900275,-1485.5436111108,148.7222297141,1714.7469771729,-1.0574901339,-0.6561948049,0.0003075952,-0.9523295173,1.2699151396,0.9069881357,1.6527550198,-10020.1423037393,-0.9532168721,-5057.168453471,0.1127395514,-0.5538782408,-0.296428456,-27.8704145464,-0.7270216708,-1981.8170069964,5030.4462833597,0.5165350795,-4.3138197128,1.6841290618,0.8139975483,17806.9327115014,-0.0442120281,-0.0689800044,0.1205209172,3191.4622012714,-2660.3854429285,-5548.6059150195,4652.5805917298,1239.9576561456,-4303.8032468127,2370.8932108454,4476.0307646878,-13604.6199289422,-9459.8478321051,3390.3369830955,-587.511216284,9543.8916232671,1695.2626232872,8926.6402881308,7075.6366081198,9583.3490109841,4920.9517582116,-10010.8958282526,-11448.9971880659,9121.1860636651,-2088.7265687216,-38.4078364095,3285.393900362,-8988.5918740662,-1592.5351040618,3975.6725868394,10219.276435823,-4201.1072449357,5697.1332717013,7176.3382443973,1484.0989201544,-6408.904370126,-8005.6141654045,191.842562393,-0.4158348099,-23015.7820655801,12701.3616974052,-0.0984360107,8747.2270955934,-1788.3816959078,-7001.4769686136,0.8753754795,-0.4205518263,26049.6387352155,10014.4377230933,-19808.3342966426,-677.6354053663,-0.8698308738,0.4420339718,-81.6306879067,-6999.6329330605,0.5617464922,-1901.5893567676,23148.4692783102,4424.4317425534,-1.052362174,5143.9933762268,-404.9825274171,1.0640534833,1836.2375490704,33684.5807962716,33.333767091,-0.0245510155,-7.7950936063,1.0001962528,5087.5226049138,0.120418277,3185.3189441605,-0.0847670377,-11053.0527374607,-1357.7291986145,3377.6776450682,0.0218280658,-21.4432055382,17.0709657225,0.3309658493,8196.3543395299,2563.5514968562,-0.0603332896,-1004.2736568329,-4439.2166114356,-2294.1807262303,-0.7938668781,6239.7107966538,-3050.9088766889,26.495893159,2.4259311048,4705.6222914418,1977.8250089642,-5415.3802686295,-4513.6402272452,3906.7807007481,2734.6430061106,-198.2999469866,-2484.758276012,3178.794673959,6269.0880649386,-3006.8452874055,2746.676985891,-2.1204179536,-0.3517996456,840.8176014816,15413.6729314397,3180.2521550126,133.5714871008,-9268.5130447194,4353.1734573246,752.68965766,4530.6893238046,646.8235600811,-2.9586536612,6334.0722970103,-2517.3548020239,6066.1708729249,13266.019552529,-4256.3613532514,-33.898916483,-0.6122671187,-0.214842584,0.3269849887,772.1996277431,0.4245429177,-2035.8066654482,4143.7865379051,-27093.2084719003,0.0790705703,0.1517435685,-0.5168300538,6294.8431068369,0.0238119842,-0.6089022929,0.7983980825,0.3862745928,163.7317109313,-27093.917311121,0.1331830569,-2791.6364675084,1504.2512480727,7901.6359609178,-0.1948516077,6.363488852,1926.6158829786,-1909.3709651014,-0.8657257749,4328.5872919576,-0.5674605998,-0.2712856314,-0.3292801528,-7649.6459213708,10689.0937114448,-0.1658909361,-18440.3864846755,-19.9619548148,17.3884623185,1979.8044294716,-1.2032690865,-9106.6798233137,-0.6530017169,6890.2160587768,1.3652103323,-10.695885523,0.576006513,-0.7974135705,-3516.6755516508,-1.0678401553,-9435.7974277215,0.0843963332,5909.3646014324,-4226.312076206,-5640.8760563735,4767.6281125226,-6302.407256352,10637.4484614279,-6657.7843748534,2947.029322821,0.2471474687,-1486.4658733163,-3002.9271803291,-1627.9513100215,-2962.4800289182,-870.1382426246,2605.7629808588,-8371.9832529525,-13131.8278647078,1918.6096757928,-23791.5460218201,993.3757024704,3867.2085080659,-2454.2605693802,6990.3622624527,9332.5874884336,-2.8498195212,5511.4922276868,89.3858264363,-954.6976514622,-11423.6635771185,-9800.7589671127,12338.8823805109,2777.1236751925,-7748.9576083808,-7103.9384485666,-1053.8648085943,0.7471515601,-0.2538306552,3520.9666176585,-10437.9299858759,5.9909657604,-14808.0227657866,-15571.6763551262,-0.3054780917,0.5380045266,0.1465890026,2291.2901984413,0.2099440984,7.1933434868,0.047519856,3273.6246365033,0.2115256596,-15570.8793338189,6789.7481769982,-124.6756142176,-7773.4943476806,-9834.1663315623,-5499.5203008948,0.5249548754,-0.7130706409,14119.6032886959,-0.5413914416,-1594.2712157644,0.3201386115,3193.0293568354,958.3143325053,1403.8093047948,-0.6022113612,-0.6986438457,-1347.8511156586,-0.5273556252,-0.3403245516,-7447.180450031,33732.5586741784,-5886.1805594529,0.1535560682,-1.5664455891,-6.0643512582
   0.2559261245,-0.2570074813,-16423.8273970909,-6540.7088462664,1451.7659206113,0.529163494,0.5189507508,-6220.2588052103,0.3774457955,-145.5992254081,2166.6678859665,-2440.1627713676,-5345.2024181185,-3.2325281859,-7184.4044004711,-968.39104201,-0.3712489862,737.9668895395,-17.313623067,-7148.0010450898,-15.118038269,-6586.1455417516,10705.0310408185,3740.1400318048,-444.6472401955,-10002.428761463,-4722.6660810136,6.664271536,-0.4923739232,-8195.8934010155,-15455.3189779413,-77.1375017921,4636.8446631546,-744.9868909758,42.3763780347,-5998.0175992857,-4134.2421833046,10423.2976980009,5336.9782081119,5750.3948027399,-2447.0369203158,-0.8320397126,44.4733958074,-15795.9151205872,0.6580737431,0.0782611923,-0.7222594438,-9078.4020800565,-0.7644628917,0.1396021269,0.6811929217,-0.2346801948,3164.2279274186,1.0403043711,4859.8274137733,-0.8077047785,0.8612346629,-1443.8299682218,-0.5007281935,-262.0037470304,4698.8597749086,0.1997658302,2157.335360154,-0.2826255322,2.1195935472,-21.2373433892,7417.9264493912,-4065.3642888641,14681.9790878693,0.6467535679,2.224325289,-1.0288305439,-0.1107249876,0.0986071385,0.0219688923,-507.210983597,-17260.1269194724,-12808.648565295,-2104.5743831866,3578.3344845534,-3270.9737421022,-16642.4527433731,-1.0210245037,-0.0126678339,13082.4218213315,-5.2407440261,-26544.7542363096,-14238.3729831713,0.0470080478,-0.0734740864,-0.116390733,-111.7257390774,2.4218236916,14940.6360704866,10048.2636296591,-4575.6134903034,29.3703537402,-9708.764259589,1184.4190450196,7799.7693535073,-2340.3527766191,-2967.1793419392,-5112.5635000941,-7159.6918253785,1933.8368499258,-7826.3716440971,7.7704571957,-421.0857738936,813.4114529705,-1270.8436716212,3310.72834644,48.9336631411,4183.1020050381,555.1005481354,-4937.4778727202,-2010.3379597529,6992.8278178062,13.953494457,-715.8024527502,1981.4774856634,5154.606300735,10883.8158450827,-12154.116604963,305.9687151024,6566.5239642097,-620.2731555761,5274.7199564947,-9377.2123180684,-664.1739336011,-0.31728794,-0.1616097683,-7845.1202009003,-0.152351887,0.1520541167,-0.3191661995,-297.6536158562,-0.1945588122,19.151974449,14874.3712765661,0.5048352674,-8.8536109124,-17106.1855377612,0.1889160209,0.5010797792,-9571.008860277,-8451.6822292531,-0.3879851139,0.6834508514,-0.0724003487,12171.8568365191,29052.4562273693,-4259.1298808322,-1.2159095901,-1.2635123434,0.8039833194,-1.0123364948,0.5377351071,6944.8929234099,0.2578893091,-10.4571959219,-0.5755218153,-4999.161683592,0.6766267198,-0.0141187,-0.7954978191,0.4677356524,-18378.057181772,0.4144908251,-0.825731799,4520.2283312849,0.2293811948,-1637.7097321341,6687.9579427771,-3273.2427777921,-0.8429471262,-5568.3305482066,-7839.0451023597,2571.940625705,-145.9366338859,-5417.2672540706,-21129.0308300025,-6056.9918149542,-21201.4343578525,8990.0490919214,5745.0935951519,-1570.1478222215,4049.7584347855,-12173.2204388812,4097.6322603379,107.2565306697,-3950.2536849178,4805.3684368168,-9945.0063014818,4210.7507551082,9819.7665059114,-12227.9001562652,20353.036715286,-483.9601475044,-1021.5596206646,2084.9200355206,-3730.8621777266,8119.9957914011,-677.7277083569,-241.4961921556,-363.232034302,-662.2209480059,-0.4698621442,-2161.4521702341,-14307.2164926786,-1.24562832,14426.6492890471,12.1066906269,-0.2104666462,0.2273662738,6936.9761625826,-0.2454161125,-378.4460645782,0.8812292245,0.9840230436,14961.4904491133,1.7834018361,-0.6633190038,1.3148265237,0.3941238304,0.7138660468,0.3228430153,-379.9095609591,2.7905734086,-3.6548531906,0.7425470735,-4696.0090155678,0.2818923073,-3186.7615729042,-12019.5856699248,6233.0161168292,-4266.1121401489,0.9455527765,-0.9043616553,-6209.0492488862,-1424.188672121,-2178.6902396981,37449.2457822472,-0.4358588925,-11193.8139768692,3605.6050936432,4297.5777645011,-22533.8005584321,-21739.8781426707,-0.5461962818,1175.1197868838,1.0718992405,-0.8874374575,-0.7525119463,10.4821243836,0.9314781718,18.429977334,-1073.9223937308,-8076.0694679571,0.2817567371,4136.7299761755,-893.3897716518,5770.9821977812,178.5239796324,-6742.0576399284,871.1361403599,1881.7560623631,3601.634834708,530.8343504469,-695.0037922742,7817.0695052504,1009.5732867964,4863.5714318869,-5677.9031616336,1063.7224807627,1122.5717516027,-4784.5866262051,7188.292361584,11.0949028225,-7170.4051595117,3240.0149679437,-7454.4363951527,-9576.8558322564,2553.2689355317,560.5645743375,2143.7929652058,1861.2865992413,2.5519127802,7014.1412206305,2600.6259022432,606.6506917192,-7133.6805732237,6824.9265231373,-0.7201158615,-0.7992186194,-1.2497040178,6346.6038508536,1.2891547028,-0.0956192526,2.5251804577,-0.6383710845,-0.9479894155,1.3319073811,-0.2029002581,-0.2738646972,-0.6721617126,1447.7660357543,-4620.1125085651,-0.5850001312,8297.3724768444,7633.052119267,0.6748131597,0.270632774,-8324.5512261789,4104.6015543268,0.4701374592,-0.2431320405,-7.5004325462,0.8500659733,3.0216059482,-0.0626821677,211.9747243513,-2382.8744891903,1.2360412494,-37204.1500354412,2866.0851751527,4341.0287473887,-0.4866059788,15868.3261871386,-0.7633839408,0.8815413906,4696.0231045115,3073.2622333666,0.1554705546,-0.3509633592,12.7577405686,3278.8989169301,-4104.3187308888,-252.5971245983,-0.9368869914,-13925.2816744122,0.2101644966,-666.3845408004,0.1807947781,238.0695595673,4236.6284209575,6.9789991769,6289.2284201184,-2351.387467575,-1044.0195636866,-190.2454295818,-3538.7177531021,-110.2121354856,-4082.0766572421,-49.2949964164,-2622.595863016,-2500.3074478477,-292.7630759924,-0.8140992312,-1805.3981629452,-0.1249488647,-17.0865535827,4132.6101452729,3.4933350146,-881.2733853772,-1653.2159301966,8382.5244351761,4245.8127580033,0.0733761351,-3107.7770913869,6262.9562696768,-15463.5684755528,-1.640085301,-2366.8536980167,39.1870333564,1303.0630554171,-2941.2228845992
##end
biasActivation=0,1,1
[BASIC:ACTIVATION]
"org.encog.engine.network.activation.ActivationLinear"
"org.encog.engine.network.activation.ActivationLOG"
"org.encog.engine.network.activation.ActivationLOG"
