encog,BasicNetwork,java,3.3.0,1,1425320472124
[BASIC]
[BASIC:PARAMS]
[BASIC:NETWORK]
beginTraining=0
connectionLimit=0
contextTargetOffset=0,38,0
contextTargetSize=0,14,0
endTraining=2
hasContext=t
inputCount=11
layerCounts=11,15,26
layerFeedCounts=11,14,11
layerContextCount=0,0,14
layerIndex=0,11,26
output=-0.4024973701,-0.0000048636,0.1058062114,-0.3736846468,0.0000595996,-0.1564134096,0.1732333508,0.6129303749,0.7693930316,1.5140211071,-0.2992120812,-12.0204639746,-9.5423443985,-13.7159895291,-12.8361899447,13.547955276,-13.1251169974,-13.1252651066,-13.5262256983,11.7711854791,-12.8835793274,13.3833482166,13.0682365453,-12.7323808276,-12.5428556344,1,1,0,0,0,0,0,0,0,0,0,1,1,-0.4024973701,-0.0000048636,0.1058062114,-0.3736846468,0.0000595996,-0.1564134096,0.1732333508,0.6129303749,0.7693930316,1.5140211071,-0.2992120812,-12.0204639746,-9.5423443985,-13.7159895291
outputCount=11
weightIndex=0,165,529
weights=0.0187875348,0.0165187518,-0.0156785681,-0.0006559684,-0.0199444167,0.0143733248,0.0258339082,-0.0025007209,0.0204059134,-0.0330833391,-0.0204220252,0.0066380456,0.0186065969,0.0071531289,0.3683679851,0.0000032102,-0.0000025395,0.0000007203,-0.000002055,-0.0000001022,-0.0000003637,-0.00000021,-0.0000005425,-0.0000021692,0.0000020106,0.0000012087,0.0000002064,0.0000016147,-0.0000032309,-0.0000078935,-0.0303692865,0.010227939,0.0087612111,0.0017232497,0.0006574309,0.0109565792,0.0044515869,0.0077437726,0.0273647976,-0.0002163334,-0.0042303229,-0.0003544359,0.0119420954,0.0054399911,0.235341075,0.0248861821,0.0302109707,-0.0254641079,-0.0018997105,0.0075879419,-0.0033124508,0.0031342124,-0.0067993917,-0.0109265335,0.0061200962,-0.0144572322,0.0010543107,0.0016545381,0.0026702762,0.0847159589,-0.0000039085,-0.0000001011,0.0000007822,-0.0000022153,-0.0000010219,0.0000019375,-0.0000006199,0.0000005444,-0.0000021076,0.0000005414,0.0000026021,0.0000017791,0.0000007379,-0.000001677,-0.00000548,-0.0333799603,0.0089223411,-0.0076864501,0.0444047283,-0.0050703875,0.0045522722,-0.0002357799,0.0025857596,-0.008668395,-0.0086628637,0.0106626398,0.0037760614,0.0030693473,0.0033518073,0.0318693105,0.0144264403,-0.0013883983,0.011136537,0.0054658642,0.026275175,-0.0454542914,-0.0013765775,-0.0127841893,-0.0744432755,0.028446744,0.0233188954,-0.018488464,-0.015552905,-0.0118189069,0.2387890748,-0.0036057764,0.0048810009,0.0284368668,-0.0007400529,-0.0035416914,0.0068280596,0.0113140322,0.0012422126,0.0228713582,-0.000161179,0.001994455,-0.0026951068,-0.0379620482,-0.0107223734,0.4189994559,0.004293286,-0.0464259,-0.0075856649,-0.0001335023,-0.0075325909,-0.0025302291,-0.0410509207,-0.001323442,-0.0101605843,-0.001903685,-0.0012935944,-0.0061994417,-0.0006075777,-0.0006126579,-0.0376500579,-0.003448853,-0.0243764187,-0.0093436663,-0.0061468848,-0.0124538068,0.0103504166,-0.0281905165,0.0232760437,0.0524268953,-0.0183960212,-0.0119169712,0.0180933406,-0.0086502451,0.0081448148,0.343227599,0.0183373739,-0.0108134927,0.0222474498,-0.0481854506,0.0177224363,-0.0087608107,0.0198576286,-0.0035460068,-0.0043454945,0.0290171222,-0.0103732158,-0.0098150145,0.0191990029,-0.0005355787,0.2920575332,92524.846609568,0.9412669756,-132759.1389935213,523657.5496041545,0.5584475503,-19511.5363706512,-22490.879510898,-182130.9356246932,-82365.2152223596,-182579.770702573,-119975.6779411015,-28713.3643450274,45475.9499050109,-41115.017007175,28.4913675179,-5580.6125509406,85688.3432679336,-21411.5526612988,-14942.5209918492,83254.0714775035,-61188.2628012688,-15183.6996348607,54816.9938227433,-40922.3749063622,-8187.894140502,17407.2522692902,354055.2009577141,-0.6021721736,446453.9800580082,241401.9443409292,0.6081540023,-144934.0264429755,-66770.7140724307,-334616.2714066215,-420056.6470754089,111358.3573850348,-511706.4969767988,1089.0598024634,43837.1713862742,90493.9762124029,-72793.8713521053,-14688.5067387355,-85851.2122194123,-175787.6626578036,-109369.3992909652,9176.2885048972,-10823.9729813252,57128.49994839,5748.3971973583,12812.703220779,-34252.9109274462,-36568.4814769364,-347938.5951704198,0.9005753288,94623.9186187126,-61142.0207851069,0.4082370637,-110167.1748171193,124471.9966302866,167627.5968531213,283243.7176301713,-414809.0371282245,292521.0606832885,-2931.0762639906,49276.1749007181,4100.6364270647,458.8053335974,-69635.2110789284,19138.2025775057,73188.544358619,-128714.8957212023,123532.9026819106,37104.6230993405,34577.7908667968,139658.5245891497,-23266.5503365471,-6997.6816508633,-60264.2299563592,250290.4496686336,-0.265711202,95711.8945250489,-458900.077458718,0.8549560824,-65504.8542924872,361983.3413814362,-53611.8186169952,123385.9310081307,72932.104749593,-387667.7352643186,-32309.1046077769,17739.9433738887,78113.3471321721,-50660.3225086292,1658.4639976955,-110518.8628026652,-137012.3378505425,-49505.264144991,-74802.4240519301,143331.7551285678,-17550.6373440088,-27465.239267699,-6754.6344011828,17439.1857107118,7990.9655394387,309345.2061696092,0.6453676506,345519.3288142217,48649.6525989669,-0.0691139159,-135498.1571938876,104545.2440871832,-10506.8943333621,-192474.2121787851,-357114.2842174506,-307808.9514348666,22066.9384957709,-93138.6856457841,12256.5263298799,3302.9239594753,26032.477361608,3040.4397334299,35603.8540939427,72855.4707527043,15508.1297572564,8187.9752588373,-99986.4500520886,67375.3852132381,22536.3801279686,-5926.8476576222,29743.1774233323,-111884.681342875,0.7509418555,-436758.8026221774,-41575.9109180398,0.6070371348,480864.6485039541,-196178.9024992403,213093.9739621986,385285.5771904096,49591.5018602368,122429.6813364879,579.9390385185,82905.3969571354,-54749.6910033303,-17202.854972377,-29858.4802596177,64925.8783289509,-4838.3825774917,-8677.9498581037,-51464.8567725786,74116.2582739733,50221.4243844446,-11980.3913231055,-13489.0045452571,12406.4859206566,-18689.1507712726,94110.9052829485,0.5684931822,300273.3792791159,681826.8876852839,-0.496590545,-359403.8093239299,-91224.8173401127,-73136.0931590748,-660161.4182396716,77810.4750332872,-258534.8207951402,7068.8874736987,-56407.2108361492,-8394.511974733,-7292.3172038519,21818.0348770801,-76358.9893252505,-98787.0095748207,-54190.1945591257,-24498.7954475634,-177953.1960841213,44919.7832835832,-31908.5294143519,1017.7566756351,19272.7407739551,-3334.8754011991,-174754.1156133448,-0.1338353448,97049.7724611477,238249.5221551742,0.8286917709,-305277.2843076038,-124887.5498279519,16898.1292561542,464678.7740555789,-181218.7478588784,-261258.4399195382,20042.5378713805,9201.4366814728,55482.0086315467,-37463.3152095575,-13558.1981630683,-60288.8402605457,27658.6018535734,118068.528172906,103639.7232228578,-27918.7033415921,27260.9342498718,-95165.912089452,-12813.8945307325,6730.8257224945,565.5843362096,51619.4571296921,0.4914689112,-28126.9213194246,-351187.9042195419,0.2764962383,272750.4759188225,203161.9024566114,331279.9852709097,171425.6374727027,-205068.7163922256,-63123.3335521421,-19274.0797614764,16761.8333476314,69081.6828710263,7341.7565901828,72016.902550533,-42681.9485859922,62522.8711144211,-93199.2648521266,-84836.182869443,-49342.2173586325,-44545.3852661113,7510.9120351098,13919.562145707,17182.4475763041,11780.470769005,237449.3780114529,0.1449733553,2425.9405509198,-67096.4161260292,0.4734490941,50395.3848312497,-195808.7134823966,-98093.7914837718,360530.7079566352,27589.6585709556,-299444.4186515105,3723.7572002589,76797.504029287,36778.6887425792,-18922.930582609,-116985.2782231524,-55549.2578396884,34828.3232969154,77800.3574458553,7128.6850612143,166678.6925284728,57948.292302496,20532.1301949935,819.5151676382,27441.8949088063,-8461.5273967404,-315924.1238356891,-0.8035031328,-136455.6164654882,-478586.4725954681,-0.7598325478,-29888.2911943902,324731.9097131414,56739.3822923016,477717.6845616809,-208916.8370788419,316854.1913765546,-7475.4693638576,22841.3292123553,54339.0278369965,76465.0405729664,-114345.7220504127,-83648.1973981647,211311.588656782,905.3608311395,49127.9611988634,77221.9205321033,47809.9607414002,-7669.8306868236,-1049.7900178645,3248.4515847588,50067.3404308327,204987.1470273847,0.2458513773,170731.0075664015,401843.5473283433,-0.0547771013,-126549.7525845605,-72615.3264682105,-175470.0656576392,-289504.5383758468,-192603.0122629726,-57224.7242816088,19125.7062510091,18827.3760315282,-35724.3190990963,-13022.0286782421,57877.9293318219,76815.676307792,-583.5106101274,706.1215257768,32854.9300467578,-34806.7085655461,-36061.9822657554,63306.1234519325,18445.4511156752,6947.0239440855,4787.4736583332,-147309.2916609062,-0.2999960561,35662.563550567,353957.6101062794,0.5264088131,-347948.5474903573,-139401.8301063639,-295175.690410167,115355.7289157177,322457.2209247573,50949.0921709977,-12285.6092480028,-84209.5030082706,-1406.9851459421,-109660.896142815,79278.4272436761,9945.9078669608,-136130.5090102815,39210.5293844012,132934.3705961408,94601.8263161157,12565.2670941953,-66134.4723901706,-3169.6003316088,11596.9848156471,7754.0669539506,256121.928405559,0.1443735694,122430.9666659438,-111111.330563838,0.2514908083,-86892.4614563065,103431.3721579658,-296132.2352180183,66385.3499347365,214555.6507200093,-259528.7087593781,15166.4195202378,-89235.1016702872,-13334.8453227392,-60043.7291174943,73274.1432698552,-27756.3499361821,-157353.5558237628,-89461.1878108124,56262.3982101869,54878.5232496845,7863.0058619755,-70942.3099507378,-10536.5998791477,-6635.5255029216,-5387.7154282401
biasActivation=0,1,1
[BASIC:ACTIVATION]
"org.encog.engine.network.activation.ActivationLinear"
"org.encog.engine.network.activation.ActivationLOG"
"org.encog.engine.network.activation.ActivationLOG"
