encog,BasicNetwork,java,3.3.0,1,1425324990163
[BASIC]
[BASIC:PARAMS]
[BASIC:NETWORK]
beginTraining=0
connectionLimit=0
contextTargetOffset=0,133,0
contextTargetSize=0,31,0
endTraining=2
hasContext=t
inputCount=50
layerCounts=50,32,82
layerFeedCounts=50,31,50
layerContextCount=0,0,31
layerIndex=0,50,82
output=-0.1324463528,-0.2764980686,0.0298505421,0.3543386019,-0.0833768069,-0.2016125137,0.3714080426,0.1660897656,-0.1154640539,-0.0975812771,0.0000680452,0.1198953932,-0.0366092935,0.6913545384,0.3564431962,-0.0000182825,-0.2549061259,-0.1808898452,-0.1209802672,0.3254974119,-0.1527076404,-0.0427871284,0.039363007,-0.3613982513,0.5173894791,-0.0031339986,0.0616531626,0.5671050811,0.2274373054,0.2046116598,0.1709579478,0.1581749565,0.1560177868,0.2855860186,-0.0000780431,-0.159028466,0.590524691,0.1833301635,0.0617042265,-0.0694237877,0.3045301568,-0.1528837155,-0.2070270341,0.2954885958,-0.0272920318,0.0766303257,0.4584743461,0.1539015694,0.4400724465,-0.015891546,-9.510001973,-7.4042413653,9.9853736326,10.0883004347,8.5466991446,7.7249014753,9.0618106184,-10.0503409585,9.6004290827,-10.2982662778,-10.4255349417,10.3254711097,9.8164488544,10.3940993464,-8.5111816052,10.1306977778,-10.5382468146,10.1245692142,8.7892169181,-8.1768784545,-9.0722514934,-10.9408241141,-10.5820402586,-9.6349958401,-6.1592402023,10.0288103956,-11.0364025104,8.7752569006,-8.4294281932,10.2061136926,-9.2077250535,1,0,0,1,0,0,0,0,0,0,0,0,0,0,0,0,0,0,0,0,0,0,0,0,0,1,0,0,1,0,0,0,0,0,1,0,0,0,0,0,0,0,0,0,0,0,0,0,0,0,1,1,-0.1324463528,-0.2764980686,0.0298505421,0.3543386019,-0.0833768069,-0.2016125137,0.3714080426,0.1660897656,-0.1154640539,-0.0975812771,0.0000680452,0.1198953932,-0.0366092935,0.6913545384,0.3564431962,-0.0000182825,-0.2549061259,-0.1808898452,-0.1209802672,0.3254974119,-0.1527076404,-0.0427871284,0.039363007,-0.3613982513,0.5173894791,-0.0031339986,0.0616531626,0.5671050811,0.2274373054,0.2046116598,0.1709579478
outputCount=50
weightIndex=0,1600,4142
weights=##0
##double#4142
   -0.0000503021,0.0035285222,0.0008681445,0.0035343232,0.0028899632,0.0017007102,-0.0010755671,0.0047466592,0.0039873525,0.0045178706,-0.0020665142,-0.0044503757,-0.0054737904,-0.0016444634,0.0025477291,-0.002481149,-0.0023785732,0.0000928464,0.0046399265,0.0021257332,-0.0025896354,0.0039335359,0.0003780621,0.0000006567,-0.0039129893,-0.0059106973,0.0031374648,-0.0061538993,0.002643477,0.0014026498,-0.0015433609,0.1104963734,0.0111012989,-0.0055747234,-0.0052192203,-0.0019486345,0.0003953607,-0.0060549143,-0.002061233,0.0003171932,0.004134873,-0.0090128327,-0.0030173245,0.0034815644,-0.0114088847,0.0019989397,0.0006110102,0.001282831,0.0013917823,-0.0063732416,0.0049283678,0.000022101,0.0067117936,0.008250745,-0.0055073106,0.0031633598,0.0039624588,0.001115091,-0.0002913613,-0.0004491687,-0.0013269469,-0.0133237671,0.0009142352,0.1149209473,0.0017012464,-0.0017625063,0.0004203921,0.0037092554,-0.0050890364,0.0146117599,-0.0083660754,0.0061931284,-0.0013256326,0.002260559,-0.0075719451,-0.0018326998,-0.0038447905,-0.001149827,-0.0065846812,-0.0122021205,0.0022706143,-0.0013096805,0.0047397431,0.0006914263,-0.0066994302,0.0135821088,-0.0039429002,0.000809321,-0.0047800318,0.0010895377,0.0064236466,0.0009610524,0.0021626138,-0.0051773701,0.0018676316,0.3187281439,-0.0027045677,-0.001815634,-0.0022358774,0.0060855467,0.0046372496,-0.0033316535,-0.0022437831,0.0006696177,0.0075632982,0.0015375607,0.0024600173,0.0007029932,0.0013839928,0.0045215851,-0.0010138024,-0.0044695326,-0.0044876006,0.003508464,-0.0061559955,0.0011674762,0.0053001057,0.0004728035,-0.0028673377,-0.003636521,0.0017827766,0.01259202,0.0065962466,0.0022281716,0.0017028474,0.006331165,-0.0056709408,0.0311336107,-0.0026435568,0.0029166009,-0.0062471009,-0.008441883,-0.0016716243,-0.0041218742,-0.0050404461,-0.0103642056,0.0038397047,0.0045434233,-0.005370001,0.0005754158,-0.0057903281,0.0085463274,0.0004234452,0.0047764089,0.0048055874,0.0063904955,-0.0072403452,0.0002816218,-0.0023476864,-0.0005311798,-0.0054823522,0.0067198402,-0.0006479898,0.0005847347,-0.0006306374,-0.0076680089,-0.0069164747,-0.0063335944,0.0061734348,0.0646447548,-0.0023650959,0.0008172434,0.0015404419,-0.0121584043,-0.0094200718,-0.0115583387,0.0017174922,0.0040970207,-0.0052319041,-0.0041238363,-0.0042478857,-0.0048811546,0.0027577567,-0.0032729767,-0.0035996582,-0.0052509852,-0.0073738085,0.0071364834,-0.0004993531,0.0118899602,-0.000274085,-0.0057104256,0.0046065771,0.0033564666,0.0025483982,-0.0043976224,-0.0005921739,0.0045286226,0.0056997173,-0.0020475226,-0.0038927764,0.1424104711,-0.0058037142,0.0006352962,-0.0031117315,0.0042785353,-0.0004993714,0.006158311,-0.0069438089,-0.0058661627,0.0022124295,-0.0026190833,-0.002528443,0.0007901759,0.0007630406,-0.0048087608,-0.004221494,-0.0095286221,0.0032813181,0.0078180106,0.0038293154,-0.0001424413,0.0017354834,-0.0041705659,-0.0034883736,-0.0071084365,0.0028441773,0.0093900048,0.0025346211,-0.0050322827,-0.0034830469,-0.0026293342,0.003031716,0.096037755,-0.0082078547,0.0040286876,0.0051622898,-0.0030054699,0.0056435084,-0.0045090603,-0.0029884057,-0.0006986366,0.0048322727,-0.0011926707,-0.0083898461,0.0018474722,0.0071563117,0.0000396565,0.0005084624,0.0008512188,0.0053660565,-0.0049075115,-0.0079504157,-0.0026225249,-0.0024227021,-0.0033426632,0.0003663042,0.0033534614,-0.0034393698,-0.0077371568,-0.0009198618,-0.0026817826,-0.0048835711,0.0031200865,0.0065926754,0.0529069755,-0.0088241375,0.0050124063,-0.0006183891,0.0063352861,0.0037721969,-0.0036366743,-0.0086198121,-0.0013051777,0.0047175458,0.0005580384,0.0021592511,0.0011430437,0.0030212426,-0.0070862876,0.0069832708,0.0077881009,0.0064668495,-0.0033298121,-0.0077257248,-0.0080400919,0.001124442,-0.0013181262,0.0057592134,0.0070066965,-0.0063613681,-0.0033123575,-0.0001515151,0.0032429895,0.0010857783,-0.0033273871,0.0004864566,0.0762955487,0.0062278833,-0.0006100248,-0.0083309059,0.0057080363,-0.0027062168,-0.0068774533,-0.0064043352,0.0008281369,-0.0055303216,0.0117661716,-0.005052895,-0.0004181075,-0.004151066,0.0054743522,0.0007493469,0.0058982698,0.0032847478,0.0137095682,-0.0058474561,0.0045705548,0.0028531049,0.0082332656,0.0005256758,-0.0035294241,0.0031191065,-0.001860781,0.000245546,0.0070294712,0.0011128006,0.0124541022,0.0024844957,0.1378665056,-0.0000008249,0.0000014114,0.0000020827,0.0000001903,-0.0000003298,-0.0000004824,-0.000000198,-0.0000001726,-0.0000001468,-0.0000003676,0.0000006187,0.0000018463,-0.0000009654,0.0000012516,-0.0000006106,0.0000012023,-0.0000004651,-0.0000008562,0.0000002389,-0.0000000134,0.0000018306,0.0000000794,-0.0000006762,-0.0000022536,0.000000233,-0.0000021717,0.0000002322,-0.000000628,0.0000010703,-0.0000001145,-0.0000004534,0.0000461098,0.0035558923,-0.0041860937,-0.0033756395,0.0012980811,0.0031599972,0.0084534667,-0.0014003076,-0.0052374892,-0.0066806655,-0.0057598487,-0.0012156083,0.0012000423,-0.0030182009,0.0001046973,-0.0025027257,-0.0051510244,0.0087374433,-0.0006723835,-0.0001660031,-0.0011150498,-0.0006541148,-0.0015520112,-0.0035131879,-0.0036113886,-0.0046773524,-0.0032125448,-0.0016214109,-0.0034276186,-0.000177147,0.000875011,-0.0018027255,0.0351576321,0.0002240581,0.0044637556,-0.0065192765,0.0091242336,0.0061753472,-0.0022925733,-0.0064582477,-0.0048508965,-0.0020565164,-0.0056357365,0.0094993859,0.0009584041,-0.0063130431,-0.0114732415,-0.0035150703,-0.0050561271,0.0080239452,-0.0016785379,-0.0017263426,0.0036402405,-0.0089685961,-0.0050776445,-0.0002457766,0.0042981723,0.0036598955,0.0036150119,-0.0095633314,0.0023374753,0.0009830778,-0.0022352331,-0.0037107828,0.1052466681,0.001884076,-0.0011434107,0.0022740045,0.0016542085,-0.0007564063,-0.0043462826,0.0024961201,0.0010850119,0.007668819,-0.0021481823,-0.0010856221,-0.003323355,0.0002402874,0.0002687471,0.0016273885,0.0049794757,-0.0058673073,0.0052136487,-0.0048631075,-0.0001935628,0.0009859612,0.0015937523,-0.0040058758,-0.0087012186,-0.0047062615,0.0087418252,0.0025717938,0.0071052014,-0.0057115234,0.0084530888,-0.0109372394,0.0161891443,-0.0047470091,0.0000550447,0.0018759787,0.0163423196,-0.0018853947,-0.0025128492,-0.0028288338,0.0086199937,-0.0006036632,-0.0087153816,-0.0004269846,-0.0068853346,-0.0037847308,0.0059056123,-0.0063781363,0.0099805068,0.0022868209,-0.001654778,-0.0045949808,-0.0011937222,-0.0003480178,-0.0023053859,0.0031455932,0.0007742877,0.0069184863,-0.004673937,-0.0049548315,0.0116416202,0.0021281025,-0.0078897276,-0.0023106904,0.172636921,0.0000008607,0.0000038811,0.0000023696,0.0000015888,-0.0000004779,-0.0000022153,-0.0000026132,0.0000025262,-0.0000002322,-0.0000016369,0.000000906,-0.0000017807,0.0000004257,0.0000011898,0.0000026913,0.0000002224,0.0000010682,-0.000001737,0.0000046749,0.0000024045,-0.0000002368,0.0000010617,0.0000011823,-0.0000037772,0.0000053665,-0.0000016356,0.0000012853,0.0000003397,0.0000023867,-0.0000006489,-0.000002694,0.000122125,0.008942484,0.0043437263,-0.0060398155,-0.0153725456,0.0118206235,0.0108869944,-0.0041220042,0.0099794984,0.0002170968,0.0009224191,0.0088275332,0.0052763894,0.0008406838,-0.0080157506,-0.0028965709,0.0022018163,-0.000120861,-0.0177018818,0.0005992836,-0.0014809155,0.0013936455,-0.0036281437,-0.0035903271,0.0035960872,0.0119534508,0.0002221049,-0.0027874466,0.0030267371,-0.0006980453,0.0051223026,0.0078568947,0.2617157781,0.0021374623,-0.0027320154,-0.0048093647,-0.0096139067,-0.0044034764,-0.0005971213,-0.0040739975,-0.0053261014,0.0034307411,-0.0029760784,-0.0024813174,-0.0078019384,-0.004285916,0.0075961875,0.0095811447,0.0015167038,-0.0046104077,-0.0017872439,-0.000806086,0.0073552828,0.0019648018,0.0000217987,0.0011459223,0.0031200787,-0.0012455185,0.0020616623,-0.0037012684,-0.0021060179,-0.0035124852,-0.006402156,-0.0020622575,0.0732781678,-0.0067516362,0.0038933531,0.0009671408,0.0076096335,0.0028130377,-0.005952236,-0.0076536008,-0.001197953,0.0031271666,-0.0035031212,0.002079442,0.0016883685,0.0030234782,-0.0065697895,0.0086709723,0.0059734369,0.0066049934,-0.00360711,-0.0055873246,-0.0095482586,-0.0008335815,0.0005586286,0.0061513044,0.0054267553,-0.0016637911,-0.0017862353,-0.0000891833,0.0010690724,0.0011446876,-0.0057171963,-0.0016866621,0.06936542,0.0026801472,0.0040800259,0.0013767889,0.0009606629,-0.0024190608,0.0043317519,0.0027765391,-0.007759484,0.0049085031,-0.0091245867,0.0045223465,-0.0004729474,-0.0046945269,-0.009014619,0.0045592046,0.0058927039,-0.003168676,-0.0026645576,-0.0000375284,0.0060729839,-0.0059581037,-0.0046487403,-0.0006269303,-0.0031724213,-0.0025064386,0.0000916467,0.0021225689,0.0091354135,-0.0014190891,0.005992303,0.0035006525,0.0591262157,0.004290554,0.0066388279,-0.0043677071,-0.0016470452,-0.0047716708,-0.0033352918,0.0040735088,0.002763694,-0.0012095282,0.0010282881,-0.0104548703,0.002790372,0.0013588265,0.0003076387,-0.0091697785,-0.0088179846,-0.0027300161,-0.0005330272,-0.0099144656,-0.0005851852,0.0017362128,-0.0056104123,0.0042156427,0.0005940062,0.002583888,-0.0053791818,0.0037223093,0.0022720182,0.0003290489,0.0023067439,-0.0021482032,0.0481722334,-0.001887573,-0.0031175643,0.0017051254,0.0018495703,-0.0021550831,-0.0058111541,0.003765068,-0.0032337348,-0.0024159937,0.0043635793,0.0005219041,-0.0024634817,0.0012749106,-0.0056785211,0.0006970339,-0.0021024362,-0.0051171565,-0.0053412591,-0.0012666984,-0.003460225,0.0008877047,-0.001603246,-0.0041868517,0.0005324814,-0.0001395957,0.0003462118,-0.0058913787,-0.0025789432,0.0051172644,0.0005734916,0.0011646656,-0.0144511636,-0.0054860524,0.0002976536,-0.003176378,0.005407877,-0.0111190971,0.0037971579,-0.0018324589,0.0041674418,-0.0008540915,-0.0042296945,0.002108067,0.0034048677,0.0005222769,0.0007635685,0.0019389949,0.0062607339,-0.0003420947,0.0017147379,0.0062204929,0.0015979069,0.0046727443,0.0006702389,-0.0014598435,0.0065215281,-0.0009397991,-0.0065789628,-0.0030714802,-0.0018593124,0.0048531354,0.0051792399,0.0002212568,0.0494538059,0.0048664008,0.0004336743,-0.0000929775,0.0029394217,-0.0068860668,-0.006820589,0.001930563,-0.0041915229,-0.0086419471,-0.0010583076,0.0001311685,-0.0010172968,0.0045276915,-0.0074334924,0.0014301828,-0.0049347476,-0.0000901008,0.0004542113,-0.0139231547,-0.0118094078,0.0039778269,-0.0074063975,0.0004777071,0.0006848345,0.0013985186,0.0001328553,0.000628886,-0.0036650321,0.012800681,-0.0072644225,-0.0041815198,0.067106532,-0.0133481344,-0.0025104717,0.0093125575,0.0133274775,-0.0078166104,0.0069369835,-0.002096842,-0.0095730576,-0.010630879,0.0052705677,-0.0060992119,-0.0017733655,-0.0001521495,-0.0009632973,-0.0009907523,-0.005534318,0.000656561,-0.0178062431,0.0042631058,-0.0062248547,-0.0064168418,-0.0021224253,-0.0024640879,-0.0044680516,-0.005530956,0.0007709072,0.0018670084,0.0007726795,0.0012994413,-0.006545985,0.0029253987,0.2756241778,0.0032118342,-0.0014937458,-0.0012432617,-0.005199065,0.0045198172,0.0070897049,0.0023846956,0.0054875995,-0.0018546354,0.0072213914,-0.0099577534,0.006578388,0.0014466886,0.0054875924,0.0099763462,-0.0002669272,0.0100359462,0.0015887325,0.0008315058,-0.0013482306,0.0012438719,0.0036838085,0.0032370129,-0.0031237512,0.0060770938,0.0022033762,-0.0034089752,0.0042814325,0.00551968,0.0042714197,0.0048281075,0.0727859448,-0.0034083477,-0.0004143698,0.0000745451,-0.0054475702,0.0023920912,0.0075481651,-0.000722198,0.0059002761,-0.0009740553,0.0036432146,-0.0053275722,0.0018689799,-0.0048763802,0.0043993551,0.0078186833,0.0008107185,0.0047138623,-0.002148355,0.0022194104,-0.0060148059,-0.0032554793,-0.0036124426,0.0002025966,0.0015706197,0.0055877849,0.0031306188,0.0000694695,0.0000486846,0.0025223894,0.0011128818,-0.000042674,0.0638064219,0.0026481265,-0.0035045727,0.0126533583,0.0143068534,0.0027147751,-0.0076579912,0.0015964481,-0.010037311,0.0069912887,0.0068274524,-0.0009892469,0.0007165081,0.0022011122,0.0036376526,-0.0058083395,-0.0055530189,-0.006757991,-0.0068873442,0.0054035281,-0.0081863052,0.0030048284,-0.0036262896,-0.0031661916,-0.0069122162,0.0011063583,0.004350408,0.0027208188,-0.0007762863,0.0100770658,-0.0037536694,0.0027195206,0.0690369931,-0.0071517783,-0.0012638808,0.0066424506,0.0008477855,-0.005003401,-0.0004108454,0.0115700283,0.0104349052,-0.0003827813,0.0001385212,0.0097656251,0.0037979317,0.0066502254,0.0001494465,0.0044878979,0.000344338,0.0033385848,0.0074786898,0.0087259279,0.005326691,-0.0027361441,-0.004673676,0.0045730433,0.0014817976,-0.0034286537,0.0036992537,0.0015269352,-0.0072286003,-0.0034105781,-0.0041328011,0.0020586723,0.124215107,0.0046794737,-0.0007229551,-0.001341341,-0.0034870309,-0.000481783,-0.0064554683,0.0145067071,-0.0044722831,0.0044564426,-0.0036591182,0.0049422802,0.0121237709,-0.0006382296,-0.0093025293,0.0142171687,0.0008402376,0.0009603711,0.0062491226,0.0069912182,0.0187649194,-0.0055592582,0.0034031977,0.0077948167,-0.0038751411,-0.0011743517,0.0037280076,-0.0009818973,0.0040439712,-0.0105691655,-0.0045257255,0.0050478902,0.2146607687,0.0097958539,0.0073301705,0.0074970126,0.0098466356,-0.0005780785,0.0018329295,0.0009109565,0.0055447165,0.0109976618,0.0087402485,0.001273206,-0.0041036971,-0.0035899062,-0.0035358313,-0.011251,0.0027050411,0.0047925434,0.0098849309,0.0074488541,-0.0047060919,0.0097799639,-0.0002960228,-0.0021915134,-0.0006256476,0.0026324989,-0.0116485346,0.0049856627,-0.0127948237,-0.0108380439,-0.0010819222,-0.0008953509,0.2858684001,-0.0051201754,0.0055997075,0.0023069863,-0.005078961,-0.0026982585,0.0010285769,0.0005231687,0.0041357065,-0.006519768,-0.0014060201,0.0047851592,0.0020675541,0.0038679946,0.0007556724,0.0018571929,-0.0084217377,-0.0086176777,0.0046002238,0.0071940185,-0.0011524984,0.0029265889,-0.0149447886,0.0063688326,-0.0056167705,0.002364839,0.0084480904,0.0130384635,-0.0051669644,-0.0041689329,-0.0030166024,0.0082187611,0.2197170855,0.000718407,0.0020645049,-0.0062189669,-0.0034665249,0.0029743306,-0.0006808086,0.0033632473,-0.0083308878,-0.0033803881,0.00617345,0.007191023,-0.0069667019,-0.0016558285,-0.0004759648,-0.0098337195,0.0068889576,-0.0029898755,0.002776502,0.0042769104,-0.0076203887,-0.0020666705,0.0058101844,0.0007739443,0.0036520347,0.0085565027,-0.0061790626,-0.0021809375,-0.0013822249,-0.0088619226,0.0020219794,-0.0061112769,0.1312847987,0.0070932787,0.0033222864,0.0019388375,0.0078033986,-0.0010702697,-0.0012751634,0.0017196596,0.0081670405,0.0014062917,0.0054243283,0.000570144,0.0024553799,0.0101518159,0.0145183631,-0.0011492474,-0.0078264895,0.0015586404,-0.0051395843,-0.0008854267,-0.0041856902,-0.0100367277,-0.0048424239,0.0050270281,-0.0039983111,-0.0009257351,-0.0022388648,-0.0029687936,0.0032909671,-0.0050739324,-0.0009244267,0.0046961845,0.0846201939,0.0000015098,-0.0000018302,-0.0000006023,-0.0000001468,0.0000002401,0.0000005985,0.0000020139,-0.0000015038,-0.0000005972,0.0000015548,-0.0000002379,-0.0000009352,-0.0000000888,-0.0000020324,-0.0000009275,-0.0000005479,-0.0000008584,-0.0000008873,-0.0000010191,0.0000015863,0.000000115,-0.0000007032,-0.0000008689,0.0000021331,-0.0000032319,0.0000010932,-0.0000004992,-0.0000008625,-0.0000008796,0.0000000616,0.0000004726,-0.0000671382,0.0027900347,-0.0029334845,-0.0044648751,-0.0114351052,-0.0023290668,0.0047199662,-0.0047136192,0.0063795323,-0.0046662418,-0.0049120681,0.0037488244,0.0010973026,0.0017941471,-0.0078214933,-0.0020322508,0.0043571687,-0.0054998207,0.0000989642,0.0038040967,-0.0029321208,0.0042235873,0.0021182133,-0.0040594684,-0.0014559848,-0.0010763736,0.0037779697,0.0036571202,0.0022057131,-0.0008544626,-0.0037682775,0.0085826336,0.0951228567,-0.0029361876,-0.0017893051,0.0092606385,0.0028008974,0.0092187498,-0.0114518726,-0.0048916087,-0.0032180391,0.0106188959,0.000493116,0.0031064082,0.0012657769,-0.0070258796,0.0111671413,-0.007157995,-0.0018885428,0.004275331,0.0061424013,-0.0031242269,-0.0008181745,0.0040251158,-0.0018039176,-0.007363158,-0.0066745302,-0.0026023217,0.0053316975,0.0039582938,0.0026609262,0.0023827449,0.0029780883,0.0018608419,0.1196892188,0.0032404018,-0.0041187512,0.0041261178,-0.0155491859,0.0044155944,-0.0063436246,0.0014287195,0.0080343013,0.0052025859,-0.0112348025,0.0002978246,0.0009609837,0.0002107362,-0.010821968,-0.0005492675,0.0083611589,-0.0051377163,-0.0052681527,0.006808485,0.0058216582,-0.0018629168,0.0044903624,0.000365898,-0.0089857915,-0.0053852067,0.0015883117,0.0072119359,-0.0006223696,-0.0024982717,0.0007486479,-0.0009472857,0.1619667429,0.0095363951,0.002628424,-0.0005737202,-0.0031883502,-0.0030136881,0.008676328,0.0030667907,-0.0032559615,-0.0040174376,0.0006220772,0.0018039719,-0.0003816757,0.0148406196,0.0072289898,0.0083920791,0.0036083118,0.0059166254,0.0098629813,-0.0003413975,0.0071190585,0.0120937995,0.0041256591,-0.0012590478,-0.0051342098,-0.0048898072,-0.0048681566,-0.0035093431,0.0007635744,0.0059058279,0.0002613214,-0.0009877717,0.1168075817,0.0037012563,0.0048696413,-0.0005643273,0.0002930959,0.0001356665,0.0006103079,-0.0027938454,-0.0045203121,-0.0024714257,0.0056338245,-0.0027895191,-0.0020388399,-0.0022656015,0.0015397717,-0.0009288578,0.0045850199,0.0014334673,0.0079008914,-0.0004896416,-0.0024141493,-0.0014386365,0.0005551462,-0.0007017788,0.0006147481,0.0033390329,-0.0019522979,0.0059091162,-0.0042089769,-0.0044253201,-0.0005362724,0.0028645755,0.0521548489,-0.0085900229,-0.0010492014,-0.0076658853,0.0027177021,-0.0007766008,0.0001477933,0.0034146893,0.0002385829,0.0005685917,-0.0027179286,-0.0019086085,-0.0048427138,0.003818669,0.0006840499,-0.0024538814,0.0052340588,-0.0117168325,0.0039703588,0.0011438866,-0.0016866135,-0.0008612444,0.0020427201,0.003174597,0.0049520609,0.005117119,-0.0042592677,-0.0040537633,0.0045940931,0.0009755424,0.0044415228,-0.0004254542,-0.0242200941,0.0049732842,-0.0008498898,-0.0014507239,0.0019506031,0.0011779218,0.0080509828,0.0024458809,0.0019776256,-0.0002300561,0.0004736232,-0.000722505,-0.003937116,-0.0033290563,-0.0003929691,0.003610775,-0.0024810188,0.0012531027,0.0007724914,0.0016517582,-0.0017081826,-0.0008084163,0.0020962744,-0.0019557592,0.0002040085,-0.0084361184,-0.0073943901,0.0045700679,-0.0060000131,0.0059100025,0.0007315942,-0.0005297862,0.0777435133,-0.001957338,-0.0000143479,-0.0080492609,-0.003433203,-0.0027637991,-0.0012507282,-0.0003021832,-0.0019765796,0.0058286517,-0.0001498363,-0.0027509098,0.0023432808,-0.0063180002,0.0042250517,0.0060460972,-0.0003946649,0.0008523045,-0.0050321337,-0.0010689877,0.0042646497,0.0039045474,0.0020250172,0.0005244781,0.002173548,-0.0000168947,0.0022949962,0.0003208987,-0.0031332875,-0.0031412328,-0.0061475948,-0.0010372368,0.0915033571,-0.0004960143,-0.0028764603,0.0011206415,-0.0016336371,-0.0049211505,0.0198746797,0.0043430502,-0.0006971647,-0.0055208991,-0.0081161607,0.0082888039,-0.010238371,0.0097896505,0.0076840906,-0.0011588891,0.0047732129,-0.0015292948,-0.0019358506,0.0008027927,0.004367456,0.011697321,0.0032461327,0.0021799114,0.0026716831,0.0074819722,-0.0061317644,0.0011351644,0.0012160073,-0.0005991318,-0.0014228409,-0.0109080209,0.2853486152,-0.0079192973,0.0014193496,0.0048033696,-0.0149905778,-0.0001811241,0.0061847223,0.0108316301,0.0031675259,-0.003753108,-0.0006221746,0.0011821647,0.0074284206,-0.0118963086,-0.0052765559,-0.001548674,-0.0051812115,0.0001023031,0.0047044857,-0.0042337662,0.0068524089,-0.0010094174,-0.008349987,0.0085716,0.0000307584,0.0076710038,0.0037082155,0.0060890756,0.0054606578,0.0059546729,0.0006544235,0.0050829518,0.2316396318,0.0037676382,-0.0006362926,0.0028005155,0.0079728604,0.0031548197,-0.0061225346,0.0048876428,0.0133683419,-0.0019686188,0.0065812264,0.0070038185,-0.003568043,-0.0023432036,0.0059842078,0.0054177278,-0.0062980348,-0.0039083313,0.0067176438,0.0007112823,0.0023657592,-0.0048340429,0.0038157532,-0.004030786,0.0031866038,-0.0070517634,0.0052027495,-0.0024754651,-0.0036571755,-0.004082607,0.0049705571,-0.003267522,0.0607664974,-0.0109717736,0.0001622352,-0.0011396392,-0.0062779052,0.0070708345,-0.0032455078,0.0047980139,-0.0064369365,0.0038628497,-0.0013783191,0.0000029394,0.0015036974,0.0029422783,0.0042320761,-0.0059663384,0.0015829193,-0.0031965902,0.0056151472,-0.0036867122,-0.0019469216,-0.0027473231,0.0054107746,0.0000842599,0.0024797505,0.0014595954,-0.0039148929,-0.0051483431,0.0016859275,-0.0024060814,0.0013058037,-0.000327577,0.0050677744,-0.0076274992,-0.0019365939,0.0025600336,-0.0120781517,0.0073609575,-0.0028043325,-0.0059785454,-0.0008807339,0.0004222803,0.0007759164,0.0057343501,0.0045400096,-0.001478198,0.0031209348,-0.0053311782,0.0052603807,-0.0003506516,-0.0031808336,-0.002140977,0.001023585,-0.0010091977,-0.0016118939,-0.0012986456,0.0017467924,-0.0078581124,-0.0009831173,-0.0003493745,-0.0044276237,-0.0022359344,0.0045656226,0.0037092514,0.0647935604,-0.0033820457,0.0023779919,0.0191063591,0.0031746616,-0.0032960963,-0.0006217588,-0.0009764737,0.0019745444,-0.0041921883,-0.0011460493,-0.0106440274,0.0018166014,0.0058802465,-0.0069310472,0.0161838405,0.0027761421,0.0043603827,-0.0137621091,0.0003064283,-0.0045522076,0.0005635516,0.001341904,-0.0086088572,-0.0042302762,0.00727273,0.0038216052,0.0072433047,0.0047915217,-0.0048104808,0.0051820076,-0.0024721768,0.2484953105,0.0117478748,0.0005590557,0.0037542184,-0.0085887443,0.0000774077,0.0012006835,-0.0037032401,-0.0074459612,-0.0046155995,0.0141803767,0.0088475497,-0.0053387769,0.0109556931,0.0059752595,-0.0050282607,0.0001599051,0.0007428476,-0.0032686631,0.0075509243,0.0038941024,0.0017123478,0.00596717,0.0069093396,-0.0052284435,-0.0015193858,-0.0034918261,-0.0110287801,0.005430638,0.0078048283,0.0003795638,-0.002033367,0.2309940811,15673.149211557,1.0221586842,-1851.1090206324,-0.6373780993,0.5019451914,2437.6964938001,-3486.3939895052,-1.3930111603,-0.0456443744,-1804.0321418616,0.2168359736,6379.3473946712,2162.4363824681,4.8312091363,-500.1215306385,-0.407160836,13055.6475373405,0.324093975,0.6952434805,-0.0385861235,5369.5018408161,3231.1651838818,-35792.1903090919,30121.2236485264,-4790.2736600486,-0.1270702776,37.494118823,-0.0658056652,-10453.6355689365,0.8500386915,-36.953574351,1079.8549267142,0.1817837152,-6229.7066240405,0.0041279646,-4107.2473457827,-1673.2944510435,3292.2598693298,-22.1843913632,-0.4205508081,-1369.0373490828,26995.3528619585,-0.4281239979,0.6765778057,18629.4082169127,-0.9431625704,-35.6805702865,22485.3218062216,-3388.340872605,6.645793623,0.5919588537,-4900.9112077885,-5291.8025346894,-1223.3062014632,-2509.9930991604,-351.8147256539,-1308.1466046013,-10102.9427997468,420.1756878734,-220.8712039789,14571.2335800689,-5988.9920050423,27.490558039,5977.4385572998,1094.8904320813,-8215.6779060832,1814.8282274383,-6605.2314383965,1186.1976921953,1327.2062960102,2174.7395151688,-7738.1115980885,3703.1203926577,-835.1631116882,0.7981034203,5702.8834725407,4370.7986794838,-834.0582540224,-5.8994295745,-5600.2951791605,94.3924644124,1833.538995407,-7593.2937295334,-0.1378965807,4056.8357837042,-0.5109839812,0.3927035778,-0.2204271647,732.8870496449,32.3287964089,-0.8308256279,0.1885184724,-0.4462536527,1.5289842106,0.4395720735,914.2074198099,-2738.1677015712,0.8752807911,-8.5490239459,-4811.7945669585,0.2866493302,-4720.1538680092,5435.1533408816,-1187.2013385957,6353.7426833643,1380.436337318,254.6264856455,2833.8498524913,0.8794408805,-476.9399900344,34.5337347992,-3.5698922717,61.2645712067,-2.6112481934,-0.7257470529,-0.7301574737,-0.4907190007,-9430.147975311,0.7804005505,920.7001344413,0.0545889383,0.048705035,-19005.7939297557,-4231.9127547438,-165.5027886347,0.1476967636,-0.0123289986,-9878.6286584389,-5020.64933042,-587.6030293547,3240.043291417,-1.0661094229,1.0798934327,-12555.1881236821,-16976.2675724716,-5283.0715103832,-1099.0310306207,11377.1786009454,4.677850569,-11654.3202439402,9010.9538371653,-30.011257893,158.114113638,-464.3415842654,-2405.4853293316,-2909.2298901263,28706.2875345473,-23909.1429780166,7208.8983220311,-16824.1333996909,704.8823369131,-2972.7227276394,-2700.8523948326,9.77302862,-4077.9165686315,-14276.3864467819,-6379.4617428995,7.640324092,4613.0136715859,-17889.5740054333,7175.2438813658,1477.2317904319,2053.8559891939,9141.0418503422,26914.6985362223,0.771178099,13633.7850530266,-40.6767906091,0.3626605865,3571.883540829,-6109.2474475502,-0.2499107942,-0.540771013,0.6540914557,-0.854239736,-7844.4324276168,-0.249474243,-6.0049862318,0.7622751898,-0.2693548559,-0.5462734327,-0.5522707389,0.4160088869,0.145742222,-1311.0492133578,1.4094209755,10178.9161358941,-0.6951972798,684.5911201491,-5.5685278461,9273.0885175327,-2082.4418334209,-0.7714951807,-2860.318703713,-0.6494924607,-8552.1256735127,-0.0071417906,-0.4362756874,-0.0773016525,-23865.1773940729,-1.8995415043,-1448.9765336992,0.7832896689,0.7078948554,1427.885863987,-0.6325207355,0.0102197949,0.432839231,0.2592737777,-0.0072185705,0.0471713707,-1953.5382709136,1078.282532617,8.5571916851,-0.7278936034,12144.9231594189,-9074.5626643711,6606.8422815342,3614.9634671882,1126.127969359,-2839.1984354913,-2371.7271048659,813.9613903542,-68.5222289557,9862.3293169119,2015.1403989004,-500.219530931,-7437.8427548027,5160.431878785,857.8927129691,414.2806455292,3444.9348112212,9974.3825286828,613.3095928844,3.045095446,-0.7601310051,292.0407021779,16577.2146098375,2149.6478880771,3393.6111581249,2245.120017562,5586.0316145776,406.841227189,-0.4524528074,-3413.3860141115,-10724.2921330575,32259.2373694615,0.2550651546,21107.8005216889,-0.070194848,15235.2009083381,1370.4957146467,-6967.9166657119,-0.656480862,-6693.5147742806,3356.2700509846,0.8721763153,-3992.7342467956,1.1935405551,-2849.8761888871,-0.6183796738,0.9313826036,-2.2124809472,4975.7716334984,-6693.4587609171,0.2317295587,-4333.8167872829,14996.9755019101,1135.6544787405,-0.8566708618,-877.3858151101,-8285.0480312138,-9378.2305098525,1987.2547559665,0.8130970912,-1.1563022131,16685.6545957571,2673.8460239774,-5123.4440256386,32.7463453624,-0.5414699627,-9390.1184079149,1594.2082447195,-8.6828278654,-0.073216679,19606.4256024296,-706.4130138105,5514.3330315955,0.4217960744,-7962.0064285676,-0.1030302036,-13.4131573834,0.4946396859,35.9045280407,-19621.2926566035,-663.3158413583,0.3990501217,-1391.0564297738,4034.1182424958,-168.8147337642,-8896.6190971626,-5349.0839527248,-0.0726504233,-2.4639397429,-2483.3498327369,-9.5688504408,2070.8932601229,-7472.2232047971,9307.0191381302,2072.9912529845,-19.5771881656,-3169.169847296,133.5124557738,-4232.0433610998,6748.369226458,1093.5022990982,-143.7446952553,1779.073794813,2356.5648253029,-18.1458411863,-1.3951545437,-5265.9375890425,2286.1333217389,15.4273537335,8483.9300252829,3303.0198263267,-0.0606240686,327.6511412715,18225.5349942728,31628.609132896,3220.7215436474,-0.8199687339,16968.3806855293,-5124.8290684037,-33654.06678853,-13.2301470218,1913.7542633004,-0.5995203901,0.3254216485,-32954.1155946957,0.5821038132,-2333.1658631138,0.0484713506,0.7124430977,0.7570974057,1510.9087773911,1914.7589074828,-1563.6151841596,797.5398681618,-979.5504882161,-4838.6981442401,917.7876844142,-3416.5393911159,-0.0956335582,-12593.2957039065,-7185.8210362686,-33.8142550885,-0.2940661694,-0.1163579847,3918.4063389739,1.0229302147,0.25617182,-0.8126010325,3615.2623864995,-2022.6318633021,-0.5416643527,-0.237818413,0.7424641287,-195.9791446621,-0.9406580394,24170.6414076388,0.8477771683,-0.5008090146,10189.6959174093,0.8231356776,-811.2333719028,-0.0974885236,-1.0469776615,0.7401693826,5140.5934214633,3131.3641316541,8602.3370316662,1869.7759464606,3597.0945330332,-7259.7796517892,-260.1829884944,4437.2480562562,-1875.2037717171,-3211.5537909752,-9710.0463108431,-21187.4272328131,-1320.1804829919,-9967.7980866444,-0.7134090616,10.1914450928,4182.4885604393,3358.3769495206,19.711594787,-688.8034259828,-4385.7088130134,-3480.6144257347,1071.4862836159,7.3151535655,-2326.316625774,13870.6658206786,-6209.7203980469,2707.1973194701,8259.9091769564,8589.4317434331,3031.1459946511,-2.1159712165,0.2005898608,-1999.8249926324,-151.285827738,-834.9769220299,-1.1350045165,-936.3663673059,5950.6693423525,6169.895234109,0.6888224419,-0.1733780622,3303.2380987524,21047.4937369421,-2588.7660613703,0.8804358856,-0.2021888929,1.0984736559,-16816.390648932,6169.9786415211,0.6313104657,-139.1252973492,-6834.1254814136,6721.4420857967,-0.7730089115,-0.2518245687,-0.2084229925,2403.4385822384,-0.1129790176,-0.6086543039,-0.6046529567,-132.4935453454,-0.5112328805,-1.2679320645,-0.2102008219,0.55665103,-1014.0350452812,8162.532932069,-19.3573257893
   0.3243768046,-5741.8815144155,0.3187442286,-0.4538961977,-7368.9670396424,-9135.4747345044,5445.4948392034,6.0806363225,-149.7044060415,6479.9704414911,1.1201110194,7.582131581,-0.2865171789,-3070.8688368342,2839.4814109109,-9887.8250843407,-33.0329171222,-30.869287407,-7335.7221739501,1.1915612503,8.57376463,943.1317667772,7009.1403138434,6301.294750404,-281.8162611463,1295.1917569121,-15626.3936711418,-593.5145307588,3365.3304075534,-2103.8493284589,-1939.2184260786,4873.4017785069,-15137.9551950588,-1474.8832899366,-213.3738593643,4999.2197631368,-363.4057553789,1925.85331087,4998.9448843137,86.3245217146,11310.1634168854,3321.0040637218,-1696.0642419261,-4785.1007865534,0.7168555778,-11922.1706142341,-1.074815228,-25.9134014946,-2157.0197205022,-0.3773317445,-0.5771429231,0.4613841035,-780.5902766855,-1613.7392001145,-0.9282160632,-0.7270787114,-6176.9871774289,2696.8892726829,-5.8226264561,-0.9284933624,-0.6982373647,2906.7499662349,-779.4589724018,888.5077056027,1765.53819779,12691.9399018557,-3973.8770019955,10.7839325551,0.6238078407,2226.9411418689,-4393.7608035128,-314.0870963476,0.8817821223,436.669284867,-12.2502414128,-0.2467320409,3192.6964056171,24426.0032929854,0.4402555209,-24227.332430402,-10867.2765698106,-1.0655939749,1371.5314035327,-13729.8983774481,18455.0776830584,-0.6271234123,-1.0032020719,3176.5546028733,0.2016464867,-62.6049703541,30156.7433580295,-16724.1033084663,0.0233512288,3434.4273153171,-0.2330469994,-1936.6062237816,-4892.971661019,-2407.0777410748,-5675.9203947057,1562.3032098867,-815.431370263,-372.8681586593,9625.255405251,9469.9028500837,-5522.5962120055,6341.9251476645,4754.8757141478,19128.3369200014,-1601.9594751677,-8985.9399010266,1879.2842567009,11.0248692588,9206.318470611,-1799.9061364545,-4488.8463878137,-1216.0854781309,-4911.4094115612,-987.4804986492,-421.6883139811,-1146.7115951485,-14348.6983528462,-6816.9540542998,-3381.3795291489,4072.4151101144,17861.0263513807,-714.780792524,2233.6029937698,-7207.2267135575,-0.6093731241,-3123.7134278552,16944.9237666343,-797.1722695472,1105.3988064658,46591.9102934959,2319.9322995388,-14.6538296123,-0.0631825716,-1268.5298104935,0.7580861588,-0.218845584,-0.2199617091,0.2160861431,-13573.8082588435,-20030.473083563,2319.3310143861,0.3950988371,29639.949229327,-0.5093284193,2911.255410387,-0.6566026317,-0.6698472,-645.3965222203,-40907.5572054456,-3867.8833440634,-0.1251218108,0.263608668,-0.332026684,6652.3046941802,-4340.431625605,1346.7526454154,0.7281976564,14618.9529955998,926.3335955758,-0.6268152583,-22777.8393042745,-16375.2664176667,0.822617403,-0.0767949357,2985.1421818551,-31286.6583776482,-16141.3528964466,-0.6713550809,44958.4409458492,48187.1653201364,0.1838318008,-17991.1085551517,13.8120157239,-9374.6623736841,6465.9965690284,3278.340101617,-0.1021355163,12708.6069755044,0.2590485943,-229.0383810012,-45.6636680556,317.3590506982,-841.7499961719,-4.8451902959,-2386.312756123,31.9036370799,3.8893422785,-7253.2473462439,-964.7860202819,-8169.3591889856,4772.5337494501,652.0101774693,-4254.366759831,-2297.2439628775,3777.6348078163,3610.405076292,-2256.8868623374,2525.0800827492,5904.8406649296,-2103.3852486742,-7769.946115308,-8411.1064036789,-339.6995143371,1884.0761484686,28308.7683824033,-1.0574958752,7277.5285991268,-1202.8099444072,518.4173471867,-0.61771666,-8663.3567697914,-14.2268009864,-5694.8602954536,-1497.8617890551,-0.8317010867,18769.6506809102,-8103.3945457524,-12041.7326569837,-2219.7882725894,-0.0413462401,-1.2287203887,0.1236689172,-5695.2752935534,-28174.8115563189,4442.2116356353,20314.8469080364,-1074.2074119454,31250.5983414585,1377.2924987868,0.948790122,-2564.6397078896,-0.4601737758,-0.6657507421,-976.4077131869,-0.5248486383,-4.2295602575,-0.6646441516,0.6838388182,-0.1406672419,-2943.6327350456,-1003.7299573075,1.3954247847,0.761529005,-0.3927970031,-3280.408728767,43930.5759557817,20662.5356763691,2643.1217434054,-0.6359892639,71.7785400209,5.4167531122,8507.2318884235,0.2143927754,-17.3918805101,-0.3569778188,-1.8112273124,-9688.2173062603,6206.0970853265,2156.7976777475,-20.5043447533,-921.9762451278,-9217.061576066,5.5491058055,5340.4344393833,23563.5363102433,-2.1000140085,1712.3298151012,7540.7189299937,89.9896364031,4713.8638706726,-4654.5885029963,747.7619181203,-13474.7260100476,-44.6375996921,0.8233161706,-5146.7774207181,-1273.1134406156,-9741.2645497444,6346.8500847989,939.0566384815,3673.5980471398,-3687.6962469722,3586.1693553564,0.6737460728,-6994.4530818644,-16852.0497140917,2085.7250801326,1.4434850776,14.5830514825,19294.2752023225,-0.428504366,5317.5175344997,-2112.7505159268,547.2945421979,4286.1036112874,0.4110472962,-0.4516530679,-3667.8215764702,-1.0836840369,-1.9177772928,-0.7298515568,-0.7430838608,-0.0359416611,5470.2192257237,4287.8288671073,-17257.2094780078,5304.1854393009,-25230.9935239592,-0.9235473278,-6.7370334368,-0.756433713,-1736.4991724679,-2700.0757278417,-19833.1537266252,0.6016015168,-979.8594847948,0.746019054,-6241.1002671916,-0.3385850832,-4577.1328373686,0.6267190668,-33485.9846972644,11206.098301485,0.5561568354,-1820.1243843876,-10956.0244972475,-315.3390867118,-1638.2521655955,2967.7318892697,-0.8504800624,1122.7408166005,-14177.7767023398,524.9408401454,-680.0476379282,-1919.477065486,0.0630175973,0.6172392486,-1040.667435805,-530.4575620488,1699.4842622067,-2565.6647427449,-295.9793753276,276.1440573245,-176.1587381669,1979.2473350873,5060.1469335759,-3775.092260674,1499.3272240779,7786.4287602541,119.9984541584,1572.1398626796,-17.2674268079,10338.4999420281,-538.8012815989,603.3622708559,-1334.3001156166,-2604.2395882041,-9109.8336940996,-2896.6617853046,-2030.2921341362,2730.6334065403,-3224.9262543962,4791.0352566646,-88.0501669249,-3193.0845085176,0.9970952666,-4977.4972522709,-5.4730090044,0.1194207726,-13.9166303349,-12.1775850519,-763.231325389,1.1610313618,-5698.0879353735,-4.1506907401,-246.4431160149,-0.0368669702,985.3546284634,-0.3629259804,128.2619322562,18645.1159907595,29.0798688524,46.3991563544,-0.0698297073,1278.4640882178,-3.7523111439,0.169729008,-182.5805960169,1216.7376129058,-1.0281686765,-18526.6137190158,36.1279312411,-11951.9417777455,10112.5712434393,-0.7270412122,-9728.0972961054,-0.3401946088,0.980784619,0.9035133484,-1326.6846665179,142.5202655105,3063.0554376033,-0.7783485582,-869.6509601496,-171.4158862572,1211.0124279012,-0.5849555665,0.9284353913,0.2700335183,-0.0850145082,0.1912051208,-2547.0369762754,-693.0541488171,1.0151031509,-0.5124791466,-4851.3617181381,-10614.4411124528,0.5913639016,2.5173444673,7.975803675,6039.3181917598,-2110.423347119,-2429.3203194036,-496.7006382952,7574.0504077449,-7553.5957106244,7.2359333068,9190.1449229985,51.5204194207,4982.7724007051,14842.1188453418,1682.0343156472,782.9486128056,-1683.8404414167,-3160.1044753227,-3557.8759795004,-921.8899015956,-0.5319956997,-2735.3040868205,13260.7352496363,2077.1091245551,4158.1681183744,-13231.8213038896,-5677.1306699362,-2877.3788505665,9134.6184672053,-1564.6602622846,-965.3171310296,144.796706506,-5401.8168232073,-6122.6097974823,0.3803415611,3914.690420687,735.007405514,0.3943611526,0.9324745734,2149.5328465576,2278.202702527,0.3010328863,51.4333411265,0.0468651922,0.2262888128,-202.8466710872,-301.2686324677,-0.3163422497,-0.3101430576,-0.1748390809,0.6437133186,-0.0538721491,-0.189262988,9953.4573059388,-2485.7489131592,0.7373091106,-1.4942924739,3299.1756960599,-1.8749589808,-32174.8420886824,2208.7133490804,-0.7560359475,0.2538455041,-1.4466761571,20.3601981387,-0.1272939511,1.2866329818,-0.7023630475,5203.1846753193,-2792.049372927,0.2207962817,3.1204457299,0.16519795,67.5103146303,0.1060111545,-0.553220314,6107.7300163542,-1258.2648097703,-2078.4497702415,0.0663817294,-1045.3960571842,128.3820414112,-0.3974985757,0.7948447203,580.8756754249,1091.7801768149,5888.2154449887,-255.7987575388,-1056.6928006185,-8252.6431854657,-7418.0327041583,2021.6962496809,2197.9259373126,-3333.5294718465,-5931.2705276752,2886.8655135514,5195.3027967051,15152.3917307674,-1026.607946939,-15605.3173930171,-2422.404807418,-1044.0107729921,-10144.387390755,-11782.7718065065,1092.0143525545,-1055.061171352,-2572.3509636862,92.9178927289,11596.584650171,10441.1746218677,968.0431691419,-137.1300120759,-7069.4340951502,263.5147426598,0.9720986806,-30132.1704319908,-615.3343495536,-501.3483517782,2667.0542579962,0.6520857807,97.2585385339,8860.9951366287,-0.1309563715,0.6226978325,0.4239069497,-0.3418366776,-0.124457944,12804.8912432059,2070.1069796666,-3844.2473830117,0.6602482374,29180.3449008804,1035.6960355331,-0.2618843349,0.027319241,17256.2602861177,7.990592872,8479.2129063793,0.9499472617,-0.8564163069,-0.7920241708,28845.8235662182,-763.3681196873,1.1207143013,-2463.41514627,-10.423542703,-0.3709797104,-0.5473720498,11299.1584416908,-0.7756318509,-13691.9623582556,-1530.6872440917,-992.9717506751,0.6656871579,0.7117774049,3.3028724455,-30773.6393254912,-0.2776465978,0.5128970202,3014.2721983833,-0.1401744603,-0.5604552995,-10121.5252816108,-0.0619295245,-0.0628473487,0.0135523125,-1292.6012352849,1511.6366996394,1335.5515305355,1983.8571829781,-40.097005391,-1096.6998543021,-4823.5500825833,-20560.902707124,2491.1855520198,-50.9320568049,-4544.4723607073,-805.7508392842,8941.2295125714,3353.4017310483,6621.5985679717,-3275.7645374134,-10.9991470901,-2519.1390278715,-2819.5069601888,6054.245840179,8110.9112907789,-1425.5670869785,-57.9563681269,1279.5807435984,8825.4584027953,-4.1051667874,16475.6912777197,-2515.8750976162,5984.308599515,-8739.2196021495,3568.287325437,6478.4371751855,6872.1745803882,19656.680683588,-105.8713591343,2365.0017117501,-0.6302906528,-13072.6893681087,9.5919763855,0.0571575677,-3199.7862758676,0.5687242717,5830.4690860175,438.1378456986,0.7027244672,0.7286191577,-0.414538706,16347.309179725,5780.1875964742,0.564727403,-1.5516789214,1390.2698677803,-20151.3502429816,-182.8453688152,-0.7696305087,-511.0038217113,-325.4509423967,32864.5945006359,-24764.2342194893,-2.0145343107,-1021.7738828209,0.3388717158,-18.7600404801,-0.8483003727,13372.4033600797,0.0623066161,-13249.4141865297,0.4125529467,-324.079958096,-21996.777899062,-17282.4813896001,0.6022099775,31333.049849903,24492.746628168,0.0033417461,-0.7457383359,4276.2462069628,-5686.737907695,-18655.9624352056,-0.7226808569,0.7751808567,-0.2431001219,3991.4995654191,-14640.4000647591,19914.0647348231,2145.3645959707,-11468.7763927184,8402.7043073935,2907.4206624001,-1.03009328,170.5264156025,3436.7078011429,2577.3549013428,2.6087702496,-7491.0522486911,10543.8530362682,-1635.1016706629,774.0240769467,-780.1850993556,-6975.0446360691,1.3694861947,-3004.1224818886,-2594.1778310118,18648.5831224932,1221.561980988,-6699.0790071066,189.1804467542,722.5244070722,2203.6656772553,1634.9685709944,1902.2544465431,-36.7435384295,-8393.3864149661,-17534.6231569104,-221.7772258466,-15363.2202903748,-0.2635414223,1238.4329768656,0.6125027427,5318.0735959037,31574.0459791718,1224.2368614584,1444.7560761167,0.0612719188,13101.5162939509,0.2362476087,-442.9792872213,-19280.8862624231,-0.6468800403,17864.5106733892,-0.2141458933,1224.3042155952,5.795451246,-0.5422290736,16997.4635538424,10043.6284314307,-2329.3572799847,1853.9315778156,-0.1072753588,1.7728228858,4182.768010834,20.7455620038,-2068.6931675446,0.5625409424,-7798.2752290114,2555.9226181597,12895.2254742341,-0.4049121182,6940.8007917926,-14415.54427229,0.2398438244,6649.773041873,3.1987018014,15177.8780391074,-1.1477554209,-594.262653985,0.3652364859,-0.049121151,-21869.1642703449,6744.7240707703,-15501.4018616202,0.8936259426,21.1585839687,-0.0947408356,-11620.422156582,455.3299451607,-6711.3056060819,6552.6219653915,11293.6076820613,-1706.486174111,5524.8869752075,-8104.9532051818,-4090.8847608814,-12181.8783763505,11259.7787809278,4765.3243485767,-4963.8501503666,-5848.7119973894,-4286.7857442139,-2677.6862226068,-3949.5451286215,14.3777377712,-11638.0027313256,2255.5140522976,-4632.7863044757,-4609.824870395,0.3441388226,2344.1123987132,-4030.843793474,11525.3086678262,3853.1940342433,-1.5682328149,2930.0574297951,510.1108203536,-196.6830794797,1.0240901438,-6128.7581882276,1.0073202711,-17166.6048546392,3189.9009267535,422.8645526512,4430.6933017727,-16504.716445204,0.8215753575,670.4058584799,0.0270727921,-267.8010946783,4460.5041634861,-4132.0947248928,-0.091809534,0.8240409996,0.7445953424,1.9315730652,0.0472064715,-0.2188364759,-1059.5575399397,28255.5729548426,1641.8218178573,0.2106485603,16460.7775139018,-0.4490690332,5403.066347196,-12326.6908630674,26534.5407592115,145.6512455857,-3.4671635097,588.6071537867,1.0700003306,6889.5657063535,0.8517189504,6397.9397788964,-33275.3705968903,-5241.0880526449,-1453.2718529502,0.833339605,0.4928664986,-4.1922672026,-0.9813238685,-0.6562736255,145.9086373542,15616.7531184451,-0.4987736928,-2302.0250591635,-0.8650771934,-3125.1344660521,0.4159355863,1192.0142170073,-8734.5086366319,3456.2124162725,3722.1934337404,1239.2635908321,132.998995311,5784.2947702004,1818.2877107155,1.6490039472,-2621.9382759151,4708.6893144516,-813.6889979779,-8438.2761085378,-8686.1253188827,2569.2645794577,-268.9861449502,1766.1812436822,4799.083405893,5303.6188438558,-13514.5212908352,-11036.0519635295,4414.6582671279,-3419.9355658945,6543.270907028,8742.5389185155,-7979.615039524,-1148.1423647598,89.3868746114,-1932.0825827402,6515.9888248248,4932.0513244254,6352.9129352506,0.2599688375,61.79934049,-1600.362014633,-0.6750290979,2231.2249572863,-43.8179243221,0.9495508319,-0.7085996021,0.3802997918,0.912823123,62.791395796,-966.0775702223,-18054.8013317565,0.7917093192,0.712368391,72.2427182045,-7017.7386957231,0.6534241535,1.0579594792,502.9303429467,-6136.155479469,2930.7587184897,-0.902059282,10.568696729,-16.6735205053,-8367.682750129,-0.4135711101,0.3600463373,-1.3462598787,9045.1807411867,-20904.4091922114,-0.5132568687,-23909.2544418298,-0.2175059495,-17876.837385793,-1.4172561321,1.2150232572,-1123.940689374,-0.3293258486,-0.2091654275,2174.3248789105,-0.8848888956,-0.3689173497,1829.7162912534,-18766.494515316,-1.7923244429,-0.3098833349,294.2160795075,0.81670332,-0.0579337222,9.4965560355,6391.1478517338,-4776.6082986293,136.4244433882,-0.7645241048,-1909.3452228379,866.4254326314,468.0478135213,-5054.9005709271,-8376.8315136996,-1838.6400207144,-10500.6972575582,11026.1468375437,883.469830194,2062.177836619,921.625882795,7226.1904651655,-12431.4423092385,3308.3072537692,-5953.7265182404,-3390.53287632,-3198.4978450114,-7.6194978877,2070.2573362158,5153.764441092,-15977.2215770437,-297.963802887,-11102.1051626224,-664.7294387292,1048.21750812,85.1648958641,-51.4272761817,3528.5475258264,7945.5285238667,-1847.9464497153,19289.437970576,0.0141160626,25009.8147957134,-21.9232794111,-2225.5867634621,-5055.2050181688,0.4853252661,10735.1755264528,2421.5333351745,-0.1584620667,-0.4530490214,0.7109604001,6026.7040036947,1504.6744944423,-2226.5490515673,-8924.6074466497,-0.3330491931,-900.6798011657,-20715.862367823,0.5688815708,-2.6726412832,-0.1456039787,8994.9527782624,-3740.4194430449,0.0626711181,12530.0726057823,-0.8462774709,-568.9208228529,2420.0757168202,1174.9317492595,-0.4835718085,-8007.2488352809,0.3087488796,5594.1389485668,-17389.31458646,-19184.5635974249,-0.4884713718,-5.2689995505,48417.2413553752,-645.2741530415,4915.9236216486,-1338.4568263624,2969.102972905,-2986.3499005016,-3689.5950830922,-1.6566245845,-0.1739229236,4124.3075161267,1.621509992,3446.6421909602,-4275.0871366325,1173.8272224451,-12580.201476987,1294.4933394779,5868.3335790054,-3178.3941410377,9931.0830777338,-4900.5785109236,441.6215341984,-3.1631368027,-1907.6087727921,3988.401660939,4709.0203583905,1021.2131258822,17.2320665622,-10183.0365492819,-2.8961852674,-9040.5847407766,-2048.7644413267,-8537.88092002,-955.1850949345,11169.4444110819,2663.0106833975,-6346.1512498434,0.029231912,7758.5048720871,604.8736568823,218.1666944281,15527.0599449162,0.0388899917,0.51160931,3542.3180553541,-2142.6798414787,-1547.7860682727,4269.8090090871,323.8073101081,1131.0377922035,-1342.1776153251,0.2657391258,0.0460549552,1810.6368126698,-51.620378475,191.8520073229,0.6379100576,-0.4044630074,-5475.8777918368,1130.6199544387,-24785.7246561372,-0.7672603756,140.981758904,-2.0170513065,0.6197335892,-94.462683628,1.0840296629,2092.2084114016,953.3374089381,-0.6281816596,-4560.0299536558,-0.0751663485,-2743.81833726,-1360.7931552327,8.8255816405,0.4661567891,-25.9513273936,6389.1433414846,-0.4343099342,-963.1222023889,-39062.3410783193,30.9701919337,2310.1213248915,-0.8477072406,-1983.2752761399,-2879.9217873371,632.2054051173,3351.7895127122,1348.132735605,-2014.7596476314,-0.3305306891,3.1995865171,-4039.1173409134,1173.9812888809,7367.2856410716,4719.8182793927,-6083.1460861826,-10274.428939989,-0.5599413975,2175.3122841981,-3642.3163154337,8241.5085137665,-7564.8125149268,-908.5594162136,-2288.0950506805,3143.849810616,-3691.3841567075,-451.239793091,6362.3052390521,-10318.6684410694,2759.8830772584,-8.1412977579,-4298.4496549448,715.7943346685,-11063.2594053134,-225.7577362782,-1280.1089808107,-9672.6261106229,-1355.0696506877,-3046.3098248671,9269.7417103637,860.8982972435,1569.2357696137,-7986.7784133783,748.0544455928,-2614.0617320146,-7831.525169543,-11247.4883701003,-10466.1922448089,0.5302726198,0.3978941611,-2122.6008801847,0.6857904427,0.5176926055,6599.2726776038,-0.7413141795,0.6422771452,3744.4450277356,0.3910412915,9.4027006863,-11843.9924451615,-2122.5040180033,-0.2509139252,110.9148660548,220.7451242156,0.6248811253,0.1198671491,-0.7143288995,22236.2542701146,10211.6541029509,1402.5135330996,-15314.158243983,3460.4988765791,0.4588429602,0.7471003261,4150.4225491776,-790.2109704842,-0.6841491935,3016.4963875312,-9.5539925401,-1746.1755138791,1.3668830405,-18779.0786505616,25514.117624105,-144.1504424448,14180.3437317235,1137.4550037279,0.0537519503,-9018.0029094812,15902.6228872162,-24.0143125829,0.2841919064,-0.8867181598,0.7025851126,-5650.3907436146,-1390.2239367155,-0.1547049871,-235.6337175299,-3019.5287417924,-346.3920146153,-1074.5031230852,-7234.7395104999,-3659.9571588427,-5430.9568422729,342.9159239267,10318.4350955461,-4972.8613198345,-4119.9237617707,3577.6428074894,-5751.8586910468,-742.6487477917,9105.6729833512,-1350.6600553788,-0.1389998441,7011.9161410684,3291.5126336218,-87.0546602154,4210.8524934142,-0.6081046186,18260.3501604309,724.2655267232,-5885.3861506015,1098.9466767085,-5763.0305259538,-3408.6996566923,15774.3636387926,-392.8668412097,57.7424447506,-1846.9517512372,-149.3233788169,2935.1281547134,7306.1079576291,-0.2805253202,1273.9052093876,-1646.3682767381,-0.0469893769,4997.0869817975,15125.7674385664,-0.4982673204,-2822.5151144912,-0.1647178506,944.5304719313,-0.5099310032,1273.8142360111,-0.2784258941,-1123.9356973349,-6374.582200042,-0.1396779723,-29.7959736256,-1.0575543299,-1.2000998609,5546.7822503136,-2848.7869790878,0.1905206656,0.3744256292,0.7090239566,7.0948771854,91.7496188373,-241.0023116405,0.0894713496,349.4511609336,-7212.9819184412,-248.8141515963,-5211.6674717427,0.8571911689,1.1839609726,2935.1330415126,-775.8280943864,-1.3316639945,2020.763767716,1165.1561273541,1.4800317131,-2.9051772986,0.4837978763,0.7972227974,0.818283482,1638.3467166583,413.0281244366,879.3612576958,-3166.4426892332,-6112.9926694728,-3352.4546307667,1879.7213902922,-4260.9420500879,-33.8302156842,1.4801259023,10241.4006763914,4134.5222318533,2694.1425158019,-2388.0324776762,-11698.8047539186,5465.1222753975,28.3071571498,9762.5031713711,-23.0050824898,1.1992137462,-13668.4893600466,-8487.0184285921,4753.8322486608,-232.4435339802,-6981.6686875143,-4630.280740517,-3214.5711289883,1787.4825190631,-8033.7824256602,3133.2283355585,11427.4711376801,5698.6232921493,-2.8760992905,-19307.6610995487,5200.893751175,4.4725797671,0.5566919256,1438.5886555579,-413.3128442572,-1.0104998582,0.6561255219,0.4904219208,360.0910884622,5328.8232338051,-3310.8696703451,0.5802407086,0.0131187365,4265.076794942,0.4951188673,-0.4962546343,-23834.0638091231,-17366.3191346532,23093.2978333463,-0.6453815434,4167.5674426065,-3212.5067779731,-1.1458481582,1426.4674637326,6621.7539765953,0.7167183584,0.1556630947,-0.4713370602,0.4727929383,-0.115652123,0.2362115138,-0.1278728967,-7812.569664883,7734.6093803723,-7230.2560826675,-5084.0706680985,-5655.3014961591,-0.7147054909,6141.6323581704,10949.2301902018,-0.0690055838,711.4247778517,4064.1420249305,-0.6158388138,42238.6499642047,-24069.9917193078,0.858006228,-0.6208972492,0.6967923841,-6527.6763902633,-20093.9947961958,2048.5641555046,-1544.0173506022,13588.6313288061,-15834.7202584123,-3636.9089017604,-3552.9936596717,-5942.4599845984,-384.7003131903,23.0759420643,-5777.3374350035,-3399.5523809321,31.6060137309,319.8338115706,75.4265956673,-0.3467714634,1437.4511532875,-4122.4550125479,-2495.046238904,8087.48473853,7958.2184273977,-11535.9710472611,-2940.0956875643,-1127.6345210322,9784.67521567,-6812.1998990107,21688.8551576141,-11415.2449914418,889.3557216676,-15120.3031659963,-8820.3844583342,-13113.6990241195,-2315.0945613909,-9898.4635561068,-1027.1276331859,3922.6927916284,-4.996297126,2017.7051824348,8945.9233247565,-0.7650020468,-263.1262510186,-0.3718180255,7007.8604737655,-513.0941200341,0.9773416915,0.1698501695,-36919.4488461633,2017.6266004629,0.57728289,-59.198357257,-3867.9119788059,0.617083995,-0.1080502617,2.8573970656,2.1167105307,-9.7289228585,-21.0658671342,-0.1948258918,-0.2405380681,3979.1181071015,226.3210321071,34462.455418631,-0.2656130153,0.4661355751,3840.0603021809,-4396.4411055901,1442.4089520919,-0.2106779545,8437.1323308273,3.517289178,-11083.2668560429,-21458.7695631262,-5.174816444,-0.9889085471,0.4268357297,-608.1092357918,-27424.1970168993,-0.8976958282,1595.8496165577,1.739552038,10040.2411416392,-25695.3575038943,-2617.379539287,-397.6167476714,-1687.3967977341,-10072.445977338,-147.7357491471,4171.7841025649,-9453.0597369174,7372.4863653503,-9846.0302618997,-8624.9998622989,9626.6562719029,14065.1963401416,-14004.0072604026,-0.7118872869,0.7888167851,-2933.2338395443,3307.4900690119,-3617.4938128424,1767.3995715074,-1034.6560561615,0.8439624958,10047.3228172438,-20182.1649125273,-758.1156553978,-7121.9781377733,504.0562537631,350.5776382452,-11978.3649663736,18696.7399001336,-4335.0819190449,-3777.8942382517,-743.3996986379,-16097.7303955724,23.565119144,-2829.6351366179,5204.9957867223,0.6541096138,-123.0243753084,0.2462383814,-0.9043412637,23413.2533941677,-0.3731664398,1.1037432688,0.3286288201,-0.4230168114,-2839.9890685325,-1140.3975669724,-121.2777023329,2.3580253407,2216.0602187994,-12761.5157986778,-4003.4301720747,-0.4535142817,61.4790358725,-0.2304386137,-0.7243855993,-24478.6508924877,9357.0331920916,6.1725109005,-0.2274217888,0.5268507656,0.288760918,0.9058734655,0.0209307667,1399.3453316814,-3581.2406146906,0.6664613685,6142.8244069526,5167.6697520309,-14962.1652079258,0.2007244714,-3442.9920145361,4412.7715983259,7.3346084421,0.4387474094,1.0960496457,6501.3515402034,-0.2378795198,-0.2905284203,0.6504177771,11247.4902076019,-5553.1283454547,10360.226911014,12597.5700733676,2422.3580700327,-4662.7080923249,5959.2463795663,6075.1972270384,0.5476791844,13730.4958631225,-4047.7848617974,-1313.0534608037,-4110.8988390373,6444.3528067128,3251.102041165,-9588.7626076609,-1357.8057482199,-3236.7695332717,-1466.5776727478,1058.9538222958,-2432.3903428607,-3404.4071778988,18758.6545773958,244.6862126872,1018.2275709581,866.1524811235,10046.4656702931,-4220.5893885865,1000.0513726467,4435.8848060928,875.1068979528,5730.4430173793,-6021.9824421862,-0.1290230634,-16395.1212533522,-34865.4020847708,4481.4812498037,-1666.7553240805,0.3570637439,35034.8127207779,-0.6187304911,-0.1434058291,-1.6539445246,-0.299241748,2.8797476379,0.8359779073,0.2984202726,-13256.0754488713,-4.1842375663,35036.2503646281,-3103.1852896141,-4063.9282626623,-1176.0026629896,-6199.9684198771,0.3228954203,-1.9947628813,795.1878281903,-0.0730633994,-1.6744766818,249.2539152786,-0.9666595766,-0.5560565543,6678.0443871922,827.7606014253,5985.9858205053,0.3209430535,1992.5493392782,-30726.7996345837,9020.9747130716,0.4671474037,4041.1759803701,0.4692326797,-0.2755190391,-33612.7490401438,-78.0624623129,0.8716678,901.4041699615,-6494.6092827521,-18213.6175524521,-0.6396000728,4721.6047552019,-0.7112451773,4601.6044749937,106.2051916202,4197.9899930187,362.360659554,932.789589447,-6135.8177778817,103.6521397419,2883.7409976674,21043.959239392,109.2391155744,-3944.9707482398,2361.4579144634,9.3390731638,-8547.9207689013,8085.9313356758,2270.5629254902,11606.0094976083,-10886.9983946141,-2091.6716788944,-32.204781672,-8.4478020702,-2752.9718257387,-0.7445964806,4911.391817334,-7689.0263893929,-1016.7056262663,-1603.2378416975,-4899.2310085126,4317.4026002755,-2294.2637606374,-19136.3606413024,-0.5708879949,39499.3276314132,3.8541166475,12698.8719601644,0.1986645872,0.4395824475,140.0738598923,-0.1193183157,3550.9076433184,1.2398591203,-0.3310041162,-29.0079416729,-31263.0264487477,0.3567331749,3205.5689812858,-0.5809451859,-0.2991798254,8606.8512906606,3550.4838152343,-2483.636725387,-720.5575549181,10338.4510142874,-1004.7391292004,0.4335977475,-2171.7686486779,30.819198334,-316.7347652029,31471.4225985655,-0.4393753308,-0.7069106278,-22.1526069326,-2594.5183499628,0.1911826334,13.4815548929,0.1333556004,9762.1513920541,519.2609294217,7412.1329011167,820.9112808318,0.0121358075,625.3067891407,1581.1600700566,33075.2819048655,-0.4884198131,-20082.7602578664,-8569.8304104094,-0.2465423645,-13639.8460076895,0.0302492427,0.1546777989,1.7855750718,5250.26867905,-1624.5644538579,1649.1209615486,9507.0673643368,-5953.1377757501,-2.0763621023,-1508.5378413732,16896.7704853213,2037.812625794,-5544.7877285333,1237.6287379888,3331.2171172379,-8153.6541199432,3264.649081971,-564.5509684915,-3502.2212185438,353.4108151993,-7099.9140607107,10309.469506383,-10129.7710397325,-7748.9139923985,-3.2046936744,-1014.071235777,4646.8146573559,-11891.1091649133,-7966.8663699788,-52.8962282718,2853.4782826294,-1854.2242765222,5258.4145964751,4092.2786634895,4221.206289374,-0.6208355907,2264.0399632605,5011.0086719342,-0.4027938797,0.7366336837,6545.9865845498,84.4532257277,-3342.2741974516,-6681.4771007637,-0.004151204,-0.4883270109,0.7433124438,-0.4644561777,-3272.2867335165,0.0612136197,0.0667257895,0.3146183355,-3342.0876718268,-0.0487021683,12254.1334346438,0.6741483834,-5.6636195492,0.4086968851,-12962.3202681082,-10008.8167985871,-0.2605271187,-0.4241771893,0.3109949672,-0.2627126601,-6443.6761021107,-3119.3983943256,-4290.7870071338,0.8690087072,-0.0092813463,-4354.928825273,-1.266599945,27889.5300460514,-970.514507564,-4830.6011401183,-0.9842654842,-0.6150687932,0.668842521,0.4023405323,0.7690492374,0.921311638,1.061477773,1177.3271652237,-1.2775572844,-17068.2633085488,45.213906883,7519.0487901391,9747.0889428972,-4544.7104911028,-7501.410844131,-5916.5793098572,1435.6589435208,0.5267810573,1013.056352123,-9203.6449594731,-1755.1608817139,8216.4259389074,336.9039561871,15056.1318540754,10425.9076299585,6559.783219895,3132.6940574188,-3615.6689739688,127.9657601498,0.0695711052,-9.7077740696,-210.1700503111,-2408.2266669849,17647.0543845744,-16773.9793678282,-5558.0820781522,-1448.8160286977,573.5671557235,-16670.8400686691,1.6925906108,0.0735037976,-11680.4168497466,3816.8584526438,757.967970648,-3918.3648547802,-3275.8823537718,-2610.2522730928,-506.3306087902,-2.9962656412,0.1667412752,0.8920366521,10780.7897257994,-0.7619523888,-25007.6811075241,-5716.0176569407,36.75759815,0.7177311058,-0.0994440985,-0.3457905551,0.2715213171,-0.0300657744,-0.3638001402,-18387.2429952744,6476.9572134645,91.9789106888,-2205.1094055987,41.4231923816,0.8067394397,0.1829994406,0.0419540952,-2207.8172403871,1383.8528661417,-0.3415185915,4325.8218872873,0.059685668,6782.293090241,0.4622302808,6772.4111890496,-1973.6245282308,-6103.2269093207,-0.2465421356,-502.4423791847,6901.7666970867,-19.5722649984,-287.2235556672,-2205.2135187539,-5156.9565945648,22.3928652167,0.1253521037,-12060.873464612,-0.1449890373,3231.6746916143,1.0997125087,7593.6010807416,8426.5836259012,-2066.7931489626,7857.279409567,-6503.2916756083,-18953.3975133376,1348.0190827219,7828.6860284787,626.1313661287,9747.8443638137,6865.954013999,0.4521688044,6018.9843248929,2164.2879427123,-12600.2665035628,66.0325020277,3087.3655749475,-86.0342951758,90.8441682495,-2817.0665030255,-5034.283997753,-7752.7467244237,-829.2365846283,-5108.9152347162,1.6202480583,-1.7438318495,3573.4473226233,1.1711287454,10052.7042663372,3549.4461211996,620.5578938548,1618.6838634969,1.5096086167,2.3362243727,294.1061925401,-0.8376610225,0.4022001104,0.4632200492,-0.0003593376,-0.2547624405,8.911115771,0.8558252808,-17790.2740061885,-0.0742564912,5058.3985254704,0.2083721577,-0.5381829848,-0.7143363797,4301.8437884237,0.40524674,8968.8358841583,-39291.3421126294,-1746.6598845814,-0.5798234625,-24508.467363006,-0.6917659034,0.1659561965,-0.7307601601,-58.3186399255,-16820.0975578122,-0.6604746097,0.7702877331,-2249.1044831574,44.0587831652,-7898.287813977,-0.1783832671,21305.0170337989,2061.4413535591,-1375.7397608597,-0.4948853579,0.9334730966,225.4858984176,0.3928680981,-1492.7204073609,-3326.7923544021,-1919.45764599,1099.8999345975,-0.334359929,-9723.7249429744,-0.1374725072,3780.4597294747,-0.1211352222,839.4151581847,-8331.7789482427,271.9524498422,3156.2309847701,19563.4828150658,-86.0371476786,1148.8936363547,-733.9044078655,8699.8675224628,-7493.8226611504,-238.9920643497,5949.8063533223,4425.0593990611,4792.8690256975,1931.6774667336,-8193.9735514186,7518.8060249137,-5517.7694756839,7013.6857185396,-6958.4323659548,1788.3141265003,-6737.7949539535,-4928.664162007,-1826.2721516653,10780.3740957909,-435.9607655916,3662.9989915216,-8629.0183141071,-7283.2037078678,3759.1674128226,-1894.4497520653,-22229.9079496162,15654.946157496,-71.2468706895,-11145.5446910007,-0.6507531314,-6.4477971031,4756.5452627259,2872.3890952325,5.954274599,0.3682541041,-0.3507095007,-15507.2844718469,-0.1413875996,-1343.4800208815,-643.4681540321,0.6208376752,0.4750314468,18205.4170854274,5.5541345854,-4111.4085727495,-486.0537608855,23723.8417454454,4341.3199305676,47.1576127039,16676.2896184008,3537.5055703371,-0.512423281,-107.0810391274,0.6738174587,5847.1932368079,-564.1376000484,-2229.3724446849,0.5317058668,-0.1718408919,0.5262456501,4461.6721673146,-990.2213370348,-2.5474036233,-6.1741671437,-23667.3387555981,875.278723638,-21218.3153124039,25438.0303849371,0.0255201709,0.5110644929,-3789.1374932155,2207.1354709241,-795.4189717305,725.2476843288,4553.1982089822,1.0886408926,14203.6323286078,404.9139325529,454.8404267856,-1388.3485532828,-4222.5296772854,752.1823902857,-7179.1613105092,-237.2007129519,1335.2092392206,-11019.6472534541,-1996.1451569448,1913.1160838362,4695.5531556067,-1016.7228536849,-7921.3432764633,15239.7613550209,-7395.33957223,-1995.7092837787,0.0378099501,1535.9361126314,9373.2662537995,7141.5934789638,2876.47241105,9223.5910069928,5270.7648799445,-1380.0002975623,-3651.6596738236,-7.9503783325,1258.8738721843,-560.4260867293,-87.4429785128,666.0101421578,1.4957055086,1422.131150477,8318.9891648549,-8483.1863750193,-5612.4311480824,6342.0135728272,11221.0662163456,0.1170838825,-3.9987420495,0.0964820266,0.7181937226,-7041.248946593,0.2956014527,-0.5788946977,0.6850965317,4746.6649013607,-3901.1752338839,-0.8092786047,-8.6061483242,29474.0810399191,-18721.0238900989,0.1161928776,-9547.8331367002,3051.9014261145,-169.1578767053,-25631.1270531505,1.6083616152,-16.5038566914,-2.2639979852,0.2624075801,-0.0624275124,0.0822068476,-220.8762309756,-0.6076742407,19894.1158004136
   -0.6801225786,412.5342806721,157.6865646232,-4158.3989676533,0.779601385,231.061497373,0.6874404815,5013.716628485,-5446.1257711218,-3284.74087465,-3200.8272302627,87.5306532186,0.4751279937,16.7777581028,-0.2303300953,8812.842767847,7122.2060648227,2518.2051971836,-1826.8871134425,-5276.5788322379,15032.3058323379,1338.8220227866,-233.2119377099,1894.7285170796,-2808.7557689532,-1927.5765181131,4267.7388422865,-14374.428538054,-2682.8886030821,640.9904939594,5057.7208055286,-4219.2362974971,-4222.0646787255,-5240.7262341798,-805.7962143676,5134.8797254331,1137.7658326953,-2973.518759956,5599.901725686,-14804.5017029819,-0.380038989,-3593.7975463282,-5505.1675320225,-625.9443971464,6838.6021278301,2426.339602824
##end
biasActivation=0,1,1
[BASIC:ACTIVATION]
"org.encog.engine.network.activation.ActivationLinear"
"org.encog.engine.network.activation.ActivationLOG"
"org.encog.engine.network.activation.ActivationLOG"
