encog,BasicNetwork,java,3.3.0,1,1425324086608
[BASIC]
[BASIC:PARAMS]
[BASIC:NETWORK]
beginTraining=0
connectionLimit=0
contextTargetOffset=0,134,0
contextTargetSize=0,32,0
endTraining=2
hasContext=t
inputCount=50
layerCounts=50,33,83
layerFeedCounts=50,32,50
layerContextCount=0,0,32
layerIndex=0,50,83
output=-0.0065698782,-0.2156113429,0.4748824333,-0.2260623298,0.5937398556,-0.1629232592,0.3498017988,-0.1726844779,-0.2731633232,0.1522499818,0.0000771016,0.3579587945,0.4322489925,-0.3925088209,0.3949990262,-0.0000220337,0.4069206375,0.0101351416,-0.3539788975,0.2130701257,-0.309731168,0.2651005711,0.4709575322,0.1916051494,0.6111252959,0.1648652817,0.1619091747,0.3590545919,0.2778066215,0.3436414537,0.3239966334,0.2998382571,0.3438788701,0.2331487359,0.000465669,-0.544275175,0.2061110353,-0.380815912,0.0092536842,0.0305075216,0.3177187664,-0.0329587029,0.1426792654,0.1717663348,0.3419866527,-0.3349681147,0.4995885278,0.1994408585,0.0047563477,-0.0409459287,7.9506145652,-10.4474813125,-8.9758642164,9.9431979398,-9.6188848568,-8.2535696693,9.269890352,8.7153361651,-9.8201645687,8.2105333018,9.0880875697,9.8013536057,9.5675799399,-7.2390964647,-7.694723361,9.389889308,-10.8708281485,8.1730689556,8.8348589236,11.0141549033,8.6841127447,10.3055032024,-8.5944611863,-9.5463335265,8.7309255698,-9.1778681705,9.2586246226,9.3662405976,-9.6414688044,-10.4633183063,8.8234886265,-10.3829269469,1,0,0,1,0,0,0,0,0,0,0,0,0,0,0,0,0,0,0,0,0,0,0,0,0,1,0,0,1,0,0,0,0,0,1,0,0,0,0,0,0,0,0,0,0,0,0,0,0,0,1,1,-0.0065698782,-0.2156113429,0.4748824333,-0.2260623298,0.5937398556,-0.1629232592,0.3498017988,-0.1726844779,-0.2731633232,0.1522499818,0.0000771016,0.3579587945,0.4322489925,-0.3925088209,0.3949990262,-0.0000220337,0.4069206375,0.0101351416,-0.3539788975,0.2130701257,-0.309731168,0.2651005711,0.4709575322,0.1916051494,0.6111252959,0.1648652817,0.1619091747,0.3590545919,0.2778066215,0.3436414537,0.3239966334,0.2998382571
outputCount=50
weightIndex=0,1650,4306
weights=##0
##double#4306
   0.0010808612,-0.0008446686,-0.0036046179,0.0032640756,-0.0036676784,0.0006988878,-0.0005564773,-0.0027980099,0.0031903497,-0.0047254649,-0.001818183,-0.0025364935,-0.0037695883,0.0006675134,0.0006612664,-0.0012709051,0.0014748526,-0.0025866355,-0.0006312931,0.0011502072,-0.0002691528,-0.0045289847,0.0009749185,0.0013899585,-0.0023184069,0.0028139371,0.0044941334,0.0046706886,-0.0028287327,-0.0013345309,0.0045131978,-0.000044064,0.0606048826,0.0117318732,0.0020017281,-0.0008003586,-0.0010407083,0.0153735743,-0.0003908972,0.007995613,-0.0043543772,0.010505597,0.0051253634,-0.007000551,-0.0070761044,0.0075021668,0.0044576394,-0.0071903906,-0.0022421136,0.0102668019,0.0007196544,-0.0059194701,0.0016241737,-0.0059168802,-0.0005342258,-0.0020728507,-0.0058430336,0.0113593165,0.0018765137,-0.0037017599,0.0004215175,0.0015099533,0.0069866539,0.0033037327,0.0024117543,0.0993024261,0.0018079288,-0.0040695755,-0.0036355683,-0.0048951315,-0.0131030285,-0.0042007433,-0.0089464705,-0.0027963507,-0.0008435616,-0.0003997823,-0.0002521333,-0.0019117566,0.0017223818,0.0086731021,0.0016133294,-0.0001315704,0.013211345,0.0007596574,-0.0035855557,0.0107542773,-0.0025233934,0.0023782536,-0.0044171606,-0.0020406179,0.0046635761,0.0045021717,0.0004000428,0.0041474947,-0.0010765851,-0.0143127963,0.0075648909,-0.0071339342,0.104304934,-0.0036461903,0.0042066904,0.0036389577,-0.004378609,-0.0047651389,-0.0017577123,0.000511618,-0.000624293,0.0073138242,0.0047078704,0.0046388034,-0.004575496,-0.005312853,0.0005307192,-0.0008146495,-0.0017245936,-0.0020627049,-0.000044494,0.0017620941,0.0031246006,0.0002146392,-0.0022691922,-0.0026798915,-0.001674583,-0.0030420628,0.0039203765,0.0017888082,-0.0080093319,-0.000615989,-0.0001001115,-0.0076371311,0.0057665607,0.1156175629,0.003654985,0.0017715551,-0.0137532687,0.0031923079,0.0029697924,0.0029451918,0.0048329902,-0.0028275948,-0.0008274368,-0.0006311385,-0.0017386847,-0.0005272995,0.0007681839,0.0003352401,-0.0036138541,0.0026890953,-0.0047476547,0.0053478851,-0.0047532781,0.0101188088,0.0114291653,0.010032907,0.0015984789,-0.000582623,0.0007712888,-0.0024333689,0.002937889,-0.002659872,0.0030047739,0.0042291066,0.012421227,0.0024838744,0.0195732953,-0.0044466222,-0.0029795477,0.0047027072,0.0083742011,0.0036548431,-0.0028629139,0.0026544455,-0.0059168515,-0.0123123008,-0.0085833114,0.0052303814,0.0032926227,0.0028679245,-0.0023525278,-0.0009179568,-0.0072804843,0.0042827073,0.0060465986,-0.0001057638,-0.0053700107,-0.0063030442,-0.0053940266,0.0032613062,-0.0002543987,-0.0026568803,0.0019921376,0.0021131868,0.0018997227,0.0075199491,0.0057114854,-0.00203981,0.0058273303,0.1333542387,0.0046096077,-0.007661211,0.0050951043,-0.0032186151,-0.0070536397,0.0040934775,-0.0052283031,-0.0084045847,0.000197057,0.0066848041,0.0147482444,-0.0045608888,-0.0061334743,-0.001177212,0.0016978943,-0.0003364699,-0.000638214,0.0075865848,0.0003782248,0.0066208978,-0.0020225073,0.0046402797,0.0000403675,-0.0060409429,-0.0020106371,-0.0010401076,-0.0033919662,-0.0001149126,-0.0004265695,-0.0052514921,-0.0018472261,-0.0024869537,0.0617233323,-0.0004358345,0.0037807726,-0.0050577146,-0.0031447087,0.011660418,-0.0011999452,-0.0108856974,-0.0056955229,-0.0000242057,-0.0024288836,0.0012261969,0.0082586451,-0.0057531669,-0.0063603055,0.0062070574,0.005267708,-0.0002281905,-0.0052835517,-0.0041260732,-0.0012929904,0.0005925309,0.008145622,-0.0039958071,0.0005140798,-0.0085540446,-0.0049957875,0.0053851019,-0.0028727251,-0.0061179347,0.0053822769,0.001942383,0.0091344579,0.097658358,-0.0051323101,-0.0021910585,-0.0036587997,-0.0072372398,0.0111502371,-0.0018128382,-0.001657611,0.0041750557,0.0033859932,0.0013082894,0.0046578803,0.0054328099,-0.005519606,-0.0013434308,0.0094408616,0.0019104125,0.0032043297,-0.001463747,-0.0000179217,-0.002527023,-0.0018667626,-0.0027336012,0.0018314919,0.0056967886,-0.0036816764,-0.0024086573,0.0012196001,-0.0031870236,0.0038809562,0.0011971058,-0.0017797082,-0.0070558452,0.090138099,-0.0039907462,-0.0020853816,0.0012420845,-0.0008806718,-0.002959545,-0.0067377526,0.001659105,0.0048893198,0.0028479865,-0.0033393179,-0.003025585,-0.0042712855,-0.0003994341,-0.0016462567,0.0000416855,0.0042147296,-0.0161580669,-0.0004182717,0.004021259,0.0016996886,0.0090445406,0.0012050727,0.0109403108,0.0036103795,0.000597918,0.007555069,-0.0005113174,-0.0104538249,0.0061984963,-0.0091047691,0.0010025613,0.0075289979,0.129061118,0.0000011422,0.0000024237,-0.0000006622,0.0000000878,-0.0000022342,0.0000009691,0.0000000014,0.0000005192,0.000000671,-0.0000001051,0.0000010238,-0.0000012235,0.0000013818,-0.0000011017,0.0000003636,0.000000691,0.0000007874,0.0000003697,0.0000008149,0.0000002901,-0.0000012631,-0.0000002621,-0.0000004159,-0.0000013827,-0.0000005759,-0.0000005372,-0.0000001953,-0.0000015821,-0.0000000418,-0.0000003908,0.0000012029,-0.0000011261,0.0000357138,0.0022010639,-0.0043643102,-0.0020292519,-0.0035360942,-0.0019951115,0.0027484217,-0.0053685628,0.0036252104,-0.0067194403,0.0000310964,0.0085122377,-0.0087330752,0.0001263708,0.0023269895,0.0051240793,-0.0012978448,0.0013272481,0.0017438716,0.000117122,-0.0002264441,0.0054907532,0.0010325623,0.0005975812,-0.0034873704,0.0053414006,-0.0065184954,-0.0020529681,0.0056293455,-0.0017860875,-0.0014326858,-0.0024116788,-0.0010808592,0.0955413424,-0.0015978353,-0.0059863461,0.0005104906,-0.0013701028,0.0039608562,-0.0037695189,-0.0066033252,0.0045581226,0.0021533019,0.0050874731,0.0085193286,0.0000893163,-0.0004126396,-0.0003431559,0.0056381582,-0.00394483,-0.0011181351,0.0156264015,0.0011235125,-0.001677924,0.0049820705,-0.004167673,-0.0014829527,0.0028556567,-0.0028561483,-0.0125429151,-0.0058954245,0.0014866122,-0.002911188,-0.0037155062,-0.0025393522,-0.0123491756,0.0726588463,0.005020361,-0.0020593961,0.0101604121,-0.0085080987,-0.0031715028,-0.0044381988,0.0062528262,0.0023286358,0.0023577372,-0.0088024776,-0.0094637216,-0.0072981668,-0.0065224364,0.0052872098,-0.0013860938,-0.0029008214,-0.007128302,-0.0031458207,-0.0046422221,-0.0068886166,-0.0008164386,-0.0019401512,-0.0051688617,0.001628531,0.0035460159,0.0020861777,0.0043307762,-0.0071539656,-0.0038683506,0.0095755868,-0.0064663262,-0.0035232943,0.1084565387,0.0025079071,-0.0073496716,-0.0090832351,-0.0019899692,0.0023856775,0.0005976122,0.0018725246,0.0214877155,0.0007866244,0.0018961215,-0.0041059424,0.0048025735,0.0053747368,-0.0056653861,0.0007491819,0.0056895031,-0.0042664244,0.0038267256,-0.0153513161,0.0058328479,-0.0115159617,-0.0080529844,0.0033958398,-0.0025941873,0.0017670375,0.0036252331,-0.0052705467,0.0043613427,0.0021846343,-0.0033873275,-0.007605876,0.0015200024,0.1775346333,-0.0000009214,0.0000006921,0.0000000609,-0.0000006529,-0.000001077,-0.000000072,-0.0000018641,-0.0000007454,0.0000000004,-0.0000003255,0.0000004,-0.0000007931,0.0000009994,0.0000002983,-0.0000001588,0.0000016089,0.0000001093,0.0000004548,-0.000001366,0.0000018808,-0.0000003818,-0.0000003554,0.0000009756,-0.0000000648,-0.0000006935,-0.0000010185,-0.000001234,-0.0000017628,0.000000606,-0.0000017527,0.0000004315,-0.0000011418,-0.0000044779,-0.0048081012,0.0014168615,0.0031501204,0.0001402089,0.0082301157,-0.0012354793,-0.0034500404,-0.0026673686,0.0023479984,0.0063192399,-0.0044684074,-0.0002283222,0.0189159085,-0.0054500809,0.006263777,-0.0009798652,0.0074822964,0.0075031689,0.0209064432,-0.0038724371,0.0059491749,0.0028640243,-0.0027748318,0.0040831889,-0.0038230155,0.00903846,-0.0049435223,0.0024837806,-0.0135443488,-0.0050104686,0.0009276312,-0.0015555343,0.2054168349,0.0051084659,-0.0015412844,0.0009714786,-0.0012903274,0.0063580265,0.0062274898,0.0099198913,-0.0024237929,0.000194449,-0.0009794372,-0.0028122963,0.0021923648,-0.0027767603,-0.0016378551,-0.0036493003,-0.0103841308,0.0066172322,0.0009316125,0.0015374085,0.0018221607,0.0038953011,-0.0028468263,-0.0052551599,0.0024321454,0.0021508891,-0.0047242044,0.0011978967,0.003150294,0.0094159198,0.0007495444,0.0051986553,0.0043917388,0.1147002949,-0.0053224511,-0.0017809928,-0.003665925,-0.0073919306,0.0115949641,-0.0032293597,-0.0023965946,0.0039290266,0.0032747369,0.0015034536,0.0031408384,0.0057137662,-0.0043881594,0.0005897177,0.0112022059,0.0029127257,0.0026055203,-0.0008845713,-0.0031649613,-0.0007696757,-0.0015806966,-0.0011505317,0.0029252902,0.0057855778,-0.0039594231,-0.0022115707,0.0018548736,-0.0046638027,0.0037783037,0.001290662,-0.0024682753,-0.0071401873,0.0398496989,0.0045716326,-0.0032982295,0.0096753042,0.006082463,-0.0045861848,0.0000248001,0.0013431304,0.0021102417,-0.0024611016,-0.0018276747,-0.0015557922,-0.0016753017,0.0010640907,0.0010110197,-0.0002532419,-0.0051718678,-0.0023705077,0.0042819033,0.0032706328,0.0024029015,-0.0008065931,0.00102614,-0.0048014684,0.0085861253,-0.0059553947,-0.0045836802,0.0024306123,-0.0036384683,-0.0050435374,0.0048275628,-0.0043418393,-0.0078537818,0.0601831343,0.0062847171,0.0053775278,0.0042124304,-0.000295944,0.0087494894,-0.0028727913,-0.0037409119,-0.0006789216,0.0051463841,-0.0087425611,0.0012070631,-0.0036885489,-0.0000603827,-0.0044879247,-0.0041639229,0.0045815142,0.0063690729,-0.0002757256,-0.0047095803,-0.0109528961,0.0021682437,0.0059317385,-0.00149172,-0.0013672034,-0.0019037874,0.0008265091,-0.0010519422,0.00530288,0.0029450529,0.0078589262,-0.0017665256,0.0007286981,0.1247734842,-0.0019126313,-0.0006761334,0.0019115276,-0.0002425232,-0.0076502004,0.0057773139,-0.0027396206,0.0017588402,0.0013117266,-0.0031696832,-0.002087887,0.0012065256,-0.000374073,-0.0020705762,-0.0043641943,0.0044684925,0.002478593,0.0030141762,0.0072729113,-0.0013129661,-0.0019953735,-0.0010495577,-0.0004496882,0.0000318352,0.0041477855,-0.0067264259,0.0041780975,0.0008297046,0.0015937772,-0.0003115022,0.0018101834,0.0016592335,0.0821403115,-0.0018063853,-0.0031565001,-0.0009948377,0.0010822318,-0.0035480249,-0.005000007,0.0020025801,0.0000983546,-0.0023336136,-0.0063729971,-0.002902497,0.0056634704,0.0006591999,-0.004766199,0.0045560688,-0.0016507549,-0.0102851288,0.006134517,0.0058247142,-0.0004600127,-0.0031467143,0.0045982731,0.008462442,-0.0031130716,0.0045833671,-0.0049080335,-0.0015887975,0.0069845187,0.0022509734,-0.0018898191,-0.0048433019,-0.000678649,0.0643180754,-0.0047186123,-0.0021230611,0.0026567959,-0.0015210356,0.0028381291,0.0086356177,0.003008524,0.0209756533,0.0026714172,-0.0105351831,0.0123685944,0.0004679058,-0.002478375,0.0054864951,0.0036769665,0.0041407604,0.0082839718,0.0058883533,-0.0004796948,-0.0040681945,-0.0008924021,-0.0007275323,0.0022479896,0.0054095625,0.0035401004,-0.0065086529,0.0040912436,0.0123863678,-0.0000807949,0.0065402583,0.0006449607,-0.0006275757,0.1704612265,0.0004562332,-0.0076793048,0.0010229319,-0.0100564501,-0.0151383312,-0.0005495744,-0.0177295491,0.0038732352,-0.0039433188,0.0038329477,-0.0006086209,0.0095903651,-0.0058067084,-0.0017230559,-0.0007906172,0.0026710932,0.0069339898,-0.0017980643,0.0028945899,0.0005804317,-0.0052828023,0.0093427843,-0.002911527,-0.0019176694,0.0058218208,-0.0092928359,0.0008905689,0.0038304191,0.0027503065,-0.0030068859,0.0060916307,-0.0009826884,0.185378431,-0.0026700781,-0.005585937,0.0059900371,0.0006358056,0.0013097956,-0.0004881468,-0.00117411,-0.0014780655,0.0018080373,0.0062161212,0.0035281107,-0.0007171804,0.0055061037,0.0007957827,-0.0008847173,0.0042105417,-0.0064208987,-0.0136606223,0.0019679429,-0.0017709932,0.0004694875,-0.001947975,0.0017107,0.0030203517,0.0039793639,0.0091449973,-0.0016156804,-0.0000998066,-0.0065736839,-0.0025739786,0.0090590098,0.0027772422,0.0831091889,-0.0027848877,-0.0042955896,0.0033736779,-0.0009699582,0.0045405226,-0.0041325208,0.0003332272,-0.0021902467,-0.0014938464,0.005558451,0.0002571498,-0.0004677671,0.0008577189,-0.001184407,-0.0014598059,0.0019537622,0.0022166797,-0.0069541014,0.0022832038,0.0017007543,0.0007408832,-0.0018064112,-0.0007483176,-0.001630475,0.0002143746,0.005432519,0.002611095,0.0040295882,-0.0031035906,0.0003448538,0.003103504,-0.001652109,0.0476792836,0.0013747334,0.0031873528,0.0048391296,0.0061538813,-0.0145281844,0.0003379319,-0.0008936035,-0.0001670474,0.0000493556,0.0135141495,-0.004630349,0.0018169422,-0.005905267,0.0017847604,-0.0018119555,0.0122543475,0.0097680769,0.0072637927,0.0031199753,0.0067521406,-0.0062402664,-0.0036990001,-0.0066240864,-0.0016276428,0.0048966023,-0.0030017219,-0.0003541993,0.0001315662,0.0026733126,0.0016112217,-0.0034927939,0.0081259955,0.1449609347,-0.003777875,0.0058239893,-0.0066034522,0.0088721674,-0.0064477931,-0.0048996708,0.0056678489,-0.0071762157,-0.0013309901,0.0010642398,0.0025430521,0.0008162248,0.0033468367,0.0037007038,-0.0039377005,-0.0045760208,-0.0063331511,-0.0016203458,0.0015805844,-0.0083257771,-0.0092713936,0.0006955648,0.0019086431,-0.0033083033,-0.0052268871,-0.0086964953,0.0009093101,0.0002350566,0.0010933512,-0.001425217,-0.0050702877,-0.0041249385,0.1162978851,0.0043924789,0.001475439,0.0049217968,0.0118199046,-0.0019569909,-0.0009854489,0.0105465542,-0.0074192176,0.0020429807,0.0051210153,0.0011136437,-0.0058827918,0.01277379,0.0000322634,-0.0098064945,-0.0111637066,-0.008404477,-0.0048028931,-0.0032182957,-0.0025541331,-0.0030104456,0.0040528794,0.0028323644,0.0193551043,-0.0025513025,-0.0071711715,0.007709261,-0.0078939116,0.0043218937,0.0004094611,0.0062032348,-0.0055528099,0.214190505,0.0092997219,0.0022691585,-0.01616574,0.0116505699,0.0004147755,-0.000307406,-0.0011330278,-0.0079985483,0.0047574818,-0.0053676107,-0.0075004563,-0.0008239552,-0.0049540395,0.0020745276,0.0019961624,0.0093749771,-0.000315246,0.0032504744,0.0081356199,0.006366556,0.0097262072,0.0002934689,0.0118308556,0.0039496643,-0.0069510379,0.0041540034,-0.0073124449,0.0072815177,-0.0089005626,-0.0040753378,-0.0073376236,0.0045517574,0.2130307167,0.0032664607,0.0030086768,0.0110607449,0.003077225,-0.0053520313,0.0065146883,0.0057198784,0.0013875519,0.0030142821,0.0087490936,0.0118265238,-0.0004144892,-0.0021678663,-0.0074316117,-0.0021051999,-0.0059539695,-0.000456666,0.0008610695,-0.0035045091,-0.0020466234,-0.0033049115,0.0114797297,0.0028271602,-0.0090862866,-0.0132776751,0.0055766084,-0.0025262115,0.0089456048,0.0026503892,0.0010924431,0.0057072015,-0.0016393,0.1379270337,-0.0005264506,-0.0025772769,-0.0157928324,0.0038267915,0.0032474565,0.0056357935,-0.0013694173,0.0006308339,-0.0055206992,0.0027868282,-0.0023991591,-0.0060732205,-0.000383113,-0.0010324558,-0.0029272667,0.003172198,-0.0072703823,0.0043598491,0.0050153092,0.0007887526,0.0053364816,0.0014923515,0.0014553853,0.0016750874,0.0051567653,0.0123764282,-0.0029363552,-0.0026652028,0.0015970245,-0.0032205234,-0.0036183547,-0.0009351468,0.0981410761,0.0065270504,0.0089666212,0.0048300536,0.0068803436,-0.0006583339,-0.0007592575,-0.0008925863,-0.0005338254,0.0017916084,0.0057554019,-0.0030544054,0.0072918274,-0.0048577138,0.0018888215,0.0000072484,0.0052847529,0.0001004432,0.0000746869,-0.0025820238,-0.0061893808,0.0015551318,0.0066893356,-0.0066873033,0.0062793993,-0.0089712158,0.0000610969,0.0067241623,0.0027640417,0.0010196288,-0.0107803345,0.0003343124,0.0018115299,0.1025406119,0.0000044612,-0.0000002977,-0.0000045498,0.0000031734,-0.0000076442,0.0000025968,0.0000056192,0.0000061168,0.0000027147,-0.0000023855,0.0000034402,-0.0000039468,0.0000025249,-0.0000035052,0.0000019489,-0.0000000018,0.0000022309,-0.0000025136,0.000006116,-0.0000032737,-0.0000014403,0.0000002728,-0.0000070259,-0.0000026863,0.0000015793,0.0000015717,0.0000018664,-0.0000004661,0.0000006347,0.0000018965,0.0000038303,-0.0000021431,0.000124468,0.000059888,0.0040411582,0.009406589,-0.0104719475,0.0025905432,0.0029391699,0.0030436562,-0.005198506,0.0049984055,-0.0063945076,-0.0060818226,0.0017087151,0.0031644044,-0.0015219941,-0.0022554739,-0.0022306916,0.0045435671,-0.0020871234,-0.0036139186,-0.0035820559,-0.0009882722,0.0052170381,0.0047269497,-0.0099560644,0.0042672065,0.0096858974,-0.0095692987,-0.0062465383,0.0016143435,0.0016126341,0.0082345121,-0.007316002,-0.0245003729,0.0024190916,0.002293236,0.0006994521,-0.0006792231,-0.0021530693,-0.0072278671,0.0046571935,0.0023011342,0.005158457,0.0066907945,0.0012593563,-0.0019667534,-0.0063177627,0.002180579,0.0016710141,0.0047020058,-0.0031608896,0.002846567,-0.0053640038,0.0077183443,-0.0007016845,-0.0034329181,-0.0061607663,-0.0088765981,-0.0025578735,-0.0012385546,0.0026931138,-0.0049050459,-0.0064111236,0.0053111192,-0.0029968064,0.0153120474,0.1484614826,-0.0032814837,0.002354289,0.0024371531,0.000897168,-0.0018988807,0.0033411816,0.0083820787,-0.0057767569,-0.0094208326,-0.0050196525,-0.0061634242,-0.0022803633,0.0120614946,0.0001803801,-0.0006683141,-0.0079921467,0.0057842342,0.0034631954,-0.0061369964,-0.0030751044,-0.0043705474,0.0006246139,0.0072195559,0.0040355292,-0.0005145401,0.0047953834,-0.000519839,-0.0112660288,-0.0067999914,0.0069037313,0.0006972363,-0.0047579597,0.0123670414,-0.0058845885,-0.0019707948,0.004907188,0.0029356978,-0.0028144963,0.0039822571,0.0044386984,-0.0023264178,-0.0007045515,-0.0108176471,0.0015635114,0.0038996554,-0.0052935227,0.0029543881,0.0034493848,-0.0048064985,-0.0032485656,-0.0122653738,0.0060920918,-0.0039083998,0.0081697738,-0.0039226361,0.0004736284,0.0004049556,0.0089645134,-0.0073424252,-0.0099049591,0.0021127338,0.0011145694,-0.0033313541,0.0006844804,0.0048864143,0.1868236943,-0.0010621667,0.0006393972,-0.006127945,0.0034694404,-0.0004982153,0.0024788627,0.0011034902,-0.0004652326,-0.0003924804,-0.0020322846,-0.0021694335,-0.0032263029,-0.0019382888,0.0012849314,-0.0030488139,0.0057337072,-0.0007365818,0.0007167568,0.0012147399,0.0053684441,0.0073781695,0.0028548587,0.004993683,-0.0001691931,-0.0032678472,0.0040175855,-0.0034723677,-0.0046261556,0.0029503493,-0.0004217603,0.0010027731,-0.0011177078,-0.011112121,-0.0024785554,-0.0035485787,-0.0034868633,0.0011277116,0.0043809078,0.0015917528,-0.0012648373,0.0045539162,-0.0034486001,-0.0004877096,-0.0014439476,0.0013829399,-0.0009057649,-0.0111062076,-0.0023063453,-0.0034112808,-0.007536452,0.0049198414,-0.0012908631,-0.000490151,-0.0045917179,0.0000365544,0.0021545038,-0.0023265477,0.0059866111,0.0036950323,0.0040118798,0.0003638972,0.0051762327,-0.0069836882,-0.0035298524,0.000689161,0.0841086904,0.0015516982,0.0040125872,-0.0018592724,0.0018269043,-0.0037435342,0.0027564029,-0.0022785169,0.0039966869,0.0001557267,-0.0074659193,0.0037237682,-0.0069133782,-0.0025320534,0.0006827149,0.0006778433,-0.0000606616,0.0061599408,-0.0099416367,-0.0029195497,0.0038163248,0.0032507151,-0.0097155802,0.0030332043,0.0030104699,0.0022384153,0.0009841279,0.0034280273,0.006960453,-0.0031721906,-0.0003866958,0.0014840012,0.0000458291,0.1704902202,0.006393623,0.0038586923,-0.0043665899,-0.0014255786,0.0045356098,0.0018404054,0.0034174237,0.0009131942,0.0032056449,0.0041438209,-0.0002735089,0.000855294,0.004286792,0.0008475775,-0.0019159856,-0.0061768713,0.0026786318,0.0010837202,-0.0017251639,0.0047751079,0.0026109238,0.002101789,0.0004668316,0.0022248367,0.0034952158,-0.0015576282,0.0041725098,0.0007163131,0.005100517,0.002175771,0.004096697,-0.0002694725,0.0329294946,-0.0072386762,-0.0039390335,-0.0106782561,-0.005189716,-0.0016432084,0.0070054312,-0.0029462189,0.0029245858,-0.0095186834,-0.0060576608,-0.0051636588,0.0013927949,0.0016818701,0.0026620609,-0.0007930871,-0.0048359693,-0.002499821,-0.0034698124,0.0015615471,0.001654851,0.001362126,-0.0078806819,-0.0039412367,-0.0049169672,0.0104347207,-0.0028720769,-0.0111281886,0.0095102506,0.0049508988,-0.0050697002,-0.0164721667,0.0024378639,0.2393507308,-0.0062510727,0.0014779339,0.0052572434,0.0068757624,0.0030343998,-0.0101748066,-0.0016556005,-0.0027257841,-0.0068175346,0.0032118684,0.0085625123,-0.0062033015,0.0094663933,-0.0087472861,-0.0054334381,-0.0066083251,0.0013698954,0.0015378444,0.0071638124,-0.0019601239,-0.0080231528,-0.0085278266,-0.0037510013,0.003144781,-0.0087088267,-0.0026225078,-0.0026051737,0.0066673262,-0.0011679433,0.0084528413,0.0058087208,-0.0069948688,0.2091789568,0.0032911272,0.0058699798,0.0010340548,-0.0035305848,-0.0061659664,-0.0083942643,0.0063763301,-0.0025550837,0.0137103415,-0.0055113871,-0.0103758913,-0.0085335621,-0.0067117346,0.0093688287,-0.0030512716,-0.0018149961,-0.0081385276,-0.0081562303,-0.0042763639,-0.0071977101,-0.0003000844,-0.004809892,-0.0014864212,-0.0074833418,-0.0059866694,0.0024120508,0.0079948081,-0.0011356526,0.0055607196,-0.0017232824,-0.0014012153,-0.0032156068,0.1513629397,-0.0051594416,0.0002980749,-0.0101295612,0.0030903074,0.0030402966,0.0004489273,0.0002451361,0.0025390262,-0.0055774233,-0.001464349,-0.0000781498,0.0022617951,-0.0051902331,-0.0074764209,-0.0030954292,0.0006182631,-0.0047625565,-0.0005833733,-0.0070521316,-0.0009386165,0.0008766767,-0.0016145983,-0.0094811991,-0.0028920892,0.0076049393,-0.0010859777,0.0056411425,-0.0039735333,-0.0043021055,-0.0005984954,0.0054972413,0.0006781621,0.0773153869,-0.0036745639,0.0080704746,-0.0021337767,-0.002063801,-0.000337753,-0.0006063997,0.0051986992,0.0013250489,-0.0056096131,0.000599345,-0.0021596353,0.0054951847,0.0003276323,-0.0040573692,-0.0005077231,0.0004683171,0.0010122118,0.0001770272,-0.0058818825,-0.0015159665,0.0070486096,0.0027508673,-0.0008183009,-0.0059631054,-0.0015512628,-0.0027340681,-0.0001594294,-0.0042461483,-0.0053017362,0.002045272,0.00721803,0.0028528295,0.0019094916,-0.0027416297,-0.0079345251,0.0044992808,-0.0089360696,-0.0042654122,0.0019954663,-0.0107069837,0.0014523405,-0.0050028167,0.0037718554,-0.0083433254,0.0009598334,0.0054732245,0.0018830776,-0.005030385,0.0060864565,0.0054360429,-0.0137695001,0.0039065929,0.0026337974,-0.0072903696,0.00222326,0.0008074924,-0.0001861849,-0.002805858,-0.0047143203,0.0097651931,-0.0051038595,-0.0037230141,0.0089383241,-0.0080937308,-0.0023211127,0.1838973601,-0.0001922123,0.0059265209,0.0060707381,0.0014615835,-0.0012130398,-0.0005164031,0.0001923637,-0.0050267825,-0.0093578018,0.0048065937,-0.0037121373,0.0080523163,-0.0002291853,0.0089802604,0.0034475757,0.004013862,0.0002748777,-0.0045779417,0.0038677956,-0.0022289709,0.0084860893,-0.0074326541,-0.0018061393,0.0107705514,0.0112744813,0.007147402,-0.0048122877,-0.0054128363,0.0040585119,-0.0102419245,0.0067052687,0.0055059019,0.0814120844,11351.1498607361,-0.3154828537,0.8609564401,43.3891869399,0.2545947305,41.0791059764,-0.6649718673,-0.3672391056,-38.248160914,0.1970939915,-0.6213412568,735.7538714602,0.4686173043,5.8290183683,0.148294989,0.1465595023,-0.6283538224,2.0335226773,-38.5692293255,-10035.5566614146,11774.8958717776,-0.2761770094,-6302.7014851906,22726.1489733154,0.2594401679,0.514271515,-5272.1646556068,0.3591648613,-0.1005694244,-0.0848872688,-1.3937792197,-0.2755669023,-2563.1765972648,0.6029483491,-0.2558024833,-4749.3686257375,-0.5321934941,3004.0104120593,0.5606791387,-775.2049334811,3.486437064,33997.6584033757,6100.3909885508,-1.0752686228,113.1600999911,9.6289470877,-0.4105907934,-5.5012870507,-11594.8795525987,-3082.273615634,0.9707035896,-1996.0702519686,-2922.7981168819,12.0238363233,-6.8137864705,2223.0349273641,-826.6590168912,587.7362074481,-5.8257139439,-9162.4663294788,5501.4597385966,-1399.0950540841,-0.6693976175,-2718.4223305836,-6463.9158016618,-3332.6831396061,-3173.129118093,-9520.4082467726,-13203.136746329,-3006.6695253104,-71.05355173,-4823.7632118978,-2430.5022909654,-742.8458322523,2916.3400142216,-282.5317884667,5140.9768067069,2287.9888198113,10858.0619171233,12835.5093395256,-18857.3410737949,-2199.4132026761,32.1153881621,2.9766441508,-2136.2716977044,4911.9616140891,23700.9838748837,-0.9360502703,-0.2175098053,-3835.2825058785,1567.6769672323,-1362.0058499165,-182.2281334869,0.5387538887,-0.210839367,9082.2541468284,9597.4229894258,-3850.0742689002,0.2861492638,0.9891271271,-0.4971629278,-1361.8977672443,5805.3929566601,34393.2465410457,-7874.4872403265,-10747.1739722188,20.1262091983,-3407.8414020101,-2.0458139236,-2075.8770714576,-36514.4757217234,0.7124504377,-0.7385153117,-6405.172081949,-3.1798799934,-0.61406287,-0.2808747961,0.7524959002,-9870.1249595154,0.2421925936,1916.1726496229,-0.2480475933,-31541.8331770271,-0.5000535943,1.0024415027,0.0391125371,0.4447004689,1403.6195330408,3404.1318747273,2440.8906856286,7202.596046347,-1286.5997665386,0.1310065073,0.1174238474,-11014.0171125265,37.5066488705,8119.3784329043,-1471.104299984,1.0776997978,-5119.7560512101,4711.5702725679,-6892.1993415183,-1315.7625615587,-5390.5371985252,1482.8894262191,0.5666764356,12485.1120959269,757.2004427878,1328.6986330646,-1944.9625773856,3275.6217173252,-328.1246179258,-3736.8139720113,9776.8330756364,-0.4418311244,-7693.1581175843,453.4387333446,457.1089705733,-190.9901202244,8.1928560544,-5049.6632738796,-13532.8169076402,-3088.9347535743,2457.3056281004,-3392.1125584806,2145.0055505798,-125.8136572549,3565.1198766709,-3654.2635402798,1044.1128513991,-4571.7832346714,-0.9881050366,4915.9790776417,-4902.6832537183,-0.6649484159,-0.7363973125,0.1169515944,-1557.10316317,-0.5495196276,2922.645199285,-13647.9106544146,-0.1043783597,8517.5460330223,9.9975084587,-0.7301116454,7376.6562619692,-2473.7719230774,17831.1791727594,5.4979270153,0.2636233827,-0.0023869991,24513.7143251499,23395.7360299024,4699.1857073744,-38685.8787820549,0.0201469198,-0.3590315327,40.8216420205,0.4406239879,-14806.0165290938,0.279504835,7057.9429169067,-466.0109358577,23070.7539660342,-0.4327404744,-2290.6342238112,31.673100618,-5.5370905316,717.0308189406,-0.7738474738,-0.5433547208,-2957.184633397,-19.2035149187,-24197.7526341133,14074.0657043224,3185.9582825253,-0.5750622873,-1792.3668028449,2004.7692382735,3628.7354019015,-1.2801037121,-6770.3842008652,-711.0811922023,-128.4830837878,8249.7640938267,1099.3034351678,-842.3042932949,-4579.8972583404,-11066.8291295387,7048.0903155017,149.3252174053,618.2423619846,-1939.9371579082,-0.1944338063,-2463.6880153657,-7873.1622034374,79.4795510297,-241.7174646213,2.6162745859,-4109.7736566673,6057.8297966855,827.0356674271,9355.4118955481,1596.8601625979,-4706.7125595623,-15292.5509959557,8969.8931575691,7919.8869409759,-1.0859187711,16146.2108358983,-9084.0931258768,8659.4623254378,-14.7761474785,-226.6156524637,3.6761260785,-346.68943898,0.7062662033,-0.7844934905,-0.8209128072,-0.9014144433,861.7107443226,-8575.2161810747,200.1135133738,-1.4727697066,-0.9409691195,0.1636292066,-6476.0475415772,0.0919373178,-0.2694447104,263.2980916027,0.3344360652,-33852.7788589243,1955.0161989561,-2.2199759576,-0.0373314227,-0.4520674625,-3155.8619002784,-0.7685669142,3993.6747736526,-0.894634489,-716.007916109,0.2418313545,13320.1644213771,-0.1497289049,-10449.9080375454,-20.6171175166,159.8676731826,-0.4573243621,-2866.7845554995,0.2188712164,8755.5649343518,-581.9441387841,0.3865972225,-1.2416026154,823.9748832093,10983.6577593488,-3321.0295214249,0.1698645937,1.039761199,0.5206518617,16714.1825786847,-0.9291631371,6407.3334769094,-37.7097970787,-3831.9530150521,11230.7545628481,-770.5266842779,2.8318867131,1025.0591997434,2942.1799299405,-2957.9118038654,5724.9411652726,813.2324563956,-2578.5273584085,-13795.9906364114,1789.7937538486,8439.9570342073,-10195.7475987601,-3307.9539573332,-325.4277572172,-926.3767942016,1569.2490117898,-5306.492188939,-18991.1646608775,-385.9045049038,-301.8036375507,-4088.3316153576,-1200.1075941925,-7383.2527174068,12277.4471290668,1491.7683520234,1540.781511256,-1.8754667277,-3873.8211102399,-0.3025152118,-34147.1881289877,7.3757796209,-11410.6899000607,-4195.6632931224,-1141.9416568575,0.2940525057,-1121.4862273538,-0.2455888937,1478.3816829089,0.0694666372,13.9075354261,0.3062163316,0.8318377592,-2078.7503339307,-117.657372564,1.1127333847,1788.4367485036,424.8121442166,0.5506460408,0.6978957389,5488.8390496044,40.6389926531,424.1886172418,980.6868513562,-12347.0110721107,22007.8247241973,0.7638981045,-0.5680775096,5485.4057117894,-0.7168219111,-0.7555961379,-0.9350680094,395.3821288344,-43845.3765872286,-20.4398059335,2340.6698249477,13590.5501361248,0.4729649629,-0.3674603559,-0.3960588666,2850.4012742422,3.2523234351,2.1281001491,0.6349079358,-3405.611351383,236.7910723186,-1137.5194084249,0.330925378,-172.222054021,5.381356208,2549.0104446506,-193.3477329301,613.2062330618,2487.8841860924,-1358.7172851006,8709.3597929234,3552.3942665033,-1.272327769,2247.6988436646,2572.0068961032,-1088.1150051461,-203.9064469973,-7739.1126293873
   -2112.3160856424,-0.7365701769,-3729.1283387567,-1888.2632603194,4.0477555848,-2360.4546371178,2915.164569281,3587.8812134568,2703.8106964222,432.2959183457,441.0322793667,7268.9384792422,-633.9543697668,-3289.4804321572,5065.5905532771,-1009.0848844858,694.3372957565,-32.2483530861,-0.9452199903,-15735.6476791172,0.6901631239,189.0514879996,206.2319229705,-153.987575711,20.6062572759,-4992.1032210353,-0.0385792402,0.3541086633,8593.5128962843,6383.103679475,-1797.2639768747,-0.3731682801,0.1399107171,1770.9048412931,2.3289045998,-4990.9143153548,8936.1687391668,-3335.1825086672,3990.6042201176,12.9155625231,17.0105861118,-1916.0637264118,-0.8545762781,14425.754326956,5367.750525822,0.0000885347,-287.5335273609,-2729.6629375714,-1117.1511627388,-1306.0819315493,20880.1849936397,-0.5206389128,11062.9044658024,-0.1154613964,-3740.9703160514,608.7858458789,0.7594180649,-4.3806956914,1162.5196563005,-16899.5339892651,490.9928785039,-0.084577028,-0.353322279,-0.8345186837,-0.6946111559,0.0814091848,0.2583396882,0.9388828506,288.4648407111,-2.2254744862,-3934.2033208357,2159.0511232013,-604.7402362848,11227.054927092,-7921.8495742735,-1451.7068513188,16472.8623878562,-9024.6736624548,-12175.8510235058,-1780.571182061,-2362.8035814638,-1269.2005390341,-7614.2538577643,9110.6009266643,12157.7306238984,-1053.5462211844,-6881.218093201,-791.7895070391,-3812.9994285527,-8364.4734945885,-434.0540943114,5009.3008010326,19.3337046539,7398.48807217,-10153.2962520282,-2722.7671203218,-1996.0486027965,-3851.3483794515,6115.8909252451,1730.8918726426,-2055.622862047,-0.8349866919,-1.3163247892,-340.0464720788,1724.3222506099,-9849.5494550198,217.7238549484,0.6771529014,-6167.6983293149,-37.7838747121,-0.2606990731,6161.6781030411,1.2449168103,0.2239512696,-1188.024852506,-0.9561987883,5020.4794741273,287.7855920238,-6167.9310182927,-0.1807341317,1129.6432899817,0.8774658135,-25972.3438020345,0.5074459175,5.7343248922,1861.5207077468,673.9903507484,-2532.5993096725,0.4229704449,232.8417648001,-1.4607248073,-0.0303192307,1041.8363054537,254.3641900983,0.8278610207,1966.0260287881,-19312.2394851186,10.7962115191,-10.9149419867,-23.5126092886,-0.208854827,4.3222352447,4499.3347534384,-0.5584763006,0.8725974205,-93.4806678483,-0.1745376846,-1424.7257295276,0.3001418097,-0.0688537632,-0.2317667958,2126.9213192574,3079.1645070184,5117.7747237817,-76.8256971902,-1862.8841657287,-88.4767638848,1500.1123943362,3288.5066586098,6181.9960019478,-4913.4402451457,15392.1652414814,-4517.7543203574,4997.9742723862,1383.7940617359,-1.6000466151,1932.2446784619,-4975.0862413204,-3520.8771536448,868.4768428502,-1.723758028,1643.728617176,-3387.6524749484,1.68968843,3421.7238710535,9255.3674862496,-2278.5916253839,4459.8562877522,83.4656251561,-531.3405392888,-9708.3456074573,1190.2419902685,-1628.3833723154,-0.8010387708,95.8891557794,0.7102661141,-482.0286378964,12128.6214487045,0.0555660594,-1420.0267243722,-2129.7903347675,1.3181714633,8256.3573815845,-0.8386668138,-5881.5658440417,0.8672201528,3005.278102079,-966.4525810365,0.128147612,-1293.0663725188,8820.1780780131,0.6110582062,42363.4914952681,-6278.8410870016,1588.5575897316,5742.9243677407,-0.9371194376,1.3223856819,-7566.7812241426,-3150.5223468088,99.6624983071,-0.3458505935,335.0008987411,3539.3624196846,-842.0756218703,4096.3534808074,3840.7681505066,0.7460596774,1612.5747679604,0.0516939678,-3909.5400429488,0.3816167898,46679.5299130888,-3366.1897886389,0.8568742349,-5409.9960500212,0.7944439279,-968.9373428926,33.1525884911,-18963.8839481125,-14173.7266292098,259.2782683541,0.8220412402,0.2854244547,-2517.4845704844,-412.4563281801,1547.7549836977,-6038.8196582132,-5530.9509491641,-2061.6962965097,7004.6739670676,6664.6909731964,-1.3865682342,-32.5968864535,1870.4327472261,-12633.6994150041,-4904.3599649011,-4.4718873171,0.0863536973,1513.897426697,-2124.0553339688,1666.5549477978,-2055.4492828629,-1018.1848226236,1747.2558124453,-982.166902059,-5371.47249646,-13812.4442488752,-2379.1675957459,1.1234096923,3290.8860715686,364.1503244003,-1.1992426965,11479.4545574711,-3437.8592948848,4992.6144643979,17797.0622186748,3967.7543748963,2749.5873433615,1.3625535757,39963.2753356146,-0.2997879551,2657.7991387423,-0.6788487637,-6803.0983157527,4216.5754911365,-0.8818443644,30.9624320541,778.3605662674,-17071.6037633588,-18799.2312647062,0.2918694776,-416.7615759021,0.7447185479,-6803.8988650159,-5341.7641246217,1.1717452566,-1047.4679038272,3591.9224062323,0.1146369573,115.9035983743,-1.9065774311,-26026.8058006292,-6623.4195293521,-0.1560487835,11.0944739468,1762.56438356,3.7969217306,52.758683951,-7442.253750568,0.0120471565,3253.5071876613,0.0925956148,6533.0543728295,-0.9011638947,15386.8993904299,-2731.706536771,16107.3699111476,43308.2084376517,-2893.1039567654,0.7448013792,1.3370867994,-1.0023912096,5530.24375724,-24447.2971062175,-0.313851396,-0.161266326,9696.8066307741,16.3781667822,-6039.9375543478,4276.3202696408,-238.4178902323,-3612.8554502586,-8010.3024331359,-6210.1845253861,4629.90960889,-2101.7846029047,7.0169816233,10467.582554437,-8486.7459183828,-2479.9112552939,-12532.7262016393,6339.1084174654,2590.5577431756,15872.0634387605,3085.1520334368,-5924.6825919816,10261.7307995414,-5409.9293725396,-888.0756949664,3295.3122639699,-2204.8179179846,-2370.4616287501,5470.4340937811,10892.5940863003,-1992.4349564139,-5834.6523274867,7.9818661764,340.6812951972,19252.0693422921,7528.8314355415,2.213039842,26167.490693987,-12340.3883440243,-0.4664941407,-21262.7586527817,1006.8047175213,4932.6235660809,4102.6902113054,-0.1049692289,-1856.5918663497,-28369.4268527891,-4762.3447673876,0.6157963056,-0.0002068743,1023.0070846077,0.0655407863,4931.5811589974,-31227.8143135889,4692.0822842936,-0.7982159866,-3492.1391978613,0.8977867188,-1904.2940361151,0.1634878315,-104.8454057841,1.0432072699,-384.5621067041,-5216.5719938791,-1.3518375127,0.6290952301,-1.3313979363,9149.7222843587,-0.8812841516,11000.1004281754,-0.9350055768,12482.0126075426,3711.2546690528,-0.4943089751,2.4020008907,16603.460230722,0.458774197,-14.8125569902,-17379.3244970273,-0.0624217421,-4620.1918309452,-33016.2059025671,-0.8821909075,0.0131486354,-0.8039982946,185.9255167995,6389.3704621479,7843.8532962531,-4498.8478991599,-22.4564271994,3303.5368577764,2059.0810809029,9.6846470268,16521.8515555638,-295.7294998025,-1854.8043842594,-9976.4424254662,-11.5192704786,-9.4202580082,-3248.6596866727,-9739.7720954591,1911.5035023665,-2273.3798549747,0.9684743361,-11580.1914416001,-1279.3306510315,-437.2042456077,-606.0575363031,5249.7509532687,-5624.6325607774,-4205.096987875,-4543.0949388475,-5238.1426949288,-1888.3615239484,6735.3741627121,13975.2488865502,-10436.7084705423,-9154.571194903,10634.0125324266,40.1079929209,46.9511417897,-0.1253245685,-13342.9839270337,1651.8458884095,34.6773795468,-0.4432906559,1.3775052315,0.684818774,-11.1987099267,-0.086387514,3186.7856775154,-0.8994172977,0.805691146,1132.6750225129,-2047.1878836808,-0.2922477885,23963.3079622816,4435.2469812713,-4354.3420571362,-8335.5072112704,0.5004449705,-1728.8233211499,1813.2785938037,0.7931630429,30.735740734,-3155.6452158551,-0.4349784368,1.0008436519,-0.6905166525,1488.9293356957,-5255.3506607412,0.5044520413,-1156.7744468284,-0.7229621421,5357.6568720398,1454.2781290932,117.260333944,-0.4180131296,-1094.8207065461,-2682.1931901172,-0.7891712171,-0.0743307595,-41524.7082530638,0.3374384768,-15905.3739405221,4.0901704585,2748.4692486911,-1.0754950774,431.1784452554,61.0560001228,7702.2068385613,5376.3541239746,4151.7668960822,3465.6824128633,-3693.7129505158,-2.66587161,-10490.3291990127,0.6189824917,-4243.1350983387,-3824.5843379011,3601.0171196546,1779.9427139749,2149.4730035965,3633.4703864282,-2323.7616963695,0.9993949349,10118.0751674529,88.929502279,124.5929775848,7038.3511199088,3113.8753741067,-3408.4043214479,-3466.5259684426,-3632.3747843602,-5462.2804034565,7215.907626456,-6266.4939100117,-11810.7873651731,-3841.5248521205,-4853.1982397298,-9180.442688765,-23259.8189912941,4061.3825092402,0.8909597266,-3411.8640883756,0.3561926716,2767.7474953726,-6582.7356215496,2559.1405848036,12868.8319334241,-0.4100920131,0.3768817228,-4627.3773902035,13818.8466137955,1735.6491704944,0.7797248492,-474.4584737671,-8124.1910221268,2559.3698750723,-5463.002037253,-2831.5589918018,-69.6497780264,16784.0986689699,0.8011642189,-13.5111602182,6841.8692253705,24426.0657242218,-1.0443764985,6397.9355765073,-13838.2034217259,3631.4932627226,-127.0994889572,8087.6403080779,-0.8429903316,0.8894254983,13445.0995075641,-0.3526929041,-13162.5236744709,4027.6314051072,37938.0845859414,-500.5853982184,-3973.4080464546,-40827.3384975598,1545.9118982591,-5550.5438944342,1646.5235463604,-9839.8736311419,-8919.0472563625,5830.016125323,6392.9159513266,31.6724965753,10466.1784641712,-8461.2752085213,-6.2963369813,-2226.9671099075,-8251.2288706659,8826.8595658898,2472.9293275278,7937.9954553209,1803.8607341938,3289.2274877048,-3890.3446297779,4350.2036854456,2.6540222925,1567.8019372338,1260.5676901769,-4.5344615077,-4521.8779800432,-8416.6392973067,-1748.6709954636,159.6153680726,-328.7698984678,-4.2322227894,-11695.9262151881,-3944.8398886687,1625.1586634074,-28604.4985352921,-207.4246434084,5007.055877299,-2.979823907,-6830.4222872824,-3.2058347555,14372.6443460363,6834.6126609402,-8932.5075522776,-8652.0963699478,-2957.4495738868,-16127.068596307,-1261.5791335117,-0.8349797534,0.0455593144,14942.9204180462,0.2238985811,0.2071930954,0.7154448351,-356.3959030175,14.5429062839,0.7952679048,0.4988364809,0.4425565546,-13948.563372429,14942.8389870011,-0.5193043562,313.2704515552,4984.2516143469,-7574.7912720526,-0.0658323947,2.6632455417,33.8963918107,-1220.9210504236,1843.6921487113,-3682.900424727,-0.3352857897,0.4000160729,-0.5426922992,8856.557834011,-0.0609181961,-0.4521854863,5550.3648582501,-21388.345286084,-0.0710306503,0.920945782,-0.806672919,23248.8756821541,148.1294250907,-14333.1887403533,-1.1165182009,-1737.4490048546,86.4666412533,3522.619255962,7721.6342107031,-0.8229967786,4323.226425102,-0.3510093229,-431.1637463117,-7.2348924868,-3228.5521643413,9139.4764936523,-726.507018999,4.8343123814,887.3580195587,0.5797719859,-103.6313187699,1679.8941859454,-2835.2020069826,4336.7466637723,-8987.8347629026,422.7092012607,2.8549200368,-5740.329391188,4276.8439222334,4549.2234255369,-2621.3320284796,7855.3644076231,349.4947069652,-1156.030935283,-11429.8369149599,8223.4676398176,9710.6972981787,3278.3022887437,854.2174444918,10868.0683692086,-2955.4896902037,-5290.624254679,0.80816602,-778.1229448836,-0.5579906829,3.5830235107,-1967.3764935153,65.7072157331,11443.0365485729,-0.5144005326,-6678.9941746754,11365.1743605709,229.3986993352,0.9721159712,0.8053901957,-1.2974174245,38236.1344840631,4.2369095591,0.3013567498,0.2338227798,11217.5031123488,0.5615964743,230.4743846879,4073.9726000722,-12755.2383605682,-76.0343843151,-1.3955425211,0.6075777572,-0.4643948819,-1836.1912767058,-2.7419456104,0.2832014621,0.3858679886,-0.9127169554,-0.6693182267,-15297.552721901,0.5476852713,-93.8593345173,0.2044053098,-16054.5514965571,15700.8232910984,1222.5872032262,-5.1033093384,2933.4509041358,-5949.7333205508,-0.3751727417,2803.2486424895,-1.0038484822,9876.4537558016,0.590066474,874.3234789261,20336.1595171973,-0.886040911,-948.5034402485,27.8686531157,-993.5007711985,-955.7944575743,145.3411207504,4084.3519981452,-900.8878459272,7005.9217875923,-1925.6498033846,8799.9099712525,-3854.6746683836,17334.9637916198,-3926.3030234898,-5788.6007675355,-13293.1926695336,-5634.0202030339,8069.5406061955,693.2896842448,-104.3562273395,4418.8001335345,-20602.112656836,2813.1087843564,-8380.2603119487,-1474.2821405768,7571.125421659,-467.3240262407,2918.1791206978,2993.8793035957,-245.1178359547,-4495.4492024479,-19002.8426901132,8557.4603957701,8999.4780151624,2656.8094903899,-2542.3101151056,0.2514038301,0.8651148161,3264.103697605,3494.4850253651,-3335.9612175171,362.5310652234,-2110.993446879,-84.7222732583,-0.1705283637,0.9714920344,0.689941865,-0.9536000523,41.8877665963,640.1979325295,0.1034191978,-13.9078784584,-171.3691349006,-83.7538011759,-0.0776162924,-0.0052423202,-6918.3735445491,2668.4476421006,-0.8231095164,-1258.3063462712,80.658222995,7768.0190442451,3.2810681207,0.3805443878,0.5616216719,8.7850964838,0.5187389768,0.8264500599,-124.8980328772,0.2114459533,10245.0370711474,2233.2613103185,-233.4599341437,-0.3024207946,31738.145457674,-10195.8408541542,-2192.706750423,0.5501832372,-0.7969439077,0.1317433493,0.1494569656,-0.6423850373,7.9481018306,-217.1349009497,-150.4578446646,0.1558943466,-103.8054252623,-1201.3933597119,740.0927352285,-11843.4360616614,3673.0403587457,-5914.9888966964,223.3459403406,-3006.6044939745,-3966.8373095468,484.4295386028,10513.4362662358,3954.1833527551,6917.3118380328,39.2117252159,-32.3904627678,-10424.6823523701,5976.6985096505,-72.9781154698,-3032.3872567736,-76.8174291291,1291.4980903217,1847.4720633042,-0.2596478872,3031.3215810021,-3984.1087204073,-1773.5219474432,22730.8399624075,4163.8092851047,7549.7228880762,-7272.6025756023,4011.9019956629,-3045.1289855799,22528.175711625,1.1209220083,557.0747981102,2.0357314349,-0.3311109832,14616.1889121129,-10771.4959584605,-53.582448353,2863.2693320806,-0.9206154512,0.3999138716,-14301.1691038546,0.565186156,-974.2824854622,0.5691256035,0.9965133433,0.6294370655,1.1033349919,2863.0136968829,-369.7815012379,-1.8493880438,-0.4173625522,3059.2623035853,-0.6691973836,-0.4564205318,-14326.4735622977,-1828.4735153012,-2039.6094263315,3307.3181875378,0.9428753699,2513.2152119278,-0.0857326072,-0.4690858064,-6276.4035482246,-0.757563032,-5125.4977956778,835.6334953115,0.5966594728,-1.150756149,0.335045916,-11803.8387644376,-0.6901720681,0.0804761011,-1.0163822326,-0.0621850787,7000.7003636941,-14170.3051515976,1249.6985501099,-311.1808814507,2826.6876505825,-0.4556858049,1.3079931377,-9347.8125186176,19851.1635707073,-6697.8817395921,-126.1159837093,2743.7285337898,27.9541214468,5712.6230452858,6.0848241721,1368.3739637269,-4369.3489897624,1.3780914588,135.2712280324,3334.9759819395,-3369.8202352631,1087.0088576649,602.4638829283,738.0529994027,1808.2434561102,3459.6308032517,-903.901629001,-9589.0036365148,-6243.5220222853,8326.014867242,3907.4280698862,-9396.7601700644,3031.1524631302,-4658.2621010029,-5351.5742885121,-5396.7913291979,-2931.7144936648,-2953.9230808608,1432.8542151241,-10896.8209234259,-1835.7786786653,19201.6123836562,-7273.3003990235,0.4343516104,-33360.3839341623,-0.3366520434,1431.5497855276,3201.9382420423,0.4481766703,-0.5546117198,0.6152037083,6448.9729062999,-0.3578625608,0.3734880545,0.1705692526,-0.1546630026,1430.6559877571,10145.9495615643,-1208.3948242104,-0.4558285734,-1.035586435,0.8483290567,-1098.0915369661,-18.2087727753,0.0116905457,0.7643135573,-7847.6431540004,-10655.4454122913,-0.4864639988,0.3027537541,-5045.243897714,-46012.7619662443,0.4619559697,17256.4696467339,18627.5693084793,-0.957769924,2281.1845270519,0.9995926361,-0.3411057965,2749.4487156488,-22306.9185094296,-0.8786630688,0.228928824,1038.2044415506,-0.1587538355,45338.9046600813,3365.3004640337,-0.4179408934,0.3008043961,1961.2075748672,-36.945925737,-6404.7119843129,-6689.0404568481,12910.4729613733,12016.6745164588,-1.7886321988,-2880.5551371225,4696.6949974885,0.6971977616,-5113.5278928206,-2984.5165201069,7488.9697990562,-2827.2372155079,1447.8670657203,-5036.3747838702,-3473.6519330615,-285.0923769786,-9280.2096518178,-4475.8590201673,-811.643843546,9693.7323393024,2580.3037000047,-15119.512310641,-6551.4150935767,-655.468989772,-1468.7278243403,6680.6786517891,-1410.4923684379,-4764.2332118497,4955.2443134681,13178.3043717452,5190.6757734129,11775.7551218292,-14.5901247481,-199.7051904929,0.7141732417,-2.0541927414,-1450.2963022302,-4041.8803223367,0.1433220516,18803.5848278166,-0.0381287351,-1.9796103064,-0.4818182328,-2693.5920019954,5383.732031141,-0.9774454817,-12217.2273984773,0.380865822,-0.9312337408,-9993.1467558344,1976.5393780954,-0.1549298469,-33830.3899323576,-0.7695769936,-5602.2399822168,14813.0250077922,-970.1683048423,7411.4257252169,-1537.0659470855,0.4401024341,1.4376636395,32.9784334449,-0.9553778264,-0.4283437759,0.9305217973,28174.6075638125,-0.8973487571,17535.6529807703,1.5948619565,42706.6760948882,0.5678231951,-1.4787820051,0.0582655728,-4689.8372048261,0.5964893541,-0.2839274907,-0.2962887437,-2449.1402724007,-4.197131405,-7.699607693,-1.7738112734,-1717.7069944565,-157.6865999663,10716.1368223464,-8518.9935746075,4977.7377644435,6052.7027483683,2706.670781051,-207.1860793547,-1623.5988594611,568.3124018385,-301.196082575,2684.2525971859,-14414.466110986,9889.2139484922,3665.9135377152,-2005.4278194381,-11039.8920617824,14305.2156121899,-1150.1932164383,-3272.6786603799,-30.1488907016,-2714.3092471847,-3802.648516221,6251.6726544594,233.5993381869,4906.9489394584,1661.0682754862,-8540.9563427034,-6011.3966397193,11528.9181133153,63.4971145303,-3388.8448946393,1829.7167850912,8.7439718984,-207.8484231715,-0.1143890432,-2.1657517377,1498.7382685573,0.094803854,-1.2235659631,40216.5352587322,-1.1605732739,0.279188626,2230.8387427147,0.7846616383,0.920705933,-7441.9209518494,-0.2135399119,773.470248052,10290.3786263344,40217.1063172618,1308.4745248023,-792.7012940016,1325.4595400404,-5707.9624880401,233.7291012219,-698.7005493979,5991.8724133178,7931.275736547,1903.597972527,0.5792094519,408.8783635366,-3133.457041315,-1449.0090829059,-39.6729973157,-1978.7408728879,-0.0592833448,-995.1038274218,-1.3515344396,2.7023909268,0.2515080555,-12425.3832228919,-1190.5946930276,0.165406147,-0.0592363739,-15.0905497819,320.5586763563,-0.8543825475,-126.6223172419,1825.3898340655,1367.9801880445,12377.1088814675,-1.9133164509,927.1746921236,0.9325562038,-135.6724457186,-4344.834493211,0.4878064704,2227.409053542,-202.1440808872,-7139.6217642234,-1.9715312279,64.359867049,-6061.1652495499,-5377.9465542578,5583.7238905715,-4742.0199949077,-11139.2891704793,-405.3100043089,-9562.3011697379,-6456.6033443028,1345.5297254273,3078.9960630702,-3148.5373298093,-1901.3354169215,11242.9509772785,-2668.2262294116,1602.7430551246,-10663.8018415245,-2073.9225401678,-3444.8266787699,666.0883155197,-3324.4894830113,0.4393966661,3283.5269458941,23345.702624296,0.3663073562,34360.9831201265,-0.3609777356,21.480557294,2543.4766973676,965.9258696552,0.2338273567,-13.4510036344,1096.1625680315,-0.6959689403,2791.5609084949,-13496.2926236297,-2788.8886450012,1581.4501174636,-0.1058538894,-1.2022260241,-3916.9939992818,-14.7594814647,-5111.8024182115,-45926.2068611667,-11730.8917991752,0.4430662831,-1.1254154817,-4.3219788488,-0.755720334,-1.4389128115,-0.2893602408,6625.3594510676,1.0827554531,0.3790379123,-10483.2700884807,-437.8765619405,-31.0313075998,-0.4637968695,12477.4675990335,60.5187020368,-0.2363400351,-91.3215741499,-0.4862221538,-0.5909238485,32725.7355842949,604.5208045629,-0.2332901133,6572.9148617338,-3.972202244,0.2113038477,5012.4410783796,-32.5247105978,-0.0380687683,-0.377273248,-3758.9208267026,0.2596107053,7302.5660449541,-9.4730896165,-2479.877484344,-1374.3065864357,-125.4884261141,-7422.6126363008,-443.4545892335,-702.9885660708,6141.7096113788,-10.1346382115,2954.0772922871,-87.2357012111,-6714.437984189,-1121.7128408288,11026.6088872618,-4351.7579260855,3676.3608202037,3242.7180917534,-1543.9676640825,-1523.9924395536,246.2563828636,13367.7015909224,9147.1860655808,-11536.4744683445,3613.8177379238,12521.0985122451,10927.7310678916,5197.8465512044,-15142.4708849652,3134.2852414128,-17878.5926831186,3004.5807937763,-0.9748803161,3224.0235481403,0.2828822241,423.6263318508,-1.2965463607,-0.9695151349,0.9090301904,1.2316189932,0.5941150013,2199.291445948,4876.9099984689,4420.7506826384,-151.285208964,0.6999355929,1986.37463482,-0.7432994921,0.062595512,-1.4606160151,0.9947915892,-5870.9178043089,-5307.9306932737,0.365133514,-838.2854190705,4904.8836236768,7599.3051319104,-1.1232125009,-0.0194102191,-0.4552169359,-1275.0047761621,-6721.5866172586,-0.5785457429,-6484.4793349647,-0.5411280105,-9103.8651455693,0.8990234101,7.0993718618,-0.7556795003,-1.2395212253,-42515.3087788218,-0.3238547868,2.1464792768,340.9331050475,21403.0102275508,-0.0675665583,-0.7892948241,3.009133122,0.736872386,0.5980578273,-0.4425997221,-8745.707405623,1414.4406254945,3955.6897228395,-9868.4462498708,0.1995551293,-2812.7067892203,-13065.6731900503,-1232.6428068244,8284.528973142,-7048.1414994247,9466.1096764699,4307.1994071319,-12052.3580806595,39.9545055513,14036.9866485643,-5064.8553521975,-1315.8853838334,-12590.4850793973,246.3805488973,1.1027591178,9026.3216331519,1298.5169241273,-5615.0017593538,5930.392566264,-1509.847242373,24.1779196825,-2179.4445655284,8998.8214000202,3554.5238325454,6388.3654824302,-1766.9682611511,-10377.3398581882,-15.7489954129,14.7966488511,-6075.9365277948,39202.8826170039,-8528.1559671463,8390.9588017521,21503.8821365482,-3159.8457228542,0.3507668468,-0.0269422852,0.1173779518,-0.5283181752,-833.9768686769,8442.0953090465,-0.1878350525,0.4656355662,-0.7098858111,1935.1374839602,0.0775965438,0.3631494043,40795.2263782785,14.3524425368,4528.4845997702,-0.7357689498,-8.7730480618,-2094.5991946516,-3131.8349723733,25259.0315315908,0.2645181781,-1932.9550519638,-107.212006697,8064.706929049,-1388.4697875815,-11.9302703439,0.9633738547,6750.9725356204,1.4034244301,12800.187366516,0.1686582263,-0.1571392327,-214.3900538895,0.2948927969,694.8647864684,985.4201087814,-4.8462719627,-5002.7717942985,-16678.6703395278,-14404.3228897102,-867.9385651213,0.1559257827,-0.6542883593,-179.5661456601,1257.7456004782,-1800.3048596618,-18.8005101723,-16097.9111760454,926.8453400319,10673.355648251,118.6229244015,-3600.8020882563,5391.5680473963,1535.2866967445,-0.9592422905,-24.0470951398,-410.5167407116,3283.2767324085,-69.0180094667,4341.9668150113,-2453.8192821128,-882.7797932621,11785.0055217439,-19.0734669114,6279.4337813543,8594.1019642901,-954.1354584242,4885.0147829347,5608.4523815254,-7389.8979222553,4835.6218426037,7942.6987935834,-4518.0476298751,-2555.2845865664,456.587547887,-2415.2905354149,-2049.2153826792,-1392.1124647921,-9900.1421619135,1.8607160533,0.5011248595,25580.6793226117,247.5211109941,0.7290411079,-5299.442154607,-0.0729050612,4540.2352110225,-0.465356778,1059.6602839799,-7549.8405065401,0.5953327194,-5881.8974948094,-457.3119504468,0.4450287232,0.2278784745,0.4170566201,5829.191226099,-1097.9588305338,-0.8211868985,537.6621164967,-7087.5543872353,-7933.8793799591,-1.0403845388,1090.2680072921,17.8055810427,-0.6471569267,-3058.9401902597,7893.9179829624,-8246.543116457,-0.5559256924,6080.0363273176,-0.5986982534,-134.6395448979,0.7378796983,6232.6014771229,-2.3045057883,1201.7632622274,-2025.4102633776,1.5905727018,-0.5079635979,0.3980624905,12660.6339236405,466.0258882905,-1718.0896198363,664.5772513839,14.0943216243,3811.0701553313,5128.2502089587,1776.9181174829,-13566.2597446942,3041.3776337204,9353.1797139842,24.3110184888,-0.5983885472,8911.6575638708,194.6788550098,-9751.0640536122,-5144.2109982794,5721.3347029858,-2423.2703253345,-8.2244742521,-4887.3930621655,7.9330666791,4300.6131610647,-6115.4685811462,1469.7246189498,-4635.0706327992,-3193.2869383482,1380.8877761257,-7145.0387620109,2246.8425319381,-4739.0843733099,-4330.0424740081,-4492.6169721796,-12472.8516204391,-963.983901576,13591.4883721931,3799.0434704002,-100.1331411349,-18448.4029856392,-17059.9858092524,-1174.7843596086,-0.464373624,-232.4838156383,-166.2670828429,1908.1412949196,-308.8816639932,-0.051409728,0.803822636,3876.771442824,0.813460601,-0.5205812351,-526.6806279229,-0.816745505,-0.973499346,-8370.9475086878,-308.824800923,-0.4533998611,1.2623942353,17130.4041012231,-5760.7268228189,20990.7563461276,1.8790070087,3590.5990513421,-0.4915093379,636.1598580085,3155.3971305371,1870.4849707087,7969.6826374375,-1834.240487591,3983.5534371636,0.341887734,0.3650660281,-26838.1887448728,420.3395238243,0.9971897799,47.6964988018,-0.0772701663,-108.7848355818,1.5904531944,-1409.0516092146,-0.5497919038,-0.8213516637,-0.4693706228,4219.5842219075,-0.7881933699,-2703.8420941184,14669.3537606336,-0.7916964069,-11930.9307404736,-10160.020005253,-4201.3831638801,-5378.9131248391,-167.6429763907,-806.6147894913,2133.401004669,-15616.177005736,7917.7222429835,5250.023020378,-1208.4066686039,88.7003860195,922.6134007566,8166.7959657872,1.6125503946,-9853.3058527891,2894.1077229474,-1447.4630728345,-2686.8752101032,-7741.9906724308,-7058.1564475101,-960.7105652003,498.4744959639,14357.7625844626,-4223.6178504376,3850.061353191,-3763.1700011787,-3926.6241079418,222.7829160494,-7925.6032713026,0.02804826,1204.501456347,-2071.2210593416,5398.2248259791,-4225.364105186,-1191.1363751208,-1795.8515106082,0.500737928,-913.5399917663,-24914.2314760331,-2171.5672001881,-3469.1287577367,0.7928448097,26662.4179458543,28552.9220672242,-1.4696207157,57.9949609995,-0.0433044452,4.4589270086,5510.231692805,-2172.008303737,3842.700063908,-55027.6683532878,-2028.2028832445,-2967.4924941341,-33.3274625953,0.310020472,-6095.4883639139,1805.5893918467,5.262921271,-2.3064676059,0.8011218576,-0.2511621609,-109.9126931731,-0.4184300893,-0.3744177645,0.3728061532,9308.7301986169,-2.2457214553,-7772.6394525176,0.4719467425,-0.9198305642,-3.0687848712,125.688632547,-2686.3050709292,6.4802507141,-0.7689002493,16069.3053278468,-11477.5897562691,8256.6515864341,-0.2013684344,2770.3339350915,-120.677929161,1011.2187190862,2230.0056496082,5297.8262492076,6255.7475937743,13.8745897028,-4896.6756406765,-10552.0730103255,-4254.9568336557,-661.8179300256,-4611.5973058518,5639.2509354226,-3579.8429330157,4532.3150715171,-4724.736068559,-2239.0258727393,-16031.1914168056,14645.8864423913,-8064.8162901994,9213.28973044,-3526.3776173836,-263.3106683563,-458.4594399352,-6374.0894136994,1714.6170012527,1567.4640287586,1935.5655418823,-10425.6510082177,657.7268711731,5817.7778904986,-7377.9271759036,-5828.0846746435,11203.9157052289,36.9711776612,-0.2010870754,-1854.7299929349,-2145.5794481541,670.745504197,-1.1161817038,-1.0979876887,1.0650753259,33809.6590723149,-0.3306506425,0.9930437989,-19038.6392709094,0.2670405603,-0.3271576241,4428.5224289832,0.361355463,-0.4453181566,-738.7292318729,33808.5053014345,-5222.5814877704,1749.7900316216,-1.0579380429,-98.4316733535,-0.8887304567,-874.3352994233,474.2286916604,19.7810302857,-1.8717235435,6771.1974714522,958.1097377578,0.2832050303,24934.571282745,1408.5738398746,339.4667119003,0.951843909,16623.8673395816,-1390.6900494842,7.3547841916,-26422.1932677616,0.4648671404,-7.6028470314,1.1297757135,-0.0427601017,-1571.3013114498,-0.0131618726,9808.3456027561,-1.2077372579,24453.312629738,1.0033352534,-2.8202540023,-0.0333301418,-2027.9478174261,-4876.2830288458,-5601.7872577624,38.5681217353,-3151.7107683094,-2.0807438002,118.9367842878,-1769.4480827381,-78.714890332,-914.3223269264,-4019.7843803248,227.3984610264,-1138.1384537222,5118.2578922321,-2207.2942884941,9.2514508098,-8130.4852498208,-3839.043619138,97.9084590983,-2263.2523397228,-159.5118890619,343.2376930232,52.6540461966,938.3334431265,-184.3208201493,1343.9114840806,-4436.4304300009,-1.2820187296,43.8977898284,11577.3894925688,-0.105319204,-6616.3274410873,-0.7440024284,-9.6701317473,-1888.0691128469,-0.3878545288,6210.6860685481,-2452.9271925452,0.8060850363,4494.9766255854,-377.5380163601,26.1943744289,-0.7064331033,-4099.4592606919,-19732.5860906336,-6793.6421250385,-1706.6924854688,-0.0600213147,-0.9645977172,1221.7455046683,-377.5510936399,-2518.6954178668,0.254222555,35211.9493293184,1.0102646435,-0.9847785577,13371.4417959611,-1887.5779983175,-39038.2937337042,2320.2961323393,-0.8560129479,0.4250187993,0.1842524222,4.2720586448,-0.9299448899,20.7475695375,0.8983494736,119.9001637494,0.7636987209,8.8950299311,2034.5174043648,-1.1313464845,0.9161907378,-0.5744036913,18030.3594388274,3413.7617232704,-8626.6115247337,-3155.8139261534,553.4984657229,265.8703329779,0.0559760925,-0.1132150647,0.3368170962,4.8818403203,-2.3214193635,6074.733153613,-4198.5450667898,1364.8193200592,-127.2220651306,-8551.5022395847,10621.1363640635,-2015.5564509996,-16380.4105115225,-25818.6326525032,-17971.6836999028,865.522011584,8431.5498622794,-6.3542405514,8316.7894896221,-3571.2435402852,13.1571141765,7.7377863577,5067.8084741544,-0.470398755,-16307.6751785269,67.1086482087,18824.0589747035,-4355.9953452536,-722.7866714048,-10606.974480311,-2964.2518386276,-2161.707734806,585.0195320909,-3359.0890141534,1577.9243026462,5936.7995729083,-1213.4111479449,146.8751575056,0.4159241514,-3922.9144146286,5590.4852006408,229.6406306885,9217.7793552387,2964.9502695311,-0.9180694013,0.5557768952,4679.0408158091,6684.7599772315,314.3993822497,30.5346236356,-0.9893480355,-0.1707829661,-1944.9545305712,2965.1527098233,31746.6000962767,2504.6751717769,-36155.5397771119,734.9935938593,1.168324265,-321.0996600692,-8.2144094215,880.3426006741,0.7908002566,-15605.0160364545,-22.0724308023,-8.7204433192,2564.6215980992,-17084.5657763192,13438.6568327709,-0.8209115514,-21.2438288042,999.7021273865,-9253.5327892291,0.2839327408,152.2622186978,9.9222193486,3052.7353841976,-42389.1543906135,-13331.9838334859,-1.1263025993,333.3148707558,-2.3038454446,-4.0234780944,4586.1684529535,-3756.7988547744,-0.4917690152,-14810.6831757738,-2712.2208218996,-1588.9335489213,249.8427562164,2720.1476596551,-1824.3920218776,16.8969928703,-14.1331158573,-2707.5781449239,-572.6723733285,-3582.4615108825,-2.5020812534,8068.1012343807,4088.2115705626,88.9301391592,-1914.0324331927,4267.8879906456,-0.2659628934,-46.8226151924,12098.7673809004,-4389.458130299,-22540.6039881823,-6810.8673774011,12275.725522835,8116.7326150561,-8237.6502872821,-4965.3008194152,-7382.7589572726,-4644.1286537252,8618.7782912989,2916.9179364829,-10145.0328512116,-3320.1611491351,0.9384640953,-2509.2332623189,3.2358968595,0.6654743644,0.0103942099,19332.4568503501,0.534827945,-3894.04338704,-14.234214945,-0.4610922666,4475.3769749522,-2588.1412480158,20.3274281839,-861.1890686918,0.8896391568,421.5975511453,5.1541913563,-3893.4974746453,0.9886804929,-1073.0097132041,-41448.0986124306,0.0760599406,-1.144427749,-6334.2168513201,-0.6256615223,25364.40608586,-4243.7606711818,-1.0902551605,0.3563464621,-0.0968187387,3553.1643028612,0.845037933,12772.6325904408,-0.0531916935,-595.5729426993,-1.554514633,8893.1381423555,0.3454941645,0.5567088008,-0.7633915047,406.0120986464,0.5209365081,-0.1112087376,0.2221654088,-3792.6735091664,0.5527815352,-24356.6604264983,-9147.3962392297,-11.5331360881,-0.3026671947,8748.3080587776,-6828.3677886139,-954.5079564164,1372.3891448147,-33.4655182594,5854.7411589601,417.3279276026,-2172.6398267899,-2972.6062009744,8622.0792449949,12644.9824901438,-2760.3835670073,692.8433966741,7940.114263468,420.6460075006,-2624.919948999,-2.5486047345,-3213.2859821005,-5203.3463983171,21324.39840044,-16809.3870372768,4523.3423735289,1996.7352872559,-2421.1527550473,-8076.2165571133,-761.4620912973,-9430.9125801554,-10846.6221407691,-2134.4839842791,-1935.1832092031,4189.0641482421,-10313.7707453375,-0.2260608731,9.5900306481,-11.2377087718,-25529.6967671567,0.3824288604,0.514114735,-0.5231296172,-3842.5134037723,-0.5195588789,-660.7923076844,0.376254059,1859.6166266353,-1899.0178403332,11279.7989002628,-2478.6039246507,0.0510224638,-10865.8309280322,461.8495419241,-0.5386834784,15804.9507895608,-5395.0577624643,6783.5157296257,494.8522192329,-1.2071563907,4964.5564451768,-1824.6128419346,-4155.2496542946,-2603.9654474077,0.8274651954,524.2992498043,-7019.5637637504,0.0886433359,0.0397029291,-27956.1866169831,-0.2525126381,-1689.4658148345,-35499.5783004571,22239.4955431779,6451.6870954998
   -0.1955620132,360.0972142982,3838.229972309,-0.4318780325,14592.6266816513,1.0922797443,1001.8485181697,-0.1836603998,-14304.2229576312,40889.3820532419,-0.3636464693,-0.0321469665,2394.2518164152,3308.2118274782,2097.2490747437,-22525.4083575053,-119.4037869285,12666.9838453264,-4946.2819704198,-8557.0354353453,-3843.4653410922,8117.8117615064,4052.28602313,-3844.2753069064,1413.7285888567,-4679.3099608702,-4752.2308068747,-2865.6079062949,-16456.3308220792,6834.2144726961,-5996.320971786,-2424.7082613528,-995.1409208714,-55.9651569551,285.5564785662,9156.3769071318,19.7589239478,-2296.6679010902,-21703.5003040484,-6387.523680001,11784.7689926647,-990.2454009526,8236.8737754145,-13750.1694478556,-7192.7193235544,-3478.8370748846,-3588.8792457836,50456.26792978,-125.0035691387,0.2609648016,5112.4387073351,917.2469157264,0.0783371297,-0.8362725868,0.1153718449,0.4250642969,-8352.4442662861,6672.2542828963,0.7710390095,-0.167239611,1534.7912493637,-0.8419011004,0.0664633724,0.192244033,-0.1398628137,-24441.0593384895,-2048.0684448085,-2047.9495141434,-0.4797129532,-0.324391173,-2.3935612147,1695.8086294013,-3228.9838122429,-1.2113434899,0.83030682,86.4533672305,0.6565780815,-8571.3769918012,0.8451201813,-3276.3924757048,39301.1280514714,8192.9085441887,2.0762195147,-1140.4634237192,-4885.2980685685,1122.1377022147,-4289.2407915308,14987.3813551146,-0.5126412503,0.3819150401,-2373.3743407848,2469.3928769334,0.0104801661,22582.1497923161,-0.6540027151,-1.6708764789,-3207.7104968502,149.0563416603,481.0645160133,4935.8622233552,1358.0895741251,-4158.5560212361,1353.2400533276,4558.90687181,2.7158525064,-1660.0428214841,2.8598461655,-10476.2512219705,7266.6207375601,437.2067221668,8110.4318654423,833.357289867,10221.181057734,-1698.9562665828,1448.4866110445,-2953.1510998599,5834.1838822413,2591.9798144224,-7499.270236012,300.3401284519,-13804.9187364263,2999.5579878183,-2840.7576453539,12600.0760425194,735.6145856357,7228.0174044636,-803.6689363434,6892.5078984389,574.8583759834,26137.6030185769,1.0509636847,0.8168153563,3738.6383484648,-2164.8261694403,-1423.7936735893,-0.4602196695,-7273.8555624846,-0.9229341257,-0.8324291984,-7090.0300047161,286.6630662608,1.4378883322,0.0636775417,313.3347468555,1692.7471686229,-0.7360023715,2.9897361668,-1371.2690651135,-21050.944589058,0.6400201682,-2.1104372393,-10290.0938908939,-8307.5148911249,20529.7065892847,-31337.6979998971,0.830478714,-0.1783005376,-1.2168757081,-2354.5930218928,0.1093934686,-6102.1496199345,-0.7168324354,1691.2601903079,-0.1496284336,-7387.1468027363,-1572.84623238,-3380.108290514,-915.5363507921,6.6564285041,4771.9575399762,574.1535718072,4102.0981168224,-0.2281815461,-1653.6261759536,-3.8912279506,5365.7839677059,-8.6818729199,-0.7696866431,4613.4771160172,2281.3452710843,-6021.0401026287,48.9265565449,-23.313496623,2354.1428657867,-7171.790348424,-2147.6231195628,20.8562830175,1498.6991840509,2705.0966331662,5552.9266252937,14790.3407241082,-389.8371192017,5543.1018974019,-1713.7068937262,-1824.0601494226,1452.2431293458,-3677.0194125492,1693.8769106489,-487.5479973039,10143.9535432459,3991.061358515,-5987.0840951865,-8610.4300236844,435.9698426521,8502.1763413771,-22.4372811357,-8690.759286606,-192.8492421511,2461.7512934097,194.7213307426
##end
biasActivation=0,1,1
[BASIC:ACTIVATION]
"org.encog.engine.network.activation.ActivationLinear"
"org.encog.engine.network.activation.ActivationLOG"
"org.encog.engine.network.activation.ActivationLOG"
