encog,BasicNetwork,java,3.3.0,1,1425320112949
[BASIC]
[BASIC:PARAMS]
[BASIC:NETWORK]
beginTraining=0
connectionLimit=0
contextTargetOffset=0,131,0
contextTargetSize=0,29,0
endTraining=2
hasContext=t
inputCount=50
layerCounts=50,30,80
layerFeedCounts=50,29,50
layerContextCount=0,0,29
layerIndex=0,50,80
output=0.0860744561,0.2491406095,0.4815118111,0.1978024702,0.4610043576,-0.2982839134,0.3259319195,0.0363814792,-0.2972359438,0.2280085233,0.0001317342,0.1833865237,0.0479655692,0.4558358586,0.4435924635,0.0003616669,-0.53160669,0.2699639181,-0.1997158479,0.2156491338,-0.3659614375,-0.0015073072,0.1658172022,-0.3173290412,0.2418903694,-0.156021716,-0.0551090431,0.1515224693,0.1567233233,0.2373097058,-0.1171314768,-0.0353976288,-0.1341340718,0.0399298016,-0.0000677687,0.1864672364,0.6817947988,0.1697994126,0.1609289456,0.1911399505,0.3330315777,0.1735495542,0.1908460594,0.1200227433,-0.4994666354,0.1705842614,0.640836461,0.3081629615,-0.1685903998,-0.2042790025,-10.7852353391,-9.7982879625,10.3911944563,9.5950956934,9.9007797493,-7.7714143226,8.0973855548,8.9933119132,6.9383087787,-7.9145471982,10.1605820954,9.3095353204,9.7572304426,10.230110874,-9.6429500803,-9.7997336984,7.9019457508,8.9920936472,8.2357016413,9.0521940555,7.8152974237,-9.4270372087,-8.5594450284,-9.7941463535,-10.1848924446,6.638070857,-9.3611516576,7.8066718445,-8.784885158,1,0,0,1,0,0,0,0,0,0,0,0,0,0,0,0,0,0,0,0,0,0,0,0,0,1,0,0,1,0,0,0,0,0,1,0,0,0,0,0,0,0,0,0,0,0,0,0,0,0,1,1,0.0860744561,0.2491406095,0.4815118111,0.1978024702,0.4610043576,-0.2982839134,0.3259319195,0.0363814792,-0.2972359438,0.2280085233,0.0001317342,0.1833865237,0.0479655692,0.4558358586,0.4435924635,0.0003616669,-0.53160669,0.2699639181,-0.1997158479,0.2156491338,-0.3659614375,-0.0015073072,0.1658172022,-0.3173290412,0.2418903694,-0.156021716,-0.0551090431,0.1515224693,0.1567233233
outputCount=50
weightIndex=0,1500,3820
weights=##0
##double#3820
   0.0015440609,0.0023187203,-0.0039497264,0.0035130274,0.0025021997,0.0016073681,-0.0003780518,0.0067333324,-0.0077220978,-0.0034144156,-0.0005714411,-0.0057676379,0.0006137408,-0.0028928389,0.0002371843,-0.0010006393,0.0056430799,0.0014354661,0.0052315447,-0.0013968858,-0.0004414058,-0.0001410158,-0.0030652917,-0.0003367697,-0.0025051423,-0.0027464519,0.0037395792,0.0045126382,-0.0020297091,0.0244563041,0.0048360998,-0.0064485479,0.0038795477,-0.0034024893,0.0007688698,-0.0124520685,-0.004705148,0.0062556325,0.0001259434,-0.0013545589,0.0019611997,0.0115201843,-0.0016755387,-0.0033164351,-0.0015652205,0.0061325163,0.0004603786,0.0003210357,0.0080200303,0.0018385332,-0.0039286524,0.0042684571,0.0044594725,-0.0004825544,-0.0019545584,-0.0027257458,0.0000141581,-0.0010951945,0.0022277452,0.1060255917,-0.001596553,0.0034069918,0.0042107851,0.0162610511,0.0051139293,0.0001695984,0.0046881202,-0.0031761121,-0.0174027781,-0.0016704953,0.0036632414,0.0042148685,0.0043729666,-0.0002749208,0.0052259443,-0.0043591392,0.0056458257,0.0013316484,0.0031842184,0.0060136804,0.0006915194,-0.0046866514,0.0029391455,0.0044686673,-0.0008422547,-0.0077225781,0.0051690476,0.0046986975,0.0026577938,0.1978974867,-0.0051542792,0.0077244203,0.0078140944,0.0026301209,-0.0023079149,-0.0024413228,0.0002034215,0.0058568032,0.0056264567,0.0040950119,-0.0004187186,-0.0004713777,0.0038766479,0.0020674474,0.004657722,0.0019895411,-0.009380301,0.004471072,0.0048565826,0.0045655926,-0.0034369464,-0.004365851,-0.0028519667,0.0057379175,-0.0034218068,0.0051115679,0.0072736951,0.0003352964,0.0019494962,0.0523730307,-0.0108918936,-0.0060904914,0.0020266113,0.0022985906,-0.0074115614,-0.0069842907,-0.0103824519,0.0031856863,0.0028484765,0.0040749853,-0.0045552004,0.0050217744,-0.0005647422,-0.0023671559,-0.0034972776,0.0058445953,0.0072641131,-0.0047170555,0.0020236401,-0.0013711816,0.0027375922,-0.0069997843,-0.0009848556,-0.0005363611,-0.0051929385,-0.000686697,-0.0128200275,0.0111810682,0.0015450505,0.0182057415,0.0058060734,-0.008760669,-0.0039998765,-0.0109987648,0.0049375416,0.0038309458,-0.0010495534,-0.001674095,-0.0028599175,-0.0099939584,-0.0073642834,-0.0032698016,-0.000213595,-0.0066332749,0.0030256289,-0.005588295,-0.0107861931,-0.0116986891,0.0034952218,-0.0026812241,-0.0031059771,-0.003696556,0.0066460856,0.0007539475,0.0067053956,-0.0005866045,0.0098124331,0.0044940299,-0.0018306387,0.2728898169,-0.0130558104,0.0062510507,0.0112825182,-0.0008702044,0.0016568892,-0.0048941986,0.010029841,-0.0047906936,-0.0073493913,0.0024497941,-0.0018194257,0.0080177,-0.0021372573,-0.0031628078,0.0070995062,0.0005601361,-0.0025022429,0.0055422787,0.0016432236,-0.0031740087,-0.0066306285,-0.0108274497,0.0036116158,-0.003251629,0.000591608,-0.0003063776,-0.0013552703,0.0023342297,-0.0023983911,0.0763282045,0.0016838983,-0.0013149678,0.0067982302,-0.0101428754,0.0004811373,0.0076573358,-0.0137837835,-0.0075095643,-0.0074303698,-0.002980215,-0.0112669331,-0.0018899044,0.0064132894,-0.0101623707,-0.0018069815,0.0053705956,0.0069216977,-0.0058858371,-0.0009876493,0.0030961343,0.0017249095,-0.0047324115,-0.0147335759,0.0018260782,0.0019217028,0.00743096,-0.0074519175,0.0008083139,-0.0012882255,0.2337415144,-0.002994839,-0.0025306364,-0.0017786709,-0.0037466743,-0.0011607597,-0.0010420659,-0.0024897512,-0.0092625607,0.0010295216,0.0011084039,-0.0005353706,-0.0086809091,-0.0065635904,-0.0043598169,0.0067559324,0.0067682988,0.0060667158,-0.0047495424,0.0034081932,0.0020126088,-0.0007130579,0.0077418621,-0.0048496495,-0.0086498895,-0.0035752808,0.0050927166,0.0021982117,-0.0092706645,-0.0034789734,0.0279366534,-0.0076478625,0.0025382121,-0.0055556878,0.0113441777,-0.0022335199,0.0046778824,0.0001243285,0.0021972924,0.007558382,0.0025470885,0.0019207285,-0.0044371211,0.000868686,-0.0019386975,-0.0047227897,0.0027455084,-0.0055884431,-0.0048485383,-0.0049121736,0.0001520114,-0.0039895108,-0.0054326418,0.0012663541,-0.0071065876,-0.0022169204,0.0103232021,-0.0029490499,-0.0074731137,-0.001536766,0.113372483,-0.000000045,-0.0000021881,-0.0000000271,-0.0000001209,0.0000023842,-0.00000072,0.0000023042,0.0000011044,0.0000006565,-0.0000007695,0.0000012974,0.0000008295,0.0000022803,0.0000014231,0.0000006553,-0.0000009448,-0.0000000521,-0.0000006216,-0.0000014628,-0.0000002714,0.000000411,0.0000003228,0.0000003215,0.0000005349,-0.0000009466,0.0000014895,0.0000001694,0.0000013925,0.0000004778,-0.0000141253,0.0037188371,-0.0025418118,0.0067716976,0.0069945894,-0.0055859545,-0.0065838822,0.0041467092,-0.0079613854,0.0005140706,-0.0076236513,-0.0040503688,0.0070977028,-0.0063194852,-0.0057835747,0.0023633091,-0.0023097171,-0.0033457748,0.0034199542,-0.0020540746,-0.005658556,0.0048370924,0.0012087348,-0.0006192917,-0.0022873855,-0.0050996875,-0.0026945394,-0.007719432,0.0003382317,0.0040669972,0.0719100297,0.0000739886,0.0010993012,-0.002795853,-0.0008106005,-0.0051899095,-0.0084218017,0.001410354,-0.026035419,0.0039417652,-0.0087315982,0.0009044977,0.0013330397,-0.0072766484,-0.0037066454,0.0002621867,-0.002052595,0.0065857144,0.0060921076,0.000123073,0.0049403249,-0.0128531554,-0.0043449149,0.0060570873,-0.0076471442,-0.0088058307,-0.001654041,-0.0008751779,-0.0031066565,-0.0031545699,0.0718259578,0.0003812243,0.0064462244,0.0083905157,-0.0018573835,0.001957246,0.0051776291,-0.0067039773,0.0051288794,0.0062727465,-0.0064960593,0.0035970973,-0.0009640551,-0.0004208192,0.0039051642,-0.0031617206,-0.004296061,-0.0063520331,0.0052242035,0.0039087126,0.004986444,0.0124455626,0.0004664672,0.0028881171,-0.0006213837,-0.0024013378,0.0062631405,-0.0030201259,-0.0023651808,0.0004634872,0.031705415,0.0127921382,0.0009052556,0.0008466922,0.0029132021,0.0085786686,-0.0079463841,0.0053334015,-0.0093843298,0.0052856842,-0.0025899647,0.0027860412,0.0058405456,0.0095116099,0.0066766769,0.0053427824,-0.0143338141,0.0003026151,-0.0106392911,0.0059549838,-0.0000996063,-0.0054786966,0.0076611873,0.0014087087,-0.0071725702,-0.0050639342,0.0018494705,-0.0000095352,-0.0195151388,-0.0041874534,0.2118924501,-0.0000410982,0.0000016977,-0.0000071983,0.0000158514,-0.0000012164,0.0000187654,-0.0000013826,0.0000076068,0.0000115478,0.0000135457,0.0000342859,0.0000095685,0.0000125124,0.0000133739,0.000016262,-0.0000187757,-0.0000039038,-0.00000212,0.0000025101,0.0000021161,-0.0000211834,0.0000071952,0.0000146626,-0.0000135071,-0.0000183504,0.00000072,0.0000023612,-0.00000282,0.0000121551,-0.0005421276,0.0093075336,0.0123797212,-0.0024378936,-0.0032861908,-0.0032597672,0.005510612,-0.0027455003,-0.0063206978,0.0055042091,0.0053984062,-0.0072256691,0.0043857946,-0.001790626,-0.0081404124,-0.004326378,0.0044954872,0.0061496006,0.0078984662,-0.0125549125,0.0048528061,-0.0067664779,0.0068889551,0.0010457357,0.0039180222,0.0021967918,-0.0025300133,0.0067262284,0.0023114643,0.002246175,0.2501466384,-0.0063086841,-0.0035785002,-0.0012219854,-0.0041821429,0.0019862505,-0.0042710917,0.0041036456,0.0056932339,0.0010565639,-0.005169074,0.0024668052,0.0044757611,-0.005342232,-0.0053634576,-0.00001016,0.0015672895,0.0009118762,-0.0073844422,0.0116161227,0.0082156305,-0.0070956543,0.0027836262,-0.0020065529,0.0051883258,0.0064375128,0.002904183,-0.005110836,0.0078151375,0.0071453397,0.0943809946,-0.0013961923,-0.0031220408,-0.0011102764,-0.0037729436,-0.0008469974,-0.0017062982,-0.0032253942,-0.0075355667,0.0007152324,0.0020144258,-0.0012054781,-0.0088543732,-0.0040413884,-0.0020361691,0.0069798471,0.0046776239,0.0058574198,-0.003859667,0.0040292723,0.0032707065,0.001587926,0.0074115861,-0.0061344654,-0.0053771816,-0.0015673695,0.0046257827,0.0006602228,-0.0088174542,-0.0030990707,0.0494924893,-0.0027353778,0.003155692,0.003455321,-0.0076072602,0.0057297442,0.0059390299,-0.0034914665,-0.0059976239,0.0047001235,-0.0090653253,-0.0039083145,-0.0039877841,-0.0040416081,0.0075384995,-0.0009320087,-0.0051660302,-0.0009457525,0.0106064315,-0.002890709,0.0051897705,0.0016137619,0.0006901465,0.0064435549,-0.0012324059,-0.0028571809,0.0003942691,-0.0038212195,0.0038439792,-0.0014838854,0.0163414083,0.0064933178,0.001447909,-0.002134153,-0.0092138846,0.0040068489,0.0046552855,-0.008897893,-0.0107815567,0.0051428563,0.0036516587,0.0039357532,-0.0032448031,0.0026858025,-0.0089849736,0.0025637172,0.0013712282,-0.0031979475,0.0000041902,0.0030191318,-0.0035864674,0.0023417645,-0.0029235937,-0.0025970307,0.0046518414,0.0044297971,-0.0032702177,-0.0006798131,0.0036059349,-0.0024540176,0.1027229864,-0.0035054046,-0.0036218879,-0.0049145916,0.0038409468,0.0034399386,-0.0009786816,-0.0050085583,0.0033240861,-0.0077668278,0.0040772933,0.0018978366,-0.0012837811,-0.0010162284,0.0009126757,-0.0051051574,-0.0041880517,-0.0050577109,0.0061954064,-0.0032553413,-0.0045001864,-0.0036680502,0.0009814575,-0.001683369,0.0018671062,0.000189288,-0.0021948723,-0.0004906856,-0.0029235134,0.0013918845,0.0380994442,0.0074525814,-0.0029671842,-0.0010901469,0.0043327439,0.0035140504,0.0044283687,0.0088360807,-0.0058961799,0.0007328232,0.0014569063,-0.0035837317,-0.0066626114,-0.0015844846,0.002051407,-0.0107152918,0.0039867045,-0.0010230516,-0.0037020857,0.0032808708,0.0002026214,0.0001556678,-0.002346787,0.0043647557,-0.0016061432,-0.0093569847,0.0003991755,0.0006297235,0.0022031826,-0.001634948,0.0902682833,0.0048819142,-0.009451137,-0.0074294418,-0.0021947085,0.0000072731,-0.0055921279,-0.0067140974,-0.012531356,0.0045280313,0.0023426189,0.0090292545,-0.0099413747,-0.0017964598,-0.0038869093,0.0032258025,-0.0051009623,-0.0100086153,0.0049091857,-0.0001868679,-0.0100080794,-0.0015151572,0.0043866797,-0.0024930085,-0.0006741933,-0.0052424786,-0.0098583829,0.0004188554,-0.0031873975,-0.0008097953,0.0769203926,-0.0098441166,-0.0046098602,0.0053014396,0.0137990652,0.0066099903,-0.0002009726,0.00112774,-0.0056114224,-0.02465026,0.0043221081,-0.0036725792,0.0015021633,0.0008483425,0.0018151869,0.000350283,-0.0001991585,-0.000460442,-0.0014647797,-0.0054183588,0.001964854,0.0070698227,-0.0006748562,0.0017087785,0.0037585057,0.0004353684,-0.0013789962,-0.001582102,-0.0074373366,0.0128502604,0.2837323976,-0.0049371511,0.0020750508,-0.0044565938,0.0008799552,-0.0029968359,-0.0016505691,0.0067772322,0.0045179855,0.0038772279,0.0065305126,-0.0021298952,0.0036075108,-0.0045597831,-0.0077552167,-0.006299144,0.0020867619,-0.0000664886,0.0008020996,-0.010778265,0.0036462797,-0.0013736301,0.0071362167,-0.0014844431,-0.0003602671,0.0066960434,-0.0028727569,0.0033522235,-0.0079207177,-0.0077219305,0.0901322029,-0.0006787444,0.0040171589,-0.0026846241,-0.0004124701,0.0006790209,-0.0017129735,0.0048377649,0.0037528617,0.0016578127,0.0060435365,-0.0043637288,0.0042064352,-0.0000398094,-0.0034373415,-0.0047580829,-0.0006754982,0.0013311951,0.0028800779,-0.004375309,0.0026512384,0.0016627316,0.0054427305,-0.0016665293,-0.0013987074,0.0021617614,-0.0035154443,0.0054369172,-0.0002518621,0.0020101436,0.0422272475,0.002341769,-0.0055194762,0.0000350829,0.0017766843,-0.002117301,-0.0083218534,0.0004696944,0.0094225853,-0.0134075153,0.0062862291,-0.0067043983,-0.0047549128,0.0090505823,0.008954459,0.0019567251,0.0016295745,-0.0068529437,0.0167446314,-0.001272637,0.0040832107,-0.0071817962,-0.0010282309,0.0055742328,0.0102688932,0.000995967,0.0024586596,-0.0008092187,-0.0081558031,0.003882182,0.2389668835,0.0055246279,-0.0037675124,-0.0066253504,-0.0012766953,-0.001121865,0.0092281261,0.0013362113,0.0037341321,0.0064830146,-0.0059798677,-0.0004812329,0.003236554,-0.0071348566,0.0126413449,-0.0030697938,0.0086513816,0.0023698533,0.001111568,0.0007182315,-0.0045071935,0.0006666383,-0.0112979316,0.0008875301,0.0025350562,-0.0006296592,0.0015272284,0.0069713416,-0.0012242284,-0.0033100971,0.1328917204,-0.0111627208,0.0018424435,-0.0049663398,-0.0104357683,-0.0020729359,0.0107504343,-0.0016961701,0.0015577055,0.0095609312,-0.0200274292,0.0027232375,0.0067140775,-0.0113345883,0.0138005175,-0.0091957895,0.005670514,-0.0009636684,0.0001304032,-0.0000636462,-0.0007057388,-0.005639758,-0.0028189693,0.0105402379,0.0071053988,-0.00030353,-0.0007641384,0.0043758048,-0.0030464026,-0.0057537701,0.2186389924,0.0202925252,0.0082847899,-0.0087656394,0.0007408811,-0.0044822592,0.0033745232,-0.0049719714,0.0089453984,-0.0067385778,0.0074018011,0.0038209369,-0.0050110557,-0.0009352975,-0.0024523526,0.0034640405,0.0169080496,0.0090941315,0.0052213217,-0.004497416,-0.0076520026,0.0026781656,-0.0070209062,-0.0015532868,-0.0071391055,-0.0087347407,-0.0011278352,-0.0073003621,0.0063058563,-0.0064989627,0.2047962553,-0.0074486113,0.0031448951,0.0016003458,-0.0083366832,0.0014518981,0.0083609772,0.0049177964,0.0019916934,0.0048416671,0.0123315463,0.0001369201,0.001096054,0.0011453925,0.0086633222,0.0086382194,0.0016631291,-0.0093612937,0.0092648874,0.0114074626,-0.006100431,0.0009721432,-0.0128945251,0.0024516114,0.0047758509,0.0108205084,-0.0059852001,0.0054929026,0.0011055389,0.0009566397,0.1151861691,0.0058517597,0.0105371765,-0.0096627963,0.0058998831,-0.0090048525,-0.0023049017,-0.001237609,0.0066393692,0.0004663823,0.0103418207,0.002620801,-0.0006357575,-0.0009509011,0.0115913768,0.0018189161,-0.0048841886,0.0035793405,-0.0066218261,-0.0053961275,-0.0065554206,0.00189479,0.0018222465,0.0024867968,-0.0061223522,0.0104898661,0.0080220132,-0.0025605337,0.0035535724,0.0017895547,0.1321867641,-0.001948115,0.0029080626,-0.0042010395,0.0004066806,-0.0018496577,0.0093838307,-0.0001130254,-0.007166876,-0.002906777,-0.0078850584,0.0009500452,-0.0012598968,0.0138271187,0.0068233012,-0.0053063276,0.0157352157,-0.0008680701,0.0039883677,-0.0051231893,-0.0019168243,-0.0001945035,0.0002592898,-0.0066315902,0.0103582911,0.0055067148,0.0008111729,-0.0006469387,0.0007122738,0.0031508492,0.2478811983,0.0000014223,-0.0000002418,0.0000000208,0.000001363,0.0000000955,-0.0000003246,-0.0000019591,-0.0000007627,-0.0000004577,0.0000009543,-0.0000003964,0.0000003879,-0.000000106,-0.000000068,0.0000007283,0.0000005664,0.0000001578,0.0000002116,0.0000001022,0.0000003047,-0.000001433,-0.000000502,0.0000005905,0.0000012676,0.0000017883,0.0000005581,0.0000025121,-0.0000003876,-0.0000018899,0.0000182451,-0.0036953696,-0.0019917773,0.0015842265,0.0002024189,0.0058045607,0.0013730656,0.002160901,-0.0011984627,-0.0052103386,0.0037959673,0.0019578256,0.0043512374,-0.0017381671,-0.001732154,0.0021050134,-0.0002350037,-0.0011033174,0.0041180863,-0.0003172616,0.0009800919,-0.0005651706,-0.0028694798,0.0009445386,-0.0027836884,0.0059764592,-0.0014814012,0.0003304056,0.0035764158,-0.0047045807,0.0418053916,0.0019420723,-0.0007165573,0.018753565,-0.0035148372,-0.0056522446,-0.0109232756,-0.0081286219,0.0079009246,0.0010123014,0.0055868688,-0.0020984859,0.0041362787,0.0169448939,0.0006702599,0.0015279479,0.0010391581,-0.0051041639,0.0060911414,0.0021051741,0.0084180722,-0.0071613994,-0.0104694791,-0.0023073783,-0.004366535,-0.0060363969,0.0022356309,0.0015197603,-0.0022147266,0.0024258049,0.136427855,-0.002200656,0.0025765725,0.0032126079,-0.0099988173,0.00408964,0.0058257196,-0.0044606425,0.0049036388,-0.0024315202,-0.0134362353,0.0007609879,0.0007147795,-0.0034856183,0.0075529401,0.0016848184,-0.005678751,-0.0025880927,-0.0028887434,-0.0039545231,-0.0051768781,0.00733988,0.000019472,0.0042980429,0.0022009923,-0.0028305281,0.0036734137,0.002648489,0.0007900829,-0.0092954711,0.0549276075,0.003931067,-0.0045134009,-0.0019198477,0.0013848042,-0.0023796835,0.0002927477,0.0154501984,0.0019489474,0.0034655356,-0.0037724552,0.0043581213,-0.0040411457,-0.0077302005,-0.0031306836,0.0001735698,0.0079269866,-0.0094632908,-0.0061810286,-0.004419707,0.0042403558,-0.0008493936,0.002040888,-0.0061573113,-0.0024504859,0.0014762459,-0.0037905954,-0.0115741643,0.0029578691,-0.0019873231,0.1440621578,-0.0057295997,-0.0019268021,-0.0061174312,0.0032558012,-0.0004912408,-0.0016689617,0.0011007232,0.0029013733,0.0039110113,0.0032177025,-0.0029217793,-0.0046785581,-0.0009743574,0.0042370956,0.0059982036,0.0019415486,0.0053029666,0.0021003717,-0.0051720838,-0.0045048959,0.0039650314,-0.0063141533,-0.0019389353,-0.0051440324,-0.0008236359,0.0065587669,-0.0086864385,0.0025156884,0.0031554531,-0.0457830843,0.0004869097,-0.0013423165,-0.0038043242,0.007385652,0.0043413516,0.0001147502,0.0066370771,-0.0027402618,0.004724016,-0.0026480697,-0.0044352226,0.0014171619,0.0056913724,0.000770371,-0.0052942628,-0.0090711986,-0.0007344477,-0.0093252769,0.0053529151,-0.0039241074,0.004579851,0.0089059777,0.0051513654,-0.0021778393,0.000677369,0.0065565987,-0.0029352301,-0.0003627417,0.0005359293,0.0928412693,0.0082995952,-0.0046671065,-0.0009738604,0.0084131564,-0.0005010741,-0.0000082225,0.0005030604,0.0043049525,-0.0027739666,-0.006438615,-0.0029179571,-0.0024421003,-0.0016000072,-0.0051786244,0.0043555786,-0.0009132088,-0.00234539,0.0060422733,0.0030262481,-0.0034256841,0.0056665751,0.0056161007,-0.0053451456,0.0017701058,-0.0067010784,-0.0061163492,-0.0008813418,0.0080889045,-0.0024370282,0.0612209703,-0.0065410272,-0.0027294118,0.00117299,0.0009681414,0.0003430947,-0.0056199007,-0.000629881,0.0022095734,0.0036715629,-0.0005971024,0.0027892797,0.0066251731,-0.0054457011,-0.0039873863,-0.0034112202,0.004271185,0.0023854709,-0.0033660831,0.0079901413,0.0003440332,-0.0016142441,0.0039868754,0.0016477305,0.0054454065,-0.0020795656,-0.0019401847,-0.0018330562,0.0052690031,0.0020239325,0.0042283586,0.0279090384,0.0055380028,-0.0011566257,0.0030244446,-0.0026886456,-0.00122787,0.014312324,-0.0002562889,0.000444418,-0.0002783549,0.0016617245,0.0047908738,-0.0066734373,0.0081448824,0.0026782439,-0.0071770736,-0.0044267928,-0.0138388106,0.0003073722,0.0067676375,0.0034756991,0.0013516768,-0.002367073,0.0041342093,0.0053098554,0.000534352,-0.0097487438,0.0016714631,0.0101906773,0.3694773264,0.0047005294,-0.0043342985,-0.0057617338,-0.0101756403,-0.002591891,-0.0023236954,-0.0033185564,-0.0010886059,0.0114724115,0.0046680392,-0.0088015079,0.0017566365,-0.0087668987,-0.00059568,0.0024787545,-0.0051691863,-0.0006709073,0.006637569,-0.0085946765,0.0019587698,0.0060812529,0.0036390134,0.0128221912,0.0037350235,0.0041003517,-0.0071281146,0.0192104596,0.0024085815,-0.0050703438,0.1431788827,0.0037217144,0.0070390581,-0.0035048173,0.0062514827,-0.0021139516,0.0082315102,-0.0053786462,0.0122498107,-0.0026141551,-0.0072677172,0.0003605082,-0.0029304964,0.0009502741,0.0053071066,-0.0063684498,0.0039054388,-0.0030903512,0.0066361297,0.0102946442,-0.0011327984,-0.0002486791,-0.0013101349,-0.0068233364,0.000803506,0.0050451853,0.000423862,0.013383243,-0.0000896891,0.0024278968,0.1971089074,-0.0033091777,-0.0013013821,0.0049612695,0.0020603796,-0.0020041684,-0.0052412693,-0.0067892561,0.0019075594,0.0010063435,0.0018143307,0.0003046894,0.0054637521,0.0118048738,0.002154219,-0.0052695815,-0.0138717084,0.0060604773,-0.0076300898,0.0022294903,-0.0007280499,-0.0003184777,-0.0012283709,-0.0032885486,-0.0045274176,0.0039613699,-0.0001959948,-0.0098077083,0.0049010419,0.0004621563,0.0104484477,-0.0039705698,-0.0036351985,0.0080873862,-0.0012357185,-0.005057025,-0.0003720377,-0.0079688607,-0.0000051468,-0.0019293354,0.0034562529,-0.0014904304,0.0020303945,0.0082408353,-0.0020318246,-0.0035502949,-0.0046189441,0.003664237,-0.0021250907,-0.0007423301,0.0025418729,-0.0005114339,-0.0043736693,-0.003289549,-0.0004087313,-0.00264303,-0.0034041161,-0.003865307,0.004100853,-0.0017212507,-0.0166247322,-0.0027852086,0.0048400279,0.0004260368,-0.0053073224,0.0138089109,0.0058911268,-0.0010580525,0.0056734621,-0.0080388694,0.0082632969,-0.005962877,-0.0030517208,-0.0079523904,0.0033569421,-0.006836563,-0.0061108612,-0.0020975269,-0.0009501419,-0.0071407915,0.0017684593,0.0125339194,0.0108501939,-0.0030844481,0.0020831796,-0.002422493,-0.0007624075,0.0057697252,-0.0137635887,0.0093084456,0.1793849019,-0.0040832232,0.0004392776,-0.0075990228,-0.0002096974,-0.0127783027,0.0033986079,0.0118870712,0.0048625809,-0.0064680541,-0.0010917435,0.0101389632,-0.0037820408,0.0071150173,-0.0068541484,0.0020790527,0.008823885,-0.0008457827,-0.0108212136,-0.0103044509,0.012751209,-0.0001454028,0.0046800235,0.0120571328,0.0049338574,0.0062940075,0.0024759762,-0.0078088066,0.0005081145,0.0000351114,0.1666651111,16709.7339254164,-29255.7923827841,3628.1474007314,-32237.313694245,2116.1013972869,1822.9013137331,859.4063023645,-109.2230142727,-0.5198936983,406.9262832271,-0.1436792783,7247.7401466834,27500.1445312412,2167.0166700565,2228.1510968711,-0.9276444702,-4631.4657074272,8697.954627261,-0.4928762558,383.6791684955,-0.004401385,-21145.2679213126,1620.6898578375,-16.5595195369,-499.828293613,3035.0565046823,3607.5529302935,-36174.5894779237,-3126.9652902828,51.04797752,-15268.983343475,123.9629966483,-0.3073915827,2299.8982111358,-0.791880513,-5763.3207387276,-4980.8521559454,-4.1223012399,-10593.0972636193,86.0059119189,5866.1256992658,-47.5058645639,3772.17270296,-17327.5231768324,3457.2069566298,8401.060250243,6629.6185387284,11621.9067456335,-0.2088336456,-19525.3756938926,1.1891137322,5953.4370086093,461.8824484445,2.8164064105,-3709.4288008539,16.0740738636,-2863.7719593356,3159.7750781562,-14078.4975370799,3900.0487693111,3.9785528327,-3.7225158912,-3360.9122831857,112.1763046221,-1797.3370715756,-12297.3265561551,-3178.4461318981,2252.150107546,-15216.9845308036,1857.0563815709,-44.2942212639,58.71369396,-2505.8751714304,783.8767132965,1236.7335211438,-0.2272340207,-6409.3911022164,-5220.0825662579,315.1691435811,-4661.7385605423,5072.6851779945,8238.4720563192,-1012.4733385415,-650.3652543151,0.673774542,2217.6584582354,1438.5721225982,0.7786349641,6002.026287359,0.4808269121,0.8340582884,-2034.4997854348,-0.6109647113,0.6825020121,2.325140076,-0.7172762012,-3.6811811665,5.1909063811,6001.2255670932,-20831.2342300766,10305.4407795255,0.0754637976,1434.1418057016,14722.6462444738,-5612.3636499293,0.1669647358,-5968.1424719495,-1851.2676541438,0.0932509455,-0.2451441239,0.3161511859,2476.1472248588,-0.2913479042,2797.568133017,0.4569870389,10934.1570246431,-3.999560784,0.5551909403,-3785.5911023018,-873.099659943,1793.6209428545,-3616.3808669271,20797.9138691867,-20901.6594383591,-8674.1781758146,0.3122794939,2417.9577844186,3551.4235043016,-981.9037186448,-0.1710546577,1026.9283519342,-7995.0065017425,19436.8293077091,-11808.590404999,-12654.1294622898,524.5256036916,-7393.5435953208,0.3048724935,1571.3404597435,10198.5428387898,200.3396839513,-7379.4564577554,-1.3233515229,-3634.9966245447,1488.5856396983,-1398.8289580775,-36.4650035702,-23258.6747270428,20460.4767944579,2088.1922687895,2129.4236569397,-5079.9891465516,10294.9281229535,-1044.761654801,6727.5784764951,-8207.0587158769,-1499.2561662764,-7698.6655233423,7740.0233613162,12094.7028069342,-30.4867774396,16735.1932539969,11048.1127402715,4841.7757477228,-2.2356832201,0.9308047369,-3643.489085511,-0.030502552,-18.6509303858,-0.8699648989,0.3266688198,-3.5833198774,-0.3208948869,-4295.3150132464,0.5449765415,0.6232622573,3493.3988259791,8.4133937403,-18.4891736763,9.9936243228,0.2898056165,18486.112484692,11042.6375942687,-1.6458145967,2665.8652777083,-4987.2345465271,-289.8726884099,12285.6085386395,-0.4644144337,-106.8118153821,-0.7844358868,-0.1466989903,-5453.8327970504,0.5181018899,0.715842113,-6090.4433908737,-18.3048688872,-2411.8051183152,0.0173302264,-351.1741064674,-0.5523586209,1098.0155423537,-726.9884726128,2.1614747593,-878.6621735355,0.1289442417,0.1782545327,-8.8391333279,1983.4927130154,-0.0574638921,0.4124600542,-3333.2520922322,2594.8123287271,-4166.3678054609,3958.5933181062,66.930682711,-64.2834214851,3071.1615691011,-5319.9297555725,-11789.6213761689,-8271.2514470394,3194.7606411691,7.4374456962,12730.1415500776,-11.047212253,-1342.8301480841,-935.3876771857,-509.6867358225,-11759.3263318378,-1250.8428293992,350.6351411921,1280.3881266544,-3023.4954064204,3402.9826641749,1854.623981118,2402.8834037431,16640.0385959037,-11816.8394425842,6665.1869672506,-8059.755681586,-7.5111102673,289.2703612884,2.1721646085,3848.4161204119,4216.906546279,7727.7595733508,1718.9306539482,2171.7435894871,-0.5786849534,29.7956334126,0.1946524553,-0.5562953001,-0.6229892785,-7549.9196367842,2220.9963368619,-0.7297816695,-2774.42709,730.1601253738,-0.3044558333,-4945.1200027144,-8457.5682032769,-25718.0564338654,1311.659117807,-2630.2125091861,-2.9147010368,-9091.31670595,1171.9981220446,-1159.190646047,4068.522239429,-0.1937590357,255.8880418034,1823.8947807636,-38.0594203062,8770.4391694302,0.3611748089,2427.4810904228,30888.3063370316,0.8574272293,-0.8367425419,3657.3217359343,1.1290155104,-36.6388224734,1.2439703376,-0.7373449011,0.879529801,1.4933407603,-22.2721955436,16180.1040027963,-29824.353852017,0.6633320866,-0.6425665493,-9538.5620391976,-1.9399964796,-11257.0702731638,-825.2768400953,-2300.6011262975,-8175.6848942928,2560.4257125233,-9074.9389916354,-7281.2479040042,-7477.6669731508,-687.9916055896,-3917.6846514255,4009.0154494949,-2672.0142699805,81.050049782,4238.5743828061,-1148.0548549999,2733.180873641,32.9981556824,10284.4317972781,6373.8440410263,-3696.5517028355,-190.2112941368,-717.3454224038,9725.9398056311,-844.5754310046,16771.3822594215,6762.9205781621,81.517274955,-0.2465533258,-4259.9633367694,-2.8527824542,-1258.3014818484,-0.4658379239,0.5780647946,15034.2260242157,3425.3246529983,-1.0220736724,-0.8150545636,0.951648422,-4680.5868200217,-21095.3489151805,-3.1704158252,-9038.4939045519,0.5284951721,-20733.5077810561,-1.4095703736,-0.3993991258,0.8313101525,3800.7652232277,27275.7805240333,4609.8181165499,2.5836305201,6302.1711369947,0.5391457915,-3744.1550651988,13932.8041934243,-0.76715696,-1242.2458752801,-0.6244984258,11480.5106414022,0.2993845105,4375.2065095133,-0.2478615328,24991.8029670238,-74.1427487803,0.1531008597,1.2101271334,3.39009666,4797.3626599706,-0.4050997484,-6960.0480130877,-0.2773955375,-2994.949663759,-3534.3113650378,0.0923951103,7.0279834341,2857.0288416693,-3.5105116599,-0.8950708387,11209.8426337002,-3369.9295681909,-2093.4818534853,-2476.5140876846,146.3763664648,10972.2793713644,597.9117500648,-6390.9459161024,-12488.6719463889,4793.1294023656,-1.4248452677,9689.2394452128,2340.1158324314,-270.4829207912,-209.9271691547,-5384.3945919252,-17592.9811799882,2726.4688849728,-10004.9792692567,-1359.5558543793,-1839.2328624188,-653.2162171662,474.5991593942,-2367.6003419927,1940.6711392596,-2943.1947637319,4665.8222084456,6325.7462938404,-7382.4535511278,-29870.3683075708,-17886.8005694788,-7466.3948671084,-9.1200036788,0.3897458543,-0.7843007427,11808.8477014225,-0.3565963809,-1374.4964062971,-0.0187538376,0.2632829424,-861.0141565437,2653.1913010252,161.7207124015,0.9520252079,0.3630970521,-0.6077684551,-2.6500816408,-1374.4044691634,-22.803216444,34857.2191846409,2995.7006085294,-0.1716936167,1798.4027776415,-0.2782190996,4.4675827638,-769.8128362068,4.3379905967,-1.0072186606,0.5433208262,-0.1775162849,-0.0893984997,-0.7977472415,7.5608120373,0.5472131569,-2208.2497123222,-434.7951203027,-82.1043520311,-0.0737682109,-6338.937383319,0.246507407,-32208.0797858217,8701.4889255556,0.0983914569,-0.7854241705,-3597.9257800276,423.8881506575,-1.5189470786,-3.2542077431,-0.4900564642,0.6278098679,-4188.0139486162,-2580.4078576032,7216.3296244491,5707.3684578142,52.8998036308,-665.4020346861,3871.618394426,68.3375167414,-7754.8209765202,-4048.6015900783,-12886.146932054,-989.3400237413,-1210.8401902744,-9.2393971542,-2.1936690829,106.9988704682,2011.0975117703,-4680.2366388683,14778.0797805024,-302.3012779276,1265.6253031368,-806.7127355541,4594.5607342897,-18.0072961399,-606.8732768459,3538.976517709,3573.4690976688,-516.2551337008,-475.1127730017,1.0751788042,1814.2895441962,43.6384403829,0.0240952688,-2.3958388893,-5010.5114489584,29617.4038304169,-3317.1761500002,-0.7806427427,0.7363311689,0.7122158747,3127.6444238174,7335.9815056862,420.5815013378,0.6885097325,-0.5994607631,21447.2191915345,-0.9291072605,0.1003948323,943.5085444219,-2103.6360537251,-789.2963517296,-9.3124141781,-3834.7575871165,-112.5806283297,9908.1502816707,22893.3582415587,62.3617929592,-5280.2911948184,0.7107256602,1.9697681241,0.6994378544,18.496189482,4672.5455026303,0.6126579518,6247.565130468,-0.182159522,-3.008152435,-7433.3969979644,-3813.9936710472,4546.8880193999,-725.6877671747,-265.7814542577,-11287.6636786793,0.7549174803,1.1848339006,-0.0239662008,-6705.4454929685,17.3380250026,-0.403333532,-0.7920342805,-22.0030047002,-2703.701710115,-240.59114182,1378.1649862257,1586.6041152141,-2147.4442823442,128.3296406154,14496.6533948945,-983.898009839,-1522.2226221031,1031.6442140552,-209.6326348513,-19.2545467176,-114.7218014231,1735.8159834316,-5200.0296910914,6709.0318248297
   -2410.3850420129,-1323.291382034,-6239.1941333886,1.7810313361,2804.6113289498,932.220370897,-271.0543677906,-3533.6255115629,-4010.5380217549,-3174.5386813336,-99.2507911857,-845.4310485245,18220.5659917702,-7575.2968001215,0.4751490626,10123.6012663417,-6.9294230843,-0.874523552,-1381.3344493758,1.2956815693,-0.5323565705,-18010.8051551495,-0.6136029922,-2748.5825654336,-2000.3768536441,102.9267413832,-2263.0150404426,0.4691823498,21053.420194028,4104.075008223,-0.7439028699,-25004.1851412775,-10001.4397837285,16330.908058976,0.762388218,-0.207010466,-1986.1864531494,35.0351871474,23144.4200685385,-3560.4479301891,-282.455445719,-60.614582744,-13162.0432839728,-7442.791340944,-4825.8515208654,1.1084100564,-0.8185167244,-4602.2579630072,-1490.0516499165,1137.4449325523,-3909.0940648287,-33481.0177043902,18408.2595264592,18822.9005682019,27360.7057712259,9289.2442609981,-1853.316255777,2489.0977048508,14400.9745239665,18248.7558495644,1356.2739586708,2167.5644184589,0.0453977875,-6246.0556434364,-8703.7448130093,15085.2234840158,-1708.0264328147,14025.7001940442,-2163.2423029545,3.3274079509,3563.5822441788,-8936.828958322,-26.1542013798,-201.3271711412,3657.8227876927,8609.8458518256,1120.7092149889,-2692.0540207355,-1128.1744222609,-315.0939134339,-10817.6610038156,9944.3245975778,4665.4514119685,-5262.576126748,-8555.5074058041,-4006.801060229,1308.7778605865,-543.1027467507,-3960.6410946508,4.7559030918,-4123.70859181,6213.683358749,-1189.6923314427,2933.7468239642,41.2370061247,-36123.0612398612,10195.9205017118,-4672.4561496646,-2.9423926061,-0.1889436813,0.0044236662,996.3481255107,0.7790278965,1127.4010962732,0.6486084473,-3623.4189199112,0.1493329984,-0.4488119619,1.1931914474,0.9112228536,-0.6457086664,-19.8253487722,-0.1872475325,-1737.6926531587,-3244.9787210782,2764.3770260198,-0.5075687672,0.0082967306,-533.7525166075,-16784.5401177415,728.1552456559,23588.4305211542,7.0639349031,-1.0642394177,1.3713571458,1889.1806449129,-0.5135810163,4001.881449826,-24562.4495709229,-28.4813971083,0.5618410891,5439.807952453,-0.0233134001,3455.2765102019,24037.8521500619,-0.8492023878,0.4522515409,-0.0047502774,3.883999258,-4329.4178079754,-6.9268514963,-0.05958281,-0.0876548654,-2487.3021508216,2.1171379913,-2321.3683052374,-0.3363582819,6612.4059688912,422.0891068871,-222.0948268761,-1335.5210564937,-3699.3105750639,-384.3784384176,343.9432468507,3298.2428567413,19.3234129573,-474.0097987214,-1.3985174222,833.3888994113,-11.7356892878,-2785.7359231057,0.0560261527,3282.156348504,5890.0527963055,-1078.9839385211,3560.1069346504,-1921.9990894026,13797.6132119644,-1312.6505027916,4658.189879513,5883.82856956,-9924.1152872457,1257.9966663405,0.898897854,4197.4759990628,2.5353741985,-0.838279592,13287.1363527193,4182.9625058404,1553.6935927675,14323.6810837156,-0.8922975926,0.0171336876,-1419.4100535657,0.1260042283,0.4386448668,-1546.6938105332,-0.1821636348,0.3529471816,2.3147024461,14323.5602728818,1.2382793687,-7633.6894051527,-10599.4516012093,44.2171925476,-2004.7485565587,0.3339318144,-177.2974278877,-944.6708222158,-8.7575942726,1153.7788295053,-0.002532254,-0.9794527036,-0.1446167178,-0.460140226,-0.2231940839,-0.9315441704,-2744.4870409058,0.9493447354,24168.9377521295,-690.0216596392,14.992705094,-22921.9614478369,-1449.1745343331,0.4076480476,-3009.4678240777,-0.2582253045,14.2221485911,-25256.0678641347,-1276.7258946341,3055.421313478,-0.0788764912,-0.2703487024,11572.3236891759,2354.0754551931,14427.398559891,3673.7507864891,-3190.3581115543,10295.251916993,5110.9095861375,-5215.7941310083,-3629.1128274132,986.7642351777,106.5002551439,-2.4606183175,-1492.3953455196,-4058.6724022816,-3387.0351316563,-2820.9533252221,-1927.6075694214,-1790.9026941719,-10879.1035507086,1227.4953415148,4790.3687225036,-2450.2988104987,18447.2878078277,1174.9150496798,850.1956757804,-4991.2634819053,-6316.2315065787,-8883.353427297,2049.4474002954,-0.0922668417,-0.8949620522,-3104.7435531889,12434.715417669,6396.6178472627,0.9277910779,-11797.264269567,-0.1287040381,1.0840761591,-0.5036699683,0.4946994627,0.4835252315,15154.6326500421,0.5349941935,-0.6416424116,0.5582753283,11085.449972706,5728.1422369433,0.3344036148,-1392.3585202236,-1535.6525548955,11584.5194079718,-0.7807561991,1341.3912121799,-1874.0145402213,-4419.3728368118,-67.064921391,12937.5320004473,3.3325931901,-0.7597377898,9.253609451,-3911.3721950813,-0.6424143178,6921.3139606381,-0.8623485426,-29654.1961312647,7974.1522911599,0.0439694189,-0.8861220245,8462.5637398385,-297.8116045698,-0.4607462777,2805.3576680492,-0.1659063768,-2990.4164325299,715.6541284675,-4166.2967653511,-1083.4604580545,0.7429270425,-0.1371080913,-0.9416680867,5981.8107583711,1.8045222481,-1200.8529775572,4812.5398083279,4316.9385538714,10476.2726406372,8.85304899,-14975.4242605919,2601.7968346303,581.7243856903,-1803.2272712521,1771.3777641326,48.7465707641,688.5645635286,-820.9182066339,-11803.9319009443,15952.4317698453,20026.5104060781,0.0214780343,1309.8140969688,1162.5786604389,1027.9157195469,4063.3817171016,3251.1805570243,-1.1566603929,-3768.8027537287,-882.2469842811,13448.4451623152,-10052.7765638755,81.4481499846,-23.8937559585,0.2689637089,-3330.2154996342,-18087.1396650367,0.3231828191,-1.0829102308,12.0352012857,-0.6799832927,0.1286245802,0.4463404735,3144.3924568581,-0.6127639232,-7171.2176794316,877.3708624156,-0.2466901631,1.2007828743,-22014.7860941062,-0.5290926187,0.7830755215,0.8877326754,-2906.3064702513,-0.6086247976,0.4762603917,-0.6967157425,2.7817295047,-7167.6725824506,5628.9338515856,-166.1738271741,1.1741512082,-0.039966308,1.0581188432,-0.7352829631,11387.9026039339,-0.8337281892,-4426.6209508561,-306.8276992194,-0.1138929381,1096.2009123713,-5513.5142071823,23.6902442852,12743.4806507114,-18754.2577296432,8.2857587813,0.9817276482,-0.5963979363,3535.2871811182,-2473.9663438513,-0.6850677897,-1.078418818,0.8868550433,-5764.6848770341,-2.7787920357,644.5717990818,12663.0564400637,-4805.9841065621,1809.4774579118,0.8659690419,4497.6779178989,7965.8509381,2100.2047806049,3873.1139091781,-2535.4970273467,-7225.8182245768,-13799.1319414259,311.2136895403,19387.300601262,-2579.8889356926,-5332.5015979821,1563.2596022839,0.2815935895,372.8202002735,-0.6972508193,1035.3671030123,-19.7867517192,-2.0646406266,-8737.4620158538,971.5840210266,-4619.2251581616,-5020.9170781894,25448.3368054379,3475.4914643426,25755.5447040344,15340.6612250247,0.5857057566,7095.1960570604,-9682.2175061669,0.1081581045,58.5344577796,273.6796703282,-0.7858919381,-30889.9178099449,-0.9489368717,2803.7062354072,2007.25041324,-0.6907409415,-4.4795934356,79.9599529673,58.2148023632,-5486.5238286383,-34.4353158557,-7949.0022388845,-21.8164768687,-0.2503963791,0.0097810476,0.481346314,1.1005822606,-8170.9701862015,0.9593932977,-0.4307287711,1.0165866947,524.0964431894,-0.7589353866,-949.3610289297,0.8093667912,12538.3953811472,1885.3471501964,15.0140602575,-9434.5115311555,0.1887087098,0.5460683304,-3368.2037723454,149.2849448759,-602.6487159705,-0.3031125263,24793.4841343944,-2615.0985037961,169.5038614867,246.5896446208,-0.4500043863,-0.6106099174,45.7279184722,1.9418159194,797.5162206773,7938.3880764603,5692.8564026625,-13253.0802144385,-0.1973136454,-1295.2155411879,2869.414868721,-2214.6181580056,2027.6721470391,65.0721442914,-4631.5945415262,5473.7879179876,-7905.5274317563,4249.4550952719,-6494.9114239887,-9455.8441431993,2186.6073442289,1061.2060588036,21318.4712099424,-3854.564305971,-4755.9451415711,-2480.5025954443,1244.7476913984,-4055.6263586854,2789.0720108559,-3201.4219586769,456.1246417281,-1272.1900286613,-713.0896154139,-0.3136022395,-2930.5874751242,-500.71255912,11.2437992321,1260.4027591559,0.8778277157,-0.1949499744,-0.6396927913,0.7956852141,-726.0976918785,3619.4608631903,-0.4203450949,3370.4165411468,-0.3958272567,0.6594064057,1282.7910758963,-0.0266275816,-7331.3750029354,1938.9990512819,26514.6250975176,0.3736954193,-0.0834644775,1.0560467762,-0.3410581922,-4858.6916649706,-874.3460647199,0.4593165557,0.9204137274,-1796.3473339402,-3583.3684926656,0.5534075213,32659.6110650166,-0.1087622325,263.1692891543,-3835.4997953514,-0.5266766898,-138.7631339908,-568.5043086576,14117.1434864758,-7047.1265087517,-10.164750896,0.0436781778,-1422.9562361341,6505.4304312553,4.9675111119,-0.2368078136,-0.4478168641,-6.2760586189,-1.3175998262,10828.7724110973,1406.4648433782,-1242.1634281008,10546.2869973242,-5834.5240048581,3162.0849450364,3.8646571735,-2750.7778644307,-526.5606619529,8437.742673255,-368.0005026704,6723.7076844387,-4930.3769232966,-102.6776292428,1.6068456352,1468.8346216505,1110.0909659684,-6923.6429132685,-11549.4090886992,263.9203577557,-4543.8431836675,10887.5121775921,-769.2110670845,2109.1822122118,911.6322136101,5477.7529194002,-8768.485104919,-2390.3394802447,3050.6548509876,-2177.7980687094,2776.1472790117,0.7061462015,-838.0871998635,1541.4562637769,1.1617286536,-6073.435259391,-3609.8046488474,-267.3412309586,-2.7394700679,-0.4818985438,-10.7673026345,-0.0338645744,-882.2917496191,0.8243314211,-0.4165431244,28.1243141911,7.8994386827,-266.9844765902,7179.4862579611,-158.0399540469,0.2676118961,0.994539165,-0.7582639154,-2636.4590992757,-56.0461462877,13988.9871656165,4270.9195072148,0.5116704839,0.2373527505,2640.4981069284,0.7156135139,0.57936881,0.6451787237,0.1670792251,2741.6573105417,-1.6535988839,14951.6737185291,-947.5366144059,23673.4312855964,0.2706766162,-1545.8262628989,-10878.5591975443,-0.8419784641,90.9793678986,-0.8455123871,-0.9432437543,-4.3792806029,302.4296714835,-8839.4022759207,-0.2234139828,2340.2633839977,-8629.065841247,-241.3617116863,13264.0097106757,18555.5553043793,1701.5002751608,1103.2585893369,-11067.8229868611,-325.9480364154,10048.0441939585,-711.5598038993,-5526.7805590378,-1473.4030714275,737.3989790969,4354.4760968993,-904.1095103228,3836.864805245,-8228.4434930945,13351.5774796132,-1968.5861256312,-2352.2010822546,2174.3884795335,671.1588134031,-14.2485905857,-9378.8905454897,885.5346177704,5768.9948652262,-846.8684418111,611.429743093,92.6920300224,-638.5542392164,-387.9228537888,2091.2697709977,-0.6525707398,-0.3888673206,92.5309518734,-0.0686582758,0.5598126231,-231.1512427241,0.4772627504,17133.2754840981,601.7922509015,16.8194344968,0.2428854144,-0.4048521504,4550.5875710752,-2157.9988636788,-0.7029945727,-27242.5157277632,24713.8071505709,-7918.3744936146,-0.2639046951,5660.6054573821,-8849.6628518519,3480.0008829725,4046.5456662601,-5308.9964592995,2120.8973871614,-9548.8192322037,5171.7706234722,-6695.562172558,0.9090107673,-2490.0079985737,0.9321847577,-4228.244678905,59.8074663774,274.9494094494,1.1201029441,-6373.9303625278,-5.2393933605,16953.1278652646,11837.7500407865,-0.3890597871,8485.1336110421,-1.8065822326,14.9311969314,6408.128924546,-23142.9787089948,-2259.7902643298,457.5819900342,5119.7947505854,4863.3399345532,4156.1064354819,12954.5160719862,33.5254505156,-3165.7908786414,2288.5688036289,-10158.2669130881,-3802.3330756946,-503.6445810861,634.8921684836,-3199.4893932355,-30.3209627872,-4528.8344189987,-3502.4842185113,1994.6754758072,-9984.4498332485,-8939.5552529718,-6544.4977045807,13037.0656368929,2612.2653400345,9474.6356876944,1.7995611273,-2930.8799058329,368.3978826981,1376.7572007414,-11721.4154553264,-1725.7479197291,-2726.2405828244,-3348.9862972018,-16027.2612899464,20.4765313203,-2007.341090267,-1678.0853694344,1829.4888710846,-6653.4266105384,4948.7687268,15868.5049032675,4812.6757649669,0.5756621323,3186.7173860966,-2294.1436910207,-0.060213606,-0.651853862,0.9307453283,-0.2662969259,-30835.1428221439,15867.7023823542,-16508.7872557105,-213.3650669762,-6367.3235078658,12485.9154943357,0.2292779553,0.2253625121,-0.1180916249,-192.8272354457,-36.5386579223,9334.0276166278,-11179.9070194925,0.7313736784,-473.5447495838,-0.4932690529,-1.1830989744,-0.9521424993,-2871.7836841808,8903.8750636705,-4119.4993684246,16578.2984590634,1453.1178615807,-2603.5282670921,1.0287860755,-39514.2081147517,1838.6669496697,-0.8563846647,0.3116256502,0.4847380078,19947.5799535954,-3.2182158798,0.3176615737,0.2356176934,5296.1765493758,-6505.9570072234,-5159.934868754,6560.6560216315,2901.0856919289,2135.6539746877,8.8201234928,8837.8833331811,7547.996988556,-719.3869216843,-16253.2602084062,11870.4863134424,7352.9839879101,10462.9919002419,10525.3924923959,-21.5022308855,-6443.7032173769,-16276.8019855861,5371.8611460529,-295.5182713221,1045.4406058159,3820.6999692683,-597.4057400858,8157.2259362883,1992.2138704664,4600.7517474463,-12237.6623608885,-335.5300015346,8526.7100328731,16192.8138464994,22382.302931832,5.9375457234,-2792.574573595,1133.3253453883,-0.7577920684,0.3209081451,15864.2051136007,-1204.1092869172,0.3668258748,-0.8604050011,1307.2650397444,0.6269128425,0.3801404712,-2944.3070919182,0.4970292882,-0.0213879512,121.388191638,-1203.0236325741,225.2294299794,5524.2913729847,-0.7053167882,-15160.5594734808,-0.5814889263,-2.084221747,0.8161107067,-18142.6102344233,6922.6144460546,-10086.5775062274,3.2721727635,-1.3906024689,-9875.4102986431,-923.3523177992,-4967.4305828166,0.6377952381,-7842.0879249164,9459.7324001739,0.1959100398,4373.483235219,-5417.1680518679,-7036.448624763,-800.037909745,3024.0894498748,-4636.4441719277,-0.7549428371,-6154.6588068075,877.862071417,18358.9196967845,-1526.9141143022,3555.0466777803,-3.3897329469,2777.2372709909,3990.1130613962,-0.2050255544,8295.5965216159,7307.4211266462,10331.9754120864,0.6943401284,13310.2743406015,19942.4682309636,-3442.6531141068,711.3283312946,-12691.9986769262,1872.3578179389,4967.1176802879,-18934.3279612577,2186.3437096984,5975.2675538506,598.8150039874,2811.5498530753,-4677.3055554347,-10230.0930371332,-1047.9489214342,2638.5846165104,10385.7221941585,-1.8773482775,2812.2062811513,-2002.9742557939,1192.9968208348,-1006.1326545939,-444.225311194,-1353.3166499218,1.876482434,-1274.8936186976,22231.5517816312,0.5147902155,-40.0762326721,15939.8212277943,-33882.4681076467,-0.802207074,-0.6339272425,1.9812087293,-6956.4495190641,-9617.0545215883,-0.279292081,-0.3845100814,0.6696070335,1.4986305312,-33881.9959742094,17.748808239,12374.8755931699,357.8512528879,-0.6077317728,0.3835049415,-1807.2993428957,1.8455846982,2.9076058815,-8.8111662981,-1101.1958236943,-1.6123739961,0.4508484825,-2.0506041846,-2577.8076940659,26694.7059056305,-0.2189873425,19227.8180697756,0.4205747459,1217.4259133828,-0.1887409077,14330.3819054147,0.6061284512,19068.443648455,-31.3805054258,-0.4742303392,-0.1137735411,-6314.3954053325,3028.6440772199,19728.0162782235,-20.5368525709,-22930.7026581259,-0.3466142088,6035.4840626429,1902.9891648986,1284.6885342264,7217.5452189872,-14.3662736241,-13508.3761269209,5188.7837771547,6352.9731411419,2538.1182563318,2911.7849759293,-176.3998091199,4940.1732569098,-3494.8228667936,10027.5441265135,-1309.5713310842,101.0771648729,11.1286674355,-469.2068934036,-3354.3558647618,7753.4957161094,-326.1670926125,6379.8281628592,-51.2895410943,-3537.7485815587,-1147.8703792291,-10198.16762399,2136.8049693038,-1619.0980470933,5307.4339709006,7.0898620185,2314.851572842,-1611.9029177618,4100.1122968172,-175.336441481,-9746.9272596591,-645.2134656649,-2515.6647435577,2458.1162811539,4952.472072154,-0.1546792108,5.51565592,0.107415363,0.2264441644,6.9937901775,0.713360649,9364.9702070827,1301.1643997792,2457.8367017818,-11813.4080989008,-24568.5235283284,-1086.5438795989,6745.0256781301,0.9571521959,-19.8548043935,22590.7941400177,26229.3494396686,60.5814479136,-3536.7850874109,-50.4813286855,-0.2364067704,-5625.0515688707,0.3008778491,-0.0668231828,0.9196968221,-5676.6813498129,-0.0556810306,-18604.8679244235,0.923628502,-3717.5444355991,1095.6759911776,425.7492545212,7239.2204017753,0.0097832084,-3603.763328784,2368.8987535852,-50.1632767279,-3246.6608286848,-0.1476490663,3025.2802064931,0.0302094622,-19590.051086081,-10479.8423512327,7461.131245778,2484.0462579405,5045.2807973647,-8379.3835309761,1423.5566721667,3123.5097141038,-5453.1579140677,9351.654696859,-4083.2496754846,-2466.3986157026,-14152.9169364131,129.4259498679,-640.72733421,115.4296810522,2270.7734036479,12733.8592085956,7577.5542950168,-25541.7158408917,-22577.6987063194,11651.2755721584,4009.4988451425,5597.2654062864,6984.2805094036,964.3605167436,9817.2136469256,-3055.4732664017,-5037.4038663831,-1235.7320541305,-0.7690782761,-1.0428200764,482.0462039168,0.1491966473,2958.9106909166,2.3334349991,1.4907734405,-182.8629378153,-40.6972802284,0.0032115627,-36.4065217261,14.3610451866,1.0874690489,0.5423121089,-0.2212507797,-0.7560489414,26.011285612,-182.2410282688,2416.3586437363,4112.0583052345,12455.2791575077,3089.7761089808,-0.8030348062,39.4699666321,-4218.0541512234,-12341.0559443376,1.6756049448,2578.7399942085,1997.016963177,-0.9242958625,0.9349278977,-481.5979947308,-0.696901273,0.7636705234,-5440.8244323342,29.1602370535,1.205610177,-6.9784567279,-727.216050741,-0.0392779234,-20375.6946600915,3167.4062841304,-1476.9284912738,586.9082796551,0.6519659218,1.5959694293,22349.8262904075,2400.5169312571,-612.6803051525,-0.3972273648,-1563.3619670976,13166.2084865794,3686.3951133822,3692.3243676824,3384.8803075873,-7270.3391269614,-191.1770113387,6916.6601628702,2964.9210765638,2431.7430167936,-1485.2118193614,-2410.8885656363,-5781.1501701838,-147.5382500401,1997.3707616371,-8704.3558488545,-554.4344636782,5053.9843645884,-4288.7876971078,1794.7652785653,642.056219747,2714.4620967283,7793.856704332,-3114.1832936861,-973.3873636613,-2446.6060785443,56.8434331635,3174.2231372919,-6348.7253932457,9771.6457901759,-11734.9072365568,-184.9542294587,-9785.9249301163,0.6007702318,1.0578260316,-4826.773457539,1.0382980577,13207.8369454483,-0.5038148799,0.4093091639,-9.5832374963,1656.532334247,-0.1218566892,-4413.0190667085,-0.6535809362,0.6101418041,0.5516456503,13207.911024181,5376.2859321737,-7820.5718172864,570.6647465255,9106.9404956857,-0.6676534239,0.2790816199,-3784.9068061269,-99.5201205328,-9452.9848313189,0.1467087538,0.5787892053,0.7860870441,-25.1325261746,-132.1325179005,39.1764144534,0.0448660806,1763.0286533803,-1.0331219848,-13562.2211238991,0.6534202745,-2769.9779246546,0.1545327663,6429.6254035176,-2491.2380454348,-11.3234762862,-69.7474227054,11769.6642943987,-0.9705124569,36.8048320076,-0.1974878834,5.6453744417,0.4292834914,-614.9971907604,-14851.1088701113,-1417.9622334464,13493.7571843956,9934.2014425485,2631.955433119,588.3575148313,-11273.213687213,-2345.1656210036,4.1031504369,-2358.5609471833,-13.1961521699,1001.4615384971,-6499.8504133207,-8568.7199249746,561.2573912851,-3.4074338789,-2235.4390459119,13776.7394667723,3132.9072274994,8182.2073321673,19705.3441241157,-2776.1839820345,3829.4400120161,3440.0851067938,8314.2758119849,-1136.876811508,-10906.8961639359,7183.5067658574,13.018008777,0.1023271209,-2469.4109586447,6664.8142641742,-5661.008870983,-1652.2011954828,32.0129127528,-6972.9973294991,7557.9744000123,6667.3074965722,-0.8292645784,-18.7157340036,-1353.4843029132,7326.7635016391,8076.3757297695,-0.1101632632,-1656.475114601,186.0212848907,7558.4720934405,1009.0975610963,-9968.1548367146,-0.2176409003,-4526.4680627381,1139.8109868809,-0.984385694,2243.3617202262,4.5661160673,8194.992052913,-1295.3824210436,1.2082460979,2.7835337594,0.764249825,935.1545862944,-4948.1050683166,-0.5631860721,16709.3343070329,452.8055548095,-0.3427932425,0.7406768527,0.5529244491,1936.2073627022,-0.0216545226,1911.9953638514,0.3689671396,-6945.4939952067,0.1286763274,-0.5488524185,-8711.1467906643,0.4967502761,2.9594625193,0.7269760844,23703.8144586604,2563.3556058554,3490.0355699713,8347.1043785722,-2500.112562464,2248.3910738507,-3141.3745175984,-14224.2166923429,-0.5359718934,-4773.6341274464,14082.2244361531,-73.4529727564,8601.5564202466,2038.3168478465,-5081.6379016724,6798.8328383694,-12832.4592958392,-2343.0940519725,-7163.9056012172,2265.5895503463,14284.2450526287,-5737.876546409,-12164.523807018,3418.9297090023,-3889.0319624398,20661.3954347489,5759.8406685558,-5440.100195674,6223.2053037583,4.9801608079,-388.1514333063,0.0920025353,14242.484267882,-28774.2025631836,6.8527955647,-1824.0334671192,2434.9576940959,615.6883298824,-0.8421498104,0.9453386107,0.8461718635,-0.5934070371,2085.5591552417,-1548.3580250017,-0.4959404274,7694.4994770293,-89.1961408913,616.7581603588,0.9223130067,5464.8631159454,0.512656073,-1.0793169142,-0.1802649791,-5.3540068162,636.060621824,3222.2218321192,1914.0402316808,-17019.486076279,-6687.4190843509,0.7453251232,-8241.9013606136,-2.722794577,-1.0914668804,0.773904598,-6531.2163303293,2.572549336,-0.4020064819,6782.9298586772,-26970.7089962906,0.7302661561,8.6168457492,-9956.5293271678,0.6305703499,-0.732089905,-0.5412579596,0.3782373075,-5996.2061757295,5002.7869512659,3620.3266952468,0.1799803913,-1053.2271468829,5044.1752141188,-5970.567642176,-10637.4301633911,-2691.8045725705,6749.3095316734,10.1068330961,-5381.2093582161,-4211.7390543401,-26.4006409883,11048.6274881719,4048.9529311393,4207.9398027843,1937.1485954141,734.6401552478,153.2689421328,-12958.539478106,-5359.5930991252,-6695.8858013264,2627.1556734587,380.7967672442,2075.9938998512,0.0758309474,5898.9995200118,-8003.2318970069,-5415.29654724,-12494.2506991454,-11359.5799566566,-7945.2063290732,-29136.8053048202,-8.7479841843,-20424.1896345826,15683.4616204506,7.8158378345,-3.2551820283,-6536.0990291088,-6.9386620306,1888.5504050096,-57.8418286058,0.5034808075,-412.2538975879,-4472.5218672485,11.1791896274,-0.2683728388,-0.5620877943,0.1073503563,-3244.7110749566,1889.6966952627,0.336968921,-0.5045373598,-18620.0473281912,2472.1194663929,-0.7496623298,-5526.2336446744,-2.1669000426,60.7625660665,-4694.152094016,2048.4853829403,-0.1009040265,-525.5343800346,5897.7245298342,0.1475104805,6575.3125245175,0.2737048816,5792.6079159564,23.061635887,0.6412256165,-3662.805308493,-4549.3808300431,-0.1753195807,-4263.835799856,7598.2395350413,0.0799153687,57.2250373166,0.1254809843,0.5634279097,-7696.4638204049,2914.4651896324,-3.9403323486,12.2861968743,6216.2302480021,-5.3037401809,-8763.640665232,15022.7553219356,-15009.0129351137,-9870.9238350232,-1687.0811804257,5757.3356890756,-5586.5018890859,-18430.3458925387,604.2708142974,2265.6201382859,3443.6429490502,3115.7250910438,-836.7791143231,7529.976600291,-1548.9669248688,-3866.9195571571,-2048.2268561427,241.8760598464,4272.8084769077,888.0636953831,2486.8404921177,4.9361962936,-3387.6451765393,4.2726598697,1781.0880174075,6976.1129661452,-1462.6786164015,-5240.9922415027,-508.4681222875,-0.3804525055,4049.7208996305,3943.8134481792,0.1811980066,3232.7449355072,-8945.4742306396,0.9199885097,-1.0710470773,0.8215176611,-0.8974520065,0.5224945562,-2143.3986951407,3170.3105950097,0.6584993317,-20.4141475414,3188.5778820038,0.9019854888,-32991.8240854705,2.6834361829,13.9472673586,1362.9782868199,2625.9918764849,0.1527457513,-553.6485542716,2567.5365220078,0.0843476336,4030.7720895386,-654.4814086748,0.2174459611,148.2327406137,0.5705988376,8069.2504290796,0.5950354255,11624.6221066886,-3111.8729196935,-3710.9104141487,0.6938917729,978.0054849664,2.217922508,-152.2051233627,19647.5290680257,-0.6716343592,-0.1046633299,5518.3823479314,-5629.4292683652,-7745.4821089786,-2512.3382129473,-849.6662716936,1.0028101842,3284.972286542,12462.6445266892,3494.6798413403,-8736.3394588285,6287.9118985475,7688.4412347819,-991.7521259167,-21154.8341425413,-4754.2260263153,-9813.1562617863,6638.2795989867,-11756.1312448019,4238.1432045495,-6.4806062481,-5710.4420623895,-1339.365959168,20.670039325,-80.8666222309,4918.7122082092,1.2278395507,-3193.7692319742,11596.4157018429,-1691.7562721201,281.912000792,-4802.9468306498,-4560.0544438529,-1.2939600727,-6137.7586198097,2.2216346276,5401.8785564258,-4454.6272043087,-2111.128817924,-241.5889087207,1285.1504984103,-7024.349183085,2972.6589365457,30530.280542871,8383.1005772986,1.0700037315,0.3011191978,-11406.3282053062,-9976.851513403,-24.7169629397,-8.1089350787,-0.5038667971,-3287.7390101107,-1.6109324693,8384.2381773424,2278.2661968283,3732.0073531701,1445.8850581162,1.192506833,0.0295046712,1463.9761481085,1.0439129637,-18064.1319852145,-843.0021543776,-5931.1368889514,0.3809497379,-0.4516268734,15.7743470741,-1.0051922408,-241.1360848465,0.2229556152,10073.1994306618,-657.1880658943,-154.6864005587,1778.1487764335,0.5489798355,6820.384791148,0.397530328,8145.3053299415,-0.5275787375,-13161.7767218593,-1162.4614969381,22275.6569328244,104.2100249246,0.0091340736,0.3526676083,0.5994489498,-3282.2648496222,11179.7724878255,-1790.234350883,5282.5455831271,2596.7596768872,4072.5697908316,-7569.1572727238,2647.4809912608,1091.5163879039,1265.0818188277,7188.4704787418,-5158.4372244665,-8524.0196974435,2449.0534216877,7204.068335595,-67.2915380673,2947.5163278317,251.1016923801,-5495.4669555621,2905.9883564329,-3484.5292621464,2399.5999119294,-0.3342101264,-10259.7463508507,-1210.9628267644,1.0186030917,-238.5134288918,-4786.9379112708,-439.6622962348,-31.275194958,1.1087772924,0.1903437244,-25.5503961607,0.8608794761,-0.9090364623,-207.8716789013,0.7316925161,-0.713485943,-2980.5686216601,0.0316074907,21173.1045940307,1498.3044020078,-0.6196483249,3752.9475369675,-0.4713832186,-35.5424140901,-42.2266935242,-0.4648483615,0.5371105652,-0.7674774923,-7086.1842871958,-31013.4129060607,813.8725486519,-1.0763291299,15684.5404456391,8020.9640903285,-2.6378920298,2.0947732573,2785.1098688194,-10652.8242815128,-0.8996171011,0.4127192228,1001.8058361922,0.7420011093,-924.4532328931,3.5563665599,952.8369690651,-5810.5050260816,-21458.7605914123,0.0927057272,3432.7893302196,2806.8616561212,-40.934020164,13512.5247655999,-2.294295879,2332.7533820383,12924.722124801,0.8886962864,0.0208956608,0.8433677145,-3816.6558349092,5236.3895827071,-529.3667843386,-2960.5465065022,1.5184784342,-1133.8261981726,4952.6801023707,-3756.1700821336,10251.0804323782,12.1072154227,-4790.8347218554,289.4359346333,-5347.2614507177,-29.3739903053,-1536.8124082338,-7659.3487577246,13.1652585771,-13041.4467963874,-949.9161001555,-1.4072699549,-11705.4184543297,27.0401431011,-769.2977257383,6616.0131305706,-55.0993335105,16372.5673765979,-3422.3490444508,776.7013184195,112.267471669,-4538.2672648302,6698.3480601483,1.0056918587,8636.6582947229,-6.6062842402,97.4847023033,-13073.5855974384,-1789.8604782707,-0.8657121151,0.5447147639,0.3118618653,0.1356728462,393.8606558095,-23.4240425444,184.1972581136,-0.3073487629,322.3808095574,3534.7449851522,0.9576479265,-1976.5488949645,-5642.8490204693,0.5735495189,17903.5477656446,-5.3682356985,0.1966653374,0.4126036367,15099.8492326809,585.2128504574,300.2880567148,-2824.6647831387,-137.7172592763,-3.5050428424,-32860.4834476569,35.7703982604,-0.5960021575,-7221.1043708203,-660.1353556954,-0.7426185348,0.3116371941,-3915.4134855295,0.5522343329,-1.2339933786,-4859.1633529532,0.3858591989,0.6793533869,-0.2863440932,-19839.0047056932,-524.8951912488,0.1478005599,-74.4034198787,-0.3005707228,3606.2465172898,2892.977640112,-4477.0290980631,-12411.6104257339,18.3259583733,8265.8821772162,-3259.3093152012,3463.8304364599,12231.3000730352,883.5622761666,5218.1156736154,965.3918315657,-0.2232200467,1.3552554074,2316.7579476367,-337.4679953339,4477.0857870848,-2890.3619098523,1895.4735889693,13468.1656983273,443.727514471,-6802.6225966781,7083.7744030087,1759.9873536865,-8402.9548764138,7974.5159976007,7358.0333283196,3611.5374350424,-4786.2069738651
##end
biasActivation=0,1,1
[BASIC:ACTIVATION]
"org.encog.engine.network.activation.ActivationLinear"
"org.encog.engine.network.activation.ActivationLOG"
"org.encog.engine.network.activation.ActivationLOG"
