encog,BasicNetwork,java,3.3.0,1,1425320456040
[BASIC]
[BASIC:PARAMS]
[BASIC:NETWORK]
beginTraining=0
connectionLimit=0
contextTargetOffset=0,132,0
contextTargetSize=0,30,0
endTraining=2
hasContext=t
inputCount=50
layerCounts=50,31,81
layerFeedCounts=50,30,50
layerContextCount=0,0,30
layerIndex=0,50,81
output=0.0567960334,-0.0902860724,-0.0325919361,0.0892502429,0.4177485262,-0.3280059121,0.0467402053,0.1188426877,-0.0216385927,0.1435736959,-0.002244019,0.0424935111,-0.0701932003,0.4770489443,-0.0107147492,-0.0000457815,-0.2412790962,-0.0323573429,-0.1391867216,0.2287496421,-0.0450226401,0.2396527793,0.285949308,0.1003459215,0.3826355527,0.0280170156,0.0201435818,0.3127403832,0.1936747008,0.8164047198,-0.0328755974,0.1928826337,0.0673290864,0.2490338736,-0.0000078579,-0.0377852481,0.1804253666,0.1090883752,-0.0638551077,-0.1563050971,0.3400622348,0.1140378595,0.2640863669,-0.0728478538,-0.146423057,0.3140666918,0.3336413206,0.1977250078,0.3580643043,-0.0606171328,8.4058561956,9.9597191549,10.1114697453,-7.5013866232,-9.6979416844,-10.5697140493,-6.8011370603,11.1355525429,-7.2016709864,-9.6957088734,-8.5538395838,8.5293167074,-9.7238762066,9.1409120821,8.2484692189,9.866889484,-6.2191544904,9.5098156277,6.4287791213,8.7719318833,8.2010201344,8.9322588461,9.5653726458,-8.4839025378,9.6564662744,-10.2533348984,10.4636748425,8.2988468211,-9.1202138267,-10.5744798984,1,0,0,1,0,0,0,0,0,0,0,0,0,0,0,0,0,0,0,0,0,0,0,0,0,1,0,0,1,0,0,0,0,0,1,0,0,0,0,0,0,0,0,0,0,0,0,0,0,0,1,1,0.0567960334,-0.0902860724,-0.0325919361,0.0892502429,0.4177485262,-0.3280059121,0.0467402053,0.1188426877,-0.0216385927,0.1435736959,-0.002244019,0.0424935111,-0.0701932003,0.4770489443,-0.0107147492,-0.0000457815,-0.2412790962,-0.0323573429,-0.1391867216,0.2287496421,-0.0450226401,0.2396527793,0.285949308,0.1003459215,0.3826355527,0.0280170156,0.0201435818,0.3127403832,0.1936747008,0.8164047198
outputCount=50
weightIndex=0,1550,3980
weights=##0
##double#3980
   -0.0003089928,0.0040486161,0.0052477064,-0.004241491,-0.0026112465,0.0042426843,0.0019598161,0.0007315704,0.0044696837,0.0028549234,0.0022513823,0.0054887343,0.00011052,0.0059546982,0.0052371493,-0.0038432852,0.0067341403,0.0001681202,0.0002747759,0.0074285536,0.0041823807,0.0001230283,-0.0024893451,0.006587335,0.0007153572,-0.0003995408,-0.0008843968,0.0003920718,0.0019643324,0.0017106485,-0.0187754424,0.0047349842,-0.0087359715,0.0086277089,-0.0010686515,0.0065495097,0.0041885053,-0.008098881,-0.0045403678,-0.0068512103,0.0037122721,-0.0012070617,-0.0032402027,0.0037703086,-0.0008113168,-0.0036340483,0.0131154397,-0.0009134751,-0.0042310009,0.0008996788,0.0011939826,-0.0044081109,-0.0082283564,0.0050680318,0.010341905,0.0015074123,0.002109594,-0.0003712705,-0.0077744846,-0.0050741254,0.0026389691,0.1378558894,0.0011138217,-0.0040444853,0.0064408813,-0.0001184826,0.0061272146,0.0008821703,-0.0023260235,0.0030034427,-0.0068822377,0.0204719407,0.0066603112,0.0003575823,0.0006295137,0.0043879517,-0.0040565752,-0.0011042634,0.0009403143,0.0055721794,-0.0116593712,0.0024438495,0.0095253931,-0.0017014962,0.0025267733,-0.0008687484,0.0007860184,0.0072429121,-0.0105081709,-0.0004900858,-0.0022581258,0.0076480044,0.31789847,-0.0013750126,-0.0004831391,-0.0080287521,-0.0007885956,-0.0002399601,-0.0016079851,0.0011449767,0.0044693753,-0.0007932423,-0.0061022642,0.007517355,-0.0002155815,0.0065372804,-0.0013160108,0.0012407034,0.0071932089,0.000843152,0.0003574131,-0.0017867218,0.0091399964,-0.0005091084,-0.0027981,0.0031237392,-0.0022137927,-0.0044743502,-0.0018870484,0.00100276,0.0029528342,-0.0019695166,0.0038416595,0.0404180206,0.0046808891,-0.0008929053,-0.0014781499,0.0017134089,0.0044993008,-0.0131648499,0.0043045904,-0.0041777169,-0.0055286152,-0.0014128377,-0.0049053159,-0.0021455051,-0.0025924972,0.0070284356,0.002824115,0.0118445955,0.0013668926,-0.0026142697,-0.0019001571,0.0038708605,-0.000441614,0.0052745974,-0.0014572042,0.0035758162,-0.0053964787,-0.0034512187,-0.0032702088,0.0047588522,0.0008129763,-0.0069353504,0.0465165209,-0.0042792143,-0.0035308319,0.0016546572,0.0001653995,0.0044455277,-0.0004090571,0.0005311937,0.0045696388,0.0169776858,-0.0146971342,0.0019008506,0.0049188579,0.0011481756,-0.0049575707,-0.0035301835,-0.0041187554,0.005497801,-0.0030937607,-0.0049569609,-0.0070823756,0.0043866267,-0.0035645483,-0.0039459803,0.0027082579,0.0029545089,0.0052216043,-0.0066563203,-0.0000551432,0.0087142778,0.0000396172,0.1886725279,0.0017737098,0.0003406146,-0.0045541879,0.0011641088,0.0070940582,-0.0104426806,-0.0039525026,0.007720175,0.0032274167,0.0047779417,0.0022531284,-0.0036885694,0.0030768075,0.0036646862,0.0042474952,0.00447626,0.004510438,0.0059902616,0.002040945,-0.0030472933,-0.0026915697,-0.0015163679,0.0063877647,-0.0042431769,-0.0033677195,0.0033327373,-0.0063382978,-0.00220512,-0.0053443575,0.0065542751,0.0614049066,-0.0053297965,0.0018042624,0.0042924667,0.0009621574,-0.0038263956,-0.0081965881,0.0046375221,-0.0113359244,-0.0060630348,-0.0032686226,-0.0070332871,-0.0010332532,0.000144734,0.0023039632,0.0062080825,-0.0003614014,-0.0055087123,0.0074353233,-0.0021940204,-0.0036804739,0.0018485765,-0.0072877175,0.0006223508,-0.0072462699,-0.0079651013,0.0031861278,-0.0029308382,-0.0023350171,0.0122979429,-0.0004701767,0.1402625813,0.0050583378,0.0020485408,-0.0083835315,-0.0005828748,-0.00271913,0.0052659168,0.0007518796,-0.0025612688,-0.0050952797,-0.0050409497,-0.00733284,-0.0048154449,-0.0002047353,-0.004626166,0.0025497081,-0.0028121446,0.0030544526,-0.0043514499,0.004872293,-0.0049679829,0.0078410737,-0.0068534083,0.0083659631,0.0002482515,-0.0051837419,0.002342785,-0.0022170054,-0.0054784553,-0.0012419452,-0.0009202555,0.1118618149,-0.0039386372,-0.0032335824,-0.0083796615,-0.0111236672,0.0032984457,0.0000896457,0.0059709098,0.0024311468,0.0006921478,-0.0089698005,0.0077555536,0.0049516024,-0.0125705924,-0.0096662778,0.001748057,0.0038981013,0.0080730228,0.0036935011,0.0077882411,0.0006343728,-0.0020667983,0.0018553856,0.0001959573,0.0010272508,0.0032190824,0.0023990857,-0.0060958075,0.0126603475,0.0037969881,-0.000567682,0.0595373284,-0.0001182546,0.0002386516,-0.0001077787,-0.0002082328,0.0000888686,0.000018208,-0.0002097,0.0001213267,0.000014021,-0.0001025713,-0.0001199533,0.0002070833,0.0001123539,0.0002020825,0.0001758203,-0.0000943069,0.0001546748,-0.0001406207,-0.0000447228,0.0001046157,-0.000143576,-0.0000767546,-0.0000443896,0.0001686973,0.0000571247,0.0000325452,0.0001271548,-0.0002451364,0.0000637883,-0.0000688895,-0.0050552261,0.0026298695,-0.0047344867,0.005569169,0.0039946554,0.002018242,-0.0024539489,0.0020394721,0.0029199983,0.0009559504,0.0032471959,-0.0053470007,0.0012435009,-0.0013857331,0.0068806885,0.004002966,0.0037848562,0.003837115,-0.0009672438,-0.0015920462,-0.0051311056,-0.0048731544,0.0097155673,-0.0030618867,-0.0073593657,-0.0070070735,0.0028901665,-0.0016443502,-0.0073791538,-0.0034012219,0.0066164438,0.0745044401,-0.0036133557,0.0033166276,-0.0036038859,0.0093926956,0.0085575557,0.0011842336,0.0039628168,0.0039081473,-0.000961186,0.0029247582,0.0016461852,-0.0055697917,-0.0028785043,-0.0021299217,0.0061383384,0.0008379441,0.0009789588,-0.0018866806,0.0046121394,-0.0059088662,0.0047201754,0.0088913118,0.0104719775,0.004466948,-0.0000430472,-0.0031901761,0.0012752133,-0.0050794819,0.0006998185,0.0087544665,0.0898724996,0.0005677901,0.0021891443,-0.0019261856,0.0026816798,-0.0052168667,-0.0041360735,0.0042057806,0.0021835655,-0.0029635596,-0.0100510942,0.0046564687,0.0117982255,-0.004148137,-0.0059985032,0.0005378939,0.0027704191,-0.0045369208,0.0011901519,-0.0017473256,0.0050193398,0.00239082,-0.0004808712,-0.0006217878,0.0006243924,-0.0003322351,-0.0046105867,0.0007737377,-0.0019367769,-0.0030165272,0.0056263087,0.1226711869,-0.0023549638,0.0050922435,0.0060365451,-0.004559726,0.0110928201,0.0179956998,-0.009709298,0.0034198017,0.0031973143,-0.0037490937,0.0060346648,-0.0050219316,-0.0065594149,-0.0077223607,0.0012329836,-0.0007915252,-0.0014846423,-0.008177699,-0.0001650769,-0.0071948887,0.011945694,-0.0048655296,-0.000247682,-0.0036651917,-0.007380515,0.001088463,0.0077930368,-0.0007397049,-0.0007292323,-0.0026842849,0.1638334542,0.0000004868,-0.0000002507,-0.000000359,-0.0000002191,-0.0000011675,0.0000007036,0.000000767,0.000000711,0.0000000433,0.0000009637,0.000000029,-0.0000000771,0.0000007097,0.0000004136,0.000001512,0.0000001594,-0.0000007923,-0.0000006254,-0.0000012685,0.000000133,-0.0000005128,-0.0000009291,-0.0000020552,0.0000014508,0.000001096,0.0000000912,0.0000008368,0.0000001581,-0.0000005899,0.0000003886,-0.0000208454,-0.0125688218,0.0001547852,0.0017020564,0.0044082483,-0.0012784703,0.0010081137,0.0012878719,-0.0108932645,-0.0043114883,0.0163115991,0.0031243213,0.0004062837,0.0080698611,-0.0001567925,-0.0032072484,0.0022317854,-0.0126755926,-0.0030429276,0.0058309015,-0.0109176682,-0.0023064743,-0.006275372,0.0049767082,0.0060300881,0.0073468587,-0.0015720876,0.0093533768,-0.0005275078,0.0021356371,0.0066756755,0.2381324355,0.0029536907,-0.0086804769,-0.0004610621,0.0030246126,0.0110752994,0.0043678463,0.0048143687,-0.0008607997,-0.0012732051,-0.0059482813,0.0029349159,0.0016204693,0.0083328517,0.0048630025,0.0043294542,0.0022287992,0.0003518441,-0.0007311909,-0.0030662677,0.000145239,0.0054718294,-0.0006889315,-0.0026686832,0.0051301414,0.0128350203,-0.0047792308,-0.004041588,-0.0080676794,-0.0043956935,-0.0087011821,0.0379452409,0.0024447943,0.0016987314,-0.0072415558,-0.0032139893,-0.0017146758,0.0085743263,0.0012825753,-0.0039240253,-0.0083197314,-0.0054062668,-0.0081108339,-0.0071219707,-0.0014663304,-0.0025410156,0.0043186205,-0.004684004,0.0022986873,-0.0042585794,0.0029449333,-0.001705819,0.0061576984,-0.0078730836,0.0063035435,-0.0017201486,-0.0034246913,0.0056134289,-0.0013162127,-0.004843297,0.0028913971,0.0032106096,0.0981468143,-0.0023694413,0.0022279075,0.0026613084,0.0091440071,-0.000934735,-0.0042939275,0.0010860737,0.0080670176,0.0012920599,0.0025733819,-0.0032111083,0.0009703145,-0.0079216418,0.0037842109,0.0025462105,-0.0051902329,-0.0027836512,-0.0050446,0.0052631232,0.0041102606,-0.0064726416,-0.002316762,-0.0012237558,0.0034157369,0.0081881091,-0.0077635806,0.0042972139,-0.0034900478,0.0006743401,0.0075494272,0.0349078138,-0.0082645639,-0.0023661067,0.0001470407,-0.0062987636,0.000016571,-0.0036480192,-0.001630968,-0.0033207579,0.0026741949,-0.0100653666,-0.0035637546,0.0102033721,0.0013071308,0.0087311536,-0.0006062042,-0.0057568776,-0.0065656679,0.0025032158,-0.0008112842,-0.0064956313,-0.0010476464,0.0001842643,-0.0050166575,0.0009930042,-0.0053095717,-0.0037160925,-0.0040865163,0.0008795534,0.0078530033,0.0039286397,0.0083322982,-0.0036144546,0.0005006458,-0.0011353547,0.0013874618,-0.008093226,-0.0030913631,-0.0027742793,-0.0011929358,-0.0020196526,-0.0039443967,0.0073372677,0.000579594,-0.0021939005,-0.0020913938,-0.0036651936,0.002856498,0.0019655165,-0.0043953453,0.0027695111,0.0055004126,-0.0008433624,0.0054351686,-0.0016501259,-0.0048312352,0.0038033123,0.0017917639,-0.0014263166,-0.0009135363,0.0012311468,-0.0032866455,0.0768095,-0.0002631585,0.0043315504,0.0025763677,-0.0043089452,0.0012704,0.0043498609,0.0074653612,0.0069957927,0.0056924925,-0.0040109436,-0.0012371819,0.000280544,-0.0043165831,0.0007036052,-0.0053228145,0.0054657808,0.001625633,0.0004485398,0.0056999204,-0.0033862237,0.0036442234,0.0032463349,0.0037777962,-0.0041019365,0.0053599289,0.0076807536,-0.000045252,0.0002963233,0.0039877617,-0.0015823706,0.0622457578,-0.0035113202,-0.0055756065,-0.0060209022,0.0067199033,-0.0098808856,0.0051035928,-0.0087657881,-0.0076625886,-0.0073986072,-0.0137878354,-0.0013606312,0.0022493284,-0.0001584659,0.0044997388,-0.0062612067,-0.0064312942,0.001821984,-0.0101350085,-0.0005258951,0.0012442711,0.0001235177,0.0091179128,0.0005330106,-0.0066150183,-0.0042870665,0.0065547389,0.001938278,0.0027401979,0.0028737381,0.0037767852,0.2233853185,0.0031399249,-0.0037223162,-0.004085513,-0.0044119951,-0.0043492166,-0.0072854158,-0.001238396,-0.0008774065,-0.0048134123,0.0097051017,0.0074667218,-0.0029557794,-0.0090932055,0.0002678844,-0.0043401953,-0.0005072922,0.0037668797,0.0024671763,-0.0064655267,0.000377356,0.0092714628,0.006402643,0.0000612044,-0.015565434,0.0023694604,0.0042667896,-0.0086352178,-0.0104217496,-0.0044486737,-0.002791126,0.2821211663,-0.0048203504,-0.0018009427,-0.0031535195,-0.0054352163,-0.0047431984,0.0045780655,-0.0020982795,-0.0047635969,0.0034166052,0.0096396112,-0.0079297129,-0.0045022184,0.0001545071,-0.0080314264,-0.0017803144,-0.0017691389,0.0014000316,0.0071536288,0.0003549544,0.0006399646,-0.0034443519,-0.0058555441,0.0014978578,0.0033763065,0.0075799511,-0.0041959331,0.0026718677,0.0047591243,-0.0041451615,-0.0019448047,0.1000576193,-0.0005947024,0.0048107052,-0.005443764,-0.0039044954,-0.0048925491,0.0026072581,-0.0004299622,-0.0025595332,0.0023165408,0.0072378019,-0.0064676886,-0.0021472803,0.0009829962,0.000081011,-0.0033280579,0.0033513924,0.0003333796,0.0011008129,-0.0022593216,-0.0012630807,0.00030332,-0.008073152,-0.000385689,0.0038364945,0.0041750406,-0.0042827736,0.0030500474,-0.0004248821,-0.0038532964,-0.0007456511,0.0291494686,-0.0015691048,-0.0088269976,-0.0013563167,-0.0097907418,-0.0007062451,-0.0044261489,-0.0092515477,-0.0007490606,0.0069774619,0.0045242634,0.0074362853,-0.0066834781,-0.0075504941,0.0075608934,-0.0049118008,0.0024859375,-0.0021714811,0.0006093556,0.0019938704,0.0157576201,0.0019408736,0.0011101894,-0.0039208198,-0.0012395608,-0.0027975596,0.0042048609,0.0078927002,-0.0002083219,-0.0054151343,-0.0006026766,0.0984070305,0.0027154355,0.0111378893,0.0050464056,0.0022019177,-0.0057898326,-0.0008942985,0.0038973459,0.004415883,0.0119547048,-0.0054494113,-0.0014087292,-0.0103838887,0.0068193043,-0.0071281548,-0.0051664643,-0.0032547211,-0.008770737,0.0025243081,-0.0015026035,-0.0022777471,-0.0032286773,0.0093595463,0.0026726644,0.0029007055,0.0000946094,0.0019597646,-0.0038028336,0.0056286029,-0.0016174391,-0.0029846039,0.1120714902,0.00300437,0.0039710544,0.0055936313,0.0027886996,-0.0028876487,-0.0130604168,-0.0045904376,0.0027055771,0.0143116344,-0.0005008734,-0.0017966046,-0.0013076138,0.0040980638,-0.0157745017,0.013650425,-0.0073928373,-0.0117531672,0.0006623451,0.0069718584,0.0017807128,-0.0054211219,0.0120495097,0.0045595376,0.0085608058,0.0139228145,-0.0154019982,0.000835672,0.0021359083,-0.0037819614,-0.0039595085,0.1577613739,-0.007117996,0.0056006651,0.0100584504,-0.0134507318,0.0023289424,0.0031172437,0.0095783595,-0.0095199496,0.0006070881,0.0054773116,-0.003909955,0.0067764142,-0.0034242971,0.0106348778,-0.0030178047,-0.0021554565,0.0000703514,0.0039186488,0.0123541378,0.0010317844,-0.005109694,0.0042973785,-0.0059791483,0.0102869204,-0.0142012673,0.0115888022,0.0064081339,-0.0028050685,0.0017784553,-0.0007362923,0.1204471231,0.0063818098,-0.0008143163,-0.0096891985,-0.0058712675,-0.0072475763,-0.0040568624,-0.0109913304,0.0088393645,0.0098790542,-0.0040024911,0.000125617,-0.0046299931,0.0095678884,0.0096949074,0.0003030921,-0.007650742,-0.0010700902,0.0011461859,0.0023959586,-0.0045459626,-0.0036171835,-0.0010439277,0.0047520526,-0.0015783555,-0.0036367702,-0.0087645507,-0.0013600393,0.0026460964,-0.0026794509,0.0030245538,-0.0026318263,-0.0001005416,0.0028336086,-0.0034517817,-0.0047209893,0.0056621167,0.0029478757,0.0015665686,-0.0011431814,-0.0057578614,0.0079924277,0.0040676713,0.0007179768,-0.0046937428,0.0015574846,0.0040738279,-0.0046711964,-0.0020855281,-0.0103464217,0.0036301929,-0.0038381734,-0.0055924903,0.0030690737,-0.0053755314,-0.0026777892,-0.0045072212,-0.0006356419,0.0075902757,0.0134999201,-0.0033621715,-0.0119323184,-0.0021873982,0.0022928352,0.0012884695,-0.0029823176,0.002106728,-0.0063279466,-0.0032084197,-0.0003266367,0.0066773466,-0.0009142177,0.0008525311,-0.00298714,-0.0101465436,0.0050739028,0.0098109479,-0.002822467,-0.0063262391,-0.0147572324,0.0102024909,0.0010604432,-0.0031263617,0.0030152807,-0.0002179238,-0.0060073547,0.0041782093,-0.0036896082,-0.0038967094,-0.0021632224,0.0029533639,0.0008035436,-0.0034197992,0.0659609284,0.0000012035,-0.0000001053,0.0000001034,0.0000011091,-0.0000013987,0.0000003796,0.0000004905,0.000001798,0.0000008747,0.000001947,0.0000012844,-0.0000012187,-0.0000002924,0.0000008175,0.000001022,0.0000009924,0.0000013104,-0.0000002098,-0.0000000846,-0.0000005786,-0.0000008183,-0.0000000878,-0.000000647,0.0000020388,0.0000003084,-0.0000009272,0.0000013893,0.0000017147,-0.0000025743,0.0000006197,-0.0000292993,0.0047046472,-0.0017788053,-0.0007087248,-0.0024057078,-0.0020273383,-0.0025377078,-0.0051659625,0.0016331736,-0.0082562389,0.0051607632,0.0019299999,0.0019078398,0.0005212237,0.0013447796,-0.0011257199,0.0020006594,0.0004922899,-0.0014824052,-0.0029103053,-0.0054066171,-0.0072923506,-0.0064447083,0.0084465908,0.0054591696,0.0059508426,0.0073599607,-0.0046523899,0.0005456799,-0.0017655502,0.0036167438,0.0533175789,-0.0012168969,0.0001075281,0.0015792411,0.0042572579,-0.0005906785,-0.0046555137,-0.0030458705,-0.007049719,0.0057856157,-0.0069811064,0.0071004608,0.0005219617,-0.0035609285,-0.0023532682,0.0038644228,0.0151066779,0.0018724052,0.00638458,-0.0090070702,0.0116683486,-0.0006798962,-0.0081215913,0.0055454909,0.0034940194,-0.0154925213,0.0022441416,0.0032043401,-0.0023363935,-0.0030904927,0.0057109178,0.1964932415,0.0042976068,0.0003991605,0.009046516,0.0017644088,0.0024145969,-0.0087908228,0.0016778043,0.0048234253,-0.0004322409,0.0018531961,-0.000445514,0.0038104288,0.0045378039,-0.0110673912,-0.0052268389,-0.0021363416,-0.0063231834,-0.0110513192,-0.0018245297,0.0049411112,-0.0052783319,-0.0049517115,0.001731227,0.0021978752,0.0053668147,0.0007285954,-0.0013405654,0.0060461623,-0.0013196232,0.0058063688,0.1596000548,0.0016703953,-0.0100965219,-0.0014769487,0.0008699839,-0.0047114941,0.0016633048,0.0086136573,-0.0001418967,-0.0022461414,-0.0094087636,-0.0075856433,-0.0029653554,0.006780543,-0.0038773686,0.00092653,-0.0103465327,0.0055851614,0.004770802,-0.001026895,-0.0026537245,-0.0105473201,0.0061316291,0.0011393672,-0.0037035442,0.0051960785,0.0154139221,0.0069910031,-0.0068792369,-0.0000788828,-0.0046420527,0.175656897,0.0010433389,-0.0019347964,-0.0041834063,-0.0024603579,-0.0002471334,-0.0024066386,0.0057526417,-0.0006813364,-0.0031209334,-0.0024234973,0.0023234459,-0.0051173068,-0.0057707553,0.0024267605,-0.0008130956,0.0007499937,0.0034376294,-0.002945877,0.0040578658,-0.0018200059,-0.0013272601,-0.0005076606,-0.0049054883,0.0027325278,-0.0009301653,0.0013649337,-0.0020040898,0.0056678459,0.0010824013,0.0019902222,-0.0119011161,0.0039726691,0.004285336,-0.0001545675,-0.0034041509,0.0052192132,0.0051097613,-0.003948419,0.0080852064,0.0026069555,0.0009744662,0.0049562486,0.0034922216,-0.003582009,-0.0031236985,0.0044702338,0.0014196622,-0.0000267476,-0.0032112148,0.0021979165,-0.0052334381,0.0032847031,-0.0012882727,-0.0021705065,-0.0082352104,0.0019679764,-0.005914841,0.0034056586,0.0075443675,0.0056564702,-0.0076216961,0.0021360464,0.0056872621,-0.0016758339,0.0057442513,0.0002285443,-0.0082762577,0.0031733978,0.0014615543,0.0014627697,0.002948723,0.0020129374,-0.0031649776,0.0040116435,0.0008654511,0.0078357668,0.0066895281,-0.0035513539,0.007407355,-0.0020235735,0.0001683232,0.0044467792,0.0019507888,0.0031769099,-0.0073866388,0.0005049909,-0.0056602309,0.0057176485,-0.0005747889,-0.0003037637,0.0004834861,0.0034583023,0.088184396,0.0046969626,-0.0012372407,-0.0016127517,-0.0023011774,0.0061146656,-0.0009497162,-0.0002110499,-0.0011269798,-0.0019405881,0.0000019605,-0.0040353277,-0.0002861036,0.005266651,0.0022899576,0.0032463367,0.0094424324,-0.0026108213,-0.0008608967,0.0018670216,0.0021626516,0.0032375649,0.0027690432,-0.0003256326,0.0028154393,0.0047964021,-0.0054846982,-0.0027928691,-0.0029751279,-0.001981846,-0.0026493994,0.0026116019,-0.0012305409,-0.0028992977,0.0119431441,0.0035983997,0.0103163652,0.0134971142,0.0044364541,0.0023333187,0.0012532994,0.0010490554,0.0002064544,0.0038309551,0.0031095568,0.0032777575,-0.0007918334,-0.0033244581,0.0041241957,-0.0080576098,-0.009647781,-0.0106353571,-0.0003000772,0.0084829467,-0.0092193635,-0.0064566585,-0.0008802189,0.0082812428,0.0087809363,-0.0060090392,-0.0092379708,-0.0126434985,0.1985333058,-0.0082268381,0.0031147744,-0.0031262448,-0.0023897259,-0.0043339359,-0.0023688809,-0.0023543962,-0.0074581042,0.0130789689,0.0072962913,-0.0069513345,-0.00105921,0.0001782357,-0.0031457299,-0.0027398749,-0.0018700147,-0.0012724344,-0.0048172046,-0.0053635381,-0.0051423508,-0.0005699067,0.0024344103,0.0040901294,0.0073440873,0.0066167451,-0.012395145,0.0068550467,0.0036833821,0.0095570975,0.0107779798,0.122857819,0.0030154742,0.006218539,-0.0016842858,0.0016093611,-0.0103489427,0.0110266456,0.0038287232,0.0009032133,-0.0000365532,-0.0022214941,0.0104345844,0.0053233124,0.0054372604,-0.0026807627,0.0002592464,-0.003802424,-0.0023176117,0.0087417725,-0.0004568178,0.0086910012,0.0030988141,0.0034204041,0.0015056043,0.0029918221,-0.0025652235,-0.0070238098,-0.0058571496,0.0032950639,-0.0029488007,-0.0022164674,0.1433919326,0.0026707278,0.0042787195,0.0041387941,0.0068053818,0.0029114969,-0.001541564,-0.0039223104,0.0020507975,-0.0030304416,0.0030848653,-0.0029297039,0.0002771004,-0.005593246,0.0022986343,0.0056178904,0.0023258446,-0.0009773668,0.0009427336,-0.0121935286,-0.0005807765,-0.003102808,-0.0021744521,-0.0025070003,-0.0027047866,-0.0070218979,-0.0068928081,0.0016138215,0.0090362361,0.0026847482,-0.0086609801,0.0286788086,-0.0025730843,0.0045927796,0.0035645585,0.0045561078,-0.0001969256,-0.0048502665,-0.0019015898,-0.00250033,-0.0021009971,-0.0010159782,-0.0047342473,-0.001478951,-0.0022597712,0.0045860635,0.0020167967,0.002458051,0.0002013629,0.0052165985,-0.0076735117,0.0022329919,-0.0023631613,-0.0022695357,0.0019464764,0.0000034017,-0.0041603985,0.0012613211,0.0016850055,0.0028763758,0.0035351588,-0.0004290734,0.017592355,-0.0013147323,0.0049007564,0.0027230169,-0.0011991187,-0.0110328863,0.0000429622,-0.0006196996,-0.0042201701,-0.005878563,0.001604391,-0.0023211258,0.0017948094,-0.0025681521,-0.008163681,-0.0120026208,0.0020918861,0.0052095257,-0.0075208141,0.0003015107,0.0010603295,0.0039165819,-0.0082555742,-0.0061029488,-0.0095497317,0.0080677935,-0.009792067,0.0023238421,-0.0122572159,-0.0056306145,0.0010918068,0.2570349022,-0.0025517162,-0.0157834644,-0.0079144016,0.0015738128,0.0079104833,-0.0003131806,0.0031855082,-0.0061109455,0.0018215966,0.0118040194,-0.003165017,0.0002656551,-0.0005428497,-0.0041759831,0.0002615425,-0.0094323701,-0.0042095363,0.0110761535,0.0038366513,0.0049419844,0.0001544357,0.0027193467,-0.0065476864,-0.0059402221,0.0043240646,0.0131263486,-0.0004863093,0.0050412491,-0.0020493264,-0.0118554609,0.2941953624,-3406.8377801606,-0.4169619441,6.5868330946,8216.8490010526,-21.1465524386,-4331.7898917584,368.598875387,0.3488868834,-5164.6559323049,-1499.5141641037,-0.0755623369,5376.0576280585,0.3889465333,-0.2878866195,795.9669027226,0.9025818148,7293.8190773387,-3.6973043646,-5164.3140514768,-0.9604051477,-7692.4384938675,1.023702214,-0.1909598981,0.3299384084,3.2597575214,-0.7434053127,3751.5607098027,12135.4291955545,3.4039834247,0.2301543444,-0.403389346,-1720.0629228317,-3.8185969761,16511.4117117695,0.6108255798,5404.6054324251,15.6731009304,1109.8812212941,0.4185939552,-5185.1245491958,0.0642905185,4272.7776499042,8.7604976855,797.5267482777,0.910799274,0.7915442992,-0.0395289823,-0.2255541168,15.0894357014,-18268.2198142712,-1.0380853426,-1055.1407793757,-25602.1177792611,210.7381504392,-753.8908816443,-18.2006266177,-10431.1523156987,0.4265431327,1414.1364224609,0.570231212,10225.5662586489,-1223.4202532086,3075.933174399,4156.4344182583,394.6750859204,-3466.7441705667,2611.920020032,3252.2049543611,1795.3959791372,2109.0135558024,-3511.2942365667,1477.930284922,-8534.7087628894,1794.8954465653,-3945.0007940296,-1093.913806142,-1057.0719941907,-10175.9022307499,-1321.1383858259,6263.9612294316,1584.7546227317,1104.8035733887,-551.4834434616,3683.7410349109,-2583.2441857062,-0.2650890167,681.9474653674,12433.5753541784,12754.9045881773,0.2621763208,1.4809532773,-0.8969560086,0.3363432232,-0.2089652916,-6818.3386984648,0.9776903739,-0.2622685383,-8999.8339802211,-4827.4891961892,0.990247207,-2.8219021455,-0.2782270691,0.0288064432,23972.8915988296,1.4095913994,7625.3753337837,-373.6664400406,-23206.173848468,0.3160403918,0.5747184705,0.0518355377,18.108181543,1696.0579309677,-1.0899908483,8210.9675359207,-0.7830538441,-2717.5618767929,2.6275265162,0.3124115902,0.7675138682,0.033373029,24022.6153041498,-0.1477419406,-0.1175375234,-0.8585063671,-7.684242589,1.4134078306,10929.8107563723,7207.2352913278,-4468.8393474492,-3798.5269445882,0.5477936816,-8997.0890531238,-1156.8034746997,-2821.991409217,1029.6444923049,-5280.8395157168,11.1985774059,3586.3465114853,5568.5646795398,6614.4465967495,10941.3943488505,-1937.6207533966,-8275.2209295972,14951.5492649823,117.019485781,10803.451442695,0.8088858473,-5023.9161734871,12751.9970076952,-12024.3236895021,-10919.612420335,10008.6820701092,4153.7404630764,2047.8052175077,-662.5964008542,4831.7727969413,-909.984061369,-2408.714728229,-2985.2555861124,4749.9415930365,1127.1001075722,20066.4223902253,-49.5844132322,2462.9133161318,-16766.2630773073,0.3021673838,1.7966681851,-815.6647918505,0.8061901399,-5479.6847930865,-0.4401596853,-0.0165105244,0.2666035686,10853.6857325014,-28431.1413653211,1572.2240864752,-0.9437799568,1.1727055264,-1573.9382149226,-5480.3760744977,-1.4181099771,0.9694179341,2135.2861991912,1.5677574719,2044.7530692038,0.6399750796,71.5296394973,-0.2391170636,-11.3476511001,-94.1872062943,-0.7929870476,0.3748249951,5207.2945505506,-0.7200330581,0.3700931474,0.0489198217,-897.7433648923,-2460.8165621423,-10906.7822956375,-4.1115489966,-11231.3723486142,6987.125375194,11.1245657877,-7875.1563236622,-954.6145872079,3835.1328967287,-0.2385028201,863.2828569434,23886.2916727136,-1286.9054741722,0.4743548598,1.4763662944,371.8179061029,-4.3556851801,9207.2150275058,0.1675048715,4305.290075708,327.6025817697,5580.2650603925,701.7393599467,-16299.0874601757,-2290.5242146417,0.0901537357,8055.4160358197,-5183.3885052,-1614.2796563172,-50.8294096597,-1.7477475055,-5301.3057346227,3103.6343319489,-1253.6151554911,-1523.0746765494,2943.4659360494,1385.4681165523,-3.5651008613,1895.5731007201,-49.8932678932,-6227.8198238158,-6892.9067386416,2970.2614775095,3621.5214292499,-7194.340855338,-8136.5678747715,7601.1555770432,-4049.8800024488,-9532.3238026523,0.6322557941,-13291.8744899995,-19650.5051691819,-2.417585355,0.4227743258,12422.1339373286,-0.0752096217,-6.685743312,-1.3031998495,0.2607646221,4413.635585521,-0.5639324589,-0.0799629055,-0.4815122731,-0.0550937144,-0.1007066978,2882.3572602402,0.2387819231,-5898.243432693,-6.7342084951,-0.0121663255,13493.8724150516,1740.6651706969,-1379.429252581,-12550.2401037324,-0.1199327493,-0.4046128383,-297.1618287077,-0.0521075993,4672.2990343614,0.1869511659,-7217.245558456,-8575.3139024813,-26067.6349673799,0.3503366117,1501.9491598683,-0.5337416162,-2677.3116827513,7059.2400494297,-0.0429761645,-2990.5814364468,35.3826788877,-6718.1700126833,-2949.7200545694,3748.7283859435,0.7417066741,0.1701292158,3125.9049266218,-7287.1592221288,-138.9308882169,-1971.172851705,-13183.9888012571,-4459.2137202659,-1814.8404139269,-883.6456937797,-6630.719968757,127.1591107564,3061.8293344307,-5715.3618966246,-7.1434877975,-4648.2634636927,-1736.6086999676,3172.7699278438,-3878.8813630116,-9743.6744125579,5528.9711559897,11087.3272134629,-9460.5894885614,1397.3853944718,-18195.7757595734,-323.1499784131,582.4350123016,-2839.2333339729,-4374.8641975476,5394.2250218838,-175.9014236388,3176.9182603269,6965.8626878799,2237.8118953717,2504.6746033076,-3700.4485460266,1.6094159725,0.2136262431,369.7089482659,-23210.1625757556,-0.8230618685,1.7122539842,-0.737295739,2817.4096537447,-881.4602783785,0.7463971848,5739.6169891069,0.1791269282,-2372.1435809863,0.270523822,0.0209262273,-3301.7677458938,-5856.1780739869,-4.4065056468,-7130.3242855062,12.2306704553,-28.422090008,4.4880553677,19151.52229612,-0.101726569,-0.1373936755,-15.6478348764,2319.9358222068,1995.3485588342,1704.0672391079,6.3793961735,0.0418910933,1577.6498629486,741.7865846756,0.4476448954,-1.0062301519,13186.8189641058,0.106239897,30172.4198264006,1.7124862173,-35.8305689273,0.4028206989,14870.3673676216,0.7520334703,-1232.0714267467,-77.8152841851,-3572.7897159689,-0.1801355441,1760.2095875415,650.5893139751,-3219.8132240687,-1331.4929028388,-1142.0825650776,-4199.3541721627,-41.4413577328,1.5434914503,1849.8601526855,6887.2931474772,-324.0013773673,866.8571501923,3117.6321347422,3915.5724556977,4945.6257830148,3132.7902182691,-179.5171386837,-2435.8706485062,-8468.712259105,-857.3085764948,2832.0659280354,4573.1867933136,4695.8796972164,72.4792796387,-2769.8020648663,18805.6995664139,69.9004853561,-6741.395915751,-2.7218994829,-21.375086458,85.7783167945,1.7309383546,0.3623186911,-7926.6390984996,24431.8150565209,1.0877046219,3968.0731392302,4027.4906430297,1.1123077258,3.2996540622,0.8253671552,330.5576231558,5386.5968603938,-1836.0675923171,-1681.5871738312,-0.6647801934,-0.1955040372,0.3666455356,0.3988449007,-0.6984542033,-3972.9227682189,-28199.2431976473,1311.7731963798,-1853.0939925962,-0.3485956493,0.9485461959,1.7728814002,-26845.121775049,-0.4801181434,-0.8957146636,-0.2961946158,197.4515438676,0.8420455552,0.8371899327,-0.4678012078,-341.7911524726,2213.4794731003,-11886.1937558933,-1605.2164313265,10335.8813975367,0.7846234181,-0.3606341311,-5940.9518977522,-5737.1506478793,0.2357466698,2058.7712304536,0.5629360963,12190.4540972594,-6888.7974446972,-3474.0917924599,-1.0416881267,1761.3531409959,-1047.8960247283,738.5214296925,-9624.3792631795,1997.8426568136,-4010.9011556365,2.5375344677,3286.5664168179,2908.249675275,-5265.1691630425,-2.9468273075,0.0484185309,-43.6860233219,7241.7688955545,-2981.5998666679,2098.3239205109,7720.8293069278,-3512.7187116801,770.6323824643,16835.9994624278,-4685.4296723726,-8025.7082294278,5589.4692128673,-3.2090372105,-4043.4157252157,-554.5549058525,-1094.2283291364,3459.1100010811,-139.4254008227,5745.4182689843,-28629.7894663166,635.8741454531,5.0115775165,-13811.0583988572,4.2798083477,0.5646691751,4694.2321582042,0.867692273,0.5262011372,-0.4281323611,0.4726659661,13670.2073770566
   3645.1287487629,-5322.5919423655,-0.7922878081,-0.9855079509,0.9281693484,-9542.2956078263,-0.5560135894,-11103.295610061,0.1341928323,-1994.5535460434,3.6015759938,0.4627080351,935.6460112535,1.6513776439,7691.3182698403,-3406.6446644475,5311.4452513343,-1.0423010798,-0.2675501009,-19.6269070598,-0.217522507,-11042.427062721,-0.6102151631,-12029.376333304,-0.5655069892,-3966.1404720414,-4070.3642846808,-3497.9533027116,-0.0502866574,-13813.1637668886,15920.2675292523,-0.0867357476,7716.2570338739,-8870.7639766936,0.3752015838,2613.1112259357,-2832.3633288224,0.4411479515,-4.8596782758,-12485.7508153172,10223.1773504378,7991.5957483986,-3599.8156056101,7903.5347800799,68.8580643176,-326.0823427793,2063.7304003275,-1218.0915773691,-8492.5459957145,28.1388323772,1.2092455444,-4749.1396274763,-9875.8064146533,1976.0089109423,763.7398220925,64.2309252226,-18489.2538309261,1650.9100674221,-6108.302508968,2757.0002839286,7640.1127822909,899.1173517172,0.0725578045,1436.0767102535,-3119.2843913163,-4948.6345714473,1163.8812816856,-1107.9237921441,15703.9897667879,-698.8967704413,18129.1856623351,1993.397942326,13395.4342917732,-4076.0643104153,0.2144963514,30261.3428265286,-0.8869448568,-7411.8121280113,0.4087718123,-0.2606825516,0.6446462769,-0.623992335,-0.4451397802,-0.161659528,-0.0991439208,-1.0707653169,-0.3922947506,-7411.9408605073,-0.7551478827,-0.7462139485,6804.9894843126,-1721.6110204107,-7756.8705180715,-0.4004508764,0.5923164585,0.2238929942,28406.6875925115,1.1832697226,1.2137031178,21.1550353599,81.2084389219,-0.8723487366,19838.9249932847,-0.638491071,24033.3297151878,11924.2455460168,-37.2608205104,-0.1869962952,-861.7453119812,73.6629217788,1724.9258640262,-1.9940959068,-22.6425513219,0.4670805853,0.1412638189,-13.3263034781,-9175.6684232319,-2682.9772861484,-0.2797033756,-0.4711644219,-5509.6387599387,6551.1057597106,-97.6515633803,108.1853335916,8208.3806518276,-5.4301796873,3346.60326033,-6269.6694607885,-387.1375815493,-1399.5038596138,-1806.0577692865,-7283.9655515598,-6914.4174290433,5488.5716346522,-1039.7446702165,4335.9167923701,3731.3508065998,-2348.1019500105,-6416.4726902703,-0.6481413211,9846.2118357486,3.8000773007,-378.8716941206,0.5867367665,-3.5399228107,-6512.6978218726,3456.6153401815,18467.2042973109,-10302.5984234831,943.1896644874,980.718850481,0.0462971937,42.2166542695,3922.1155574935,-6315.7069252355,-9147.9042258927,4901.1387295027,32.9394032046,0.5083327445,-0.1102522231,-0.221623923,-0.851883891,-625.8197385565,2539.6768808768,3.8986214791,0.4424711107,2134.3704072838,0.6571824759,-0.48038068,0.3166201146,0.9050975329,3280.8099637868,-23314.3932740262,-0.280440793,1.3489338287,-0.394349689,2575.8644158191,0.1245743877,-10986.0601227387,-0.422580502,-755.5455429406,-988.6632588572,7908.3219126463,4016.1121285169,-0.7446055931,5516.0924880297,88.4752281776,2.0572432424,0.0983796935,-21963.0510923239,28448.9002588451,4699.854525612,714.5391393432,0.7430879852,-38.3456097652,0.8705089039,25508.2837173299,-20693.5200337973,2437.6901634802,133.5923327364,-0.2117917786,-3273.4147486735,2778.1642107587,6380.0545800485,1530.1854840147,-619.5640853991,-2870.0094209205,-56.5780410755,-5869.3334464515,2581.1266961585,-6655.282470955,935.484880324,-4637.8974796484,-4366.6240647469,-1267.4624883304,-2875.5655369819,3187.0663242053,-3958.9722069907,-18.1598936465,7631.841639389,8102.3673986958,247.6477107223,-5484.811442866,13552.4149910031,-9157.0347347392,1.6911774709,3786.051907222,-0.5030959469,-7721.8762807872,601.4908130296,7640.0100493317,1403.3694059995,31.9819362529,-7362.9032758866,5234.1220968964,-4771.5764881298,0.520944376,-19295.1996595469,0.6226195898,24320.2938026541,-98.8099785718,-0.6607365281,-0.6286204361,3767.0770020363,-1872.7568073511,-0.1360898985,-0.6520971008,0.2029637935,-7701.6410016852,24320.7320938361,-9871.348871259,-2.0776695303,1.5306556118,-0.1115243596,1753.8207677067,-3819.3467486151,-0.3371628841,-0.8405777987,412.9711796057,1.0466485226,0.3966993689,-0.8330153717,2.5265243817,-2.514478606,-264.5157840105,0.9704573587,-3124.2646938543,28465.879492013,0.8385512024,0.5380004614,-6988.2346368255,-0.2686622734,0.8106746659,-13390.3497783244,-857.9725345174,-1.0123413059,0.4549042975,-0.3997215572,25918.4989071959,-7413.6005328806,3720.9205987214,-0.2715694907,-7267.470614689,-1.0946025367,-3464.8802081539,-1510.9049892636,-9420.6756415266,23.6668783045,-0.7624385678,3514.3911979221,-5000.5361446144,-97.0105139393,-2792.9984964478,-7593.6603600377,64.7869339597,-237.7725352807,-1684.0408248996,0.4150584967,-1135.997284263,-8543.0035980094,9643.4778291686,5124.0673880231,691.3476978478,-1343.8025828891,334.2443398029,-1321.7898588077,-5092.5072592688,-2520.5040654623,-4345.2048584861,4588.9684662781,-35.2880657242,1259.6859878236,6522.3264617897,20881.4940469059,603.2901612833,9553.5827366368,0.8918362138,2687.1742049722,950.6120583646,-5.4481058356,-0.3475101083,-0.5735995083,0.8807503929,0.1379689692,-3449.5415835759,0.8867178518,-0.693509842,0.7090426818,-8.6814810031,18983.0166278408,-0.5360206445,-0.0476818795,-0.1603629585,-14.83094511,0.3484570092,-0.2797563966,-7620.3306357959,-1473.7812310862,-2507.526115885,2190.3660226815,0.3704309894,0.4409438793,-10231.937064764,-334.7772287765,-10603.9182260336,1.0014304655,-0.0351696255,15175.964506925,1879.4813124995,4822.0018891713,312.1203369906,-3108.6919187806,-692.6724756162,17.7229079361,8755.3351680591,-262.8842008736,-2.0358840538,-0.968133374,-0.4424632123,462.3212221015,-4175.0325272784,-1.3183591891,-0.6134765907,6672.317493884,1325.1595327073,8990.3443010684,4294.1451103366,-5168.311900917,-729.0649694515,-10738.0615171724,4546.7673895848,6201.6424808671,10303.1072975868,10007.8671485949,-5564.502853302,6335.252298684,-2454.9559466927,-711.0569861639,-1533.8898342339,-6604.1457483889,-8707.7751006142,9639.3519710689,-7896.172033582,26254.16267293,-13514.3191628494,807.9212917416,-14592.8584831005,-6214.654918892,11870.4140566166,13603.9592260869,2701.5752960506,9651.6334494201,-1451.1253769077,-2471.5631911384,1.693142644,-4140.0284116201,-13824.1973769986,9530.6061176336,0.2424210241,6.7251897637,-2876.4199744643,-392.3993557706,-2273.9038559683,-0.8224866505,-8.9821196818,-826.1025363475,-0.0652269149,0.0333587659,-0.9045062022,-14.7821807657,8113.1017292598,-391.7249155679,-1.1030537149,-0.1490790407,7402.3070973442,-9265.8866960193,7190.0539430187,-13.9734391259,-0.0265314743,1.0573941203,971.4116013236,-0.6839978966,1827.2073238758,-14007.4935375011,3175.6776066512,-0.7785028551,-0.6392117493,-0.8900591313,-3815.3721803292,-58.9204037943,-3589.319341182,-10070.8461199489,-6193.6602571304,0.4844418079,0.1074530386,29332.1399810816,-5.5306993884,0.9364036158,-0.8106983578,17.2012790126,6680.1474043898,0.7759191481,-2.0755357332,-0.5868455736,405.0608561078,714.61055981,-16.1415022094,-3214.4927790971,2502.2175470857,-12410.2543498537,4.1056695744,3932.6973018138,2037.861556137,7778.5156796241,-9389.7221856491,-28.6913162472,2254.8620046502,-660.0297557902,-6782.0638724155,1876.6531110603,-4.1975642982,-4312.6145655137,1834.4490675942,8836.9655521513,-10928.794221848,1449.3109968164,1327.0205018666,5875.5104957839,1287.7174643172,-2.5216892006,4200.910370597,13004.0643487175,-3665.6565463882,1113.0843100232,-21892.0699334349,37.3261994758,-524.9856159531,3451.2939287027,-0.0682170567,-3831.3074232229,1775.58568086,1.0256160379,0.5866371224,-159.247823241,-0.4528046257,11055.0855722208,4.584818251,391.7844268892,-2143.9151014884,0.0543023178,9215.7924510682,-1.4640628922,0.2295250187,1960.6009090788,20805.5941387691,0.6211278265,-4.4041703395,0.2888892599,-0.7631045973,1.3328646173,-1896.732306783,-1102.0450616965,-13418.5603024944,408.5059206395,-6598.5413440004,1.6116636684,-0.476286669,2894.6373745181,-0.5012061225,1158.392505557,-478.9223219094,7116.6528420358,0.0190532532,-10.7917630987,0.9706468538,-680.2775466151,407.8421376244,-0.4308403942,0.2492773946,-28944.3451800877,15.6131541903,14358.9774357073,0.2931756884,-2527.6513544643,0.3401543051,-236.5488350214,8907.7773288274,-4110.1642587356,-11.1051007207,1676.1174718653,-3564.1633957838,-134.6369806311,6768.8782065138,2394.4720930441,-1976.9238170027,9707.4253440834,4249.1413413997,-9256.5166792,-25.4817629034,5779.0088870905,-5613.6602561822,1199.1878709193,-3741.4399461538,7320.4887111696,4175.9544236953,-10770.5970725958,-1243.1974362045,-1.1627506755,-2472.1312137076,-8609.8686844405,-2242.762302517,-2081.0270259918,-4152.6199413089,-3021.9370166814,-4790.9842059307,-0.402746036,0.4919411148,8319.9710575642,13248.304022834,498.6493188064,6748.0952116994,22272.4177856681,-2362.6303498198,-0.9564145786,0.2143801235,0.0044669064,3191.175927019,14554.9007248738,498.2992285986,-0.85292486,-0.0252017049,-1.0245580428,-1.2406755125,0.7538652254,6220.1460151245,18127.0091177061,-5263.8589028073,-0.6309225998,370.7666267627,-341.1299149881,-1365.9341896102,-5093.8533655229,2409.3676888933,-0.9977330635,0.7647633604,-2577.2259638275,2201.3579071617,-6219.1729134322,-2906.876049287,0.0583853449,-17762.5178046338,13497.1355949802,14508.3681373065,0.2234260106,6166.6561486304,-12952.2768569339,0.7001940143,-707.373419466,-2864.2153605276,10439.7947249143,0.3185671907,-42.0565654797,1530.2533743604,-83.5825412854,-5902.3433817118,0.0218953658,-3247.5035417846,-847.0382098643,5228.9775074233,1883.9278507219,-2122.5497808421,8482.0258578287,2487.1582971761,-1750.4318814678,-2026.1487644065,4267.1369471541,-88.6889532492,9024.1407916131,6386.7596050101,-5843.9855195141,12.4102251605,2106.3757390334,-2063.3378560382,1250.4599193381,5081.3516059965,-7669.7343743964,-7308.8144486964,7060.0307205837,37.3828545163,-1080.6047996744,0.3222174887,442.8739360976,7.0481863066,-566.6435514929,-481.9470987195,2680.3481288875,0.8753389634,4216.470277595,700.0488874319,547.926133528,11156.4070725902,-13462.285316683,7.0743439549,6.5218932995,0.1560009041,4787.329852928,-0.2549335277,1.2604061067,-121.828592349,-11145.3872484926,0.6900378316,-0.9565935686,-2908.1744578716,-11758.1114119765,-0.7067404307,-3374.8535579371,-109.8948880114,-4088.6918011559,1267.1043573318,-0.3369805411,485.4703538016,-0.2425704921,-1.0789555927,640.9144825616,4140.662948325,10839.920883583,2839.5707741802,528.7993071018,-0.9071632071,-0.7429303233,-0.4101691863,2287.6945301913,2040.5588109574,-1.466260566,0.1487844601,5136.4110654917,-0.4485738184,291.2228887457,10020.4219795361,3.5472511495,-231.5560630671,-0.7580933939,-821.7131365996,65.2409345943,2.0553415097,-0.6863402858,-0.1886309904,-7557.6340543421,579.7986902615,-1791.0111582661,1510.0214176748,-11398.0814830311,3266.9079906398,-9773.2608710218,3674.4674469219,-12221.8631355974,-13577.8698723519,-2633.3059990239,6978.3010663496,6458.0449783241,-11686.8181334939,-0.210371452,-9936.3617053547,10698.3973847853,-940.5184789784,8993.473742962,6417.4490364106,-303.884960229,0.3804226458,-2067.9868760438,15643.9079738534,-906.8344126191,33.315154884,908.8167138602,12790.7351865839,8048.2541772943,-2436.3366135054,12182.5294392017,5594.3659010588,22939.2742884223,-3152.7258710514,574.4596619722,-0.2222472456,659.4031539111,-0.4161517779,0.1480790035,-12400.074601525,0.8455184363,9656.0818110331,-6866.9885883389,-13185.246812379,-0.3117282993,-0.6369043162,-3392.4889679712,-0.2154273503,-0.555350211,-1670.0147797063,-1564.2839116384,-6552.7298987908,-4392.4132015823,-0.764713264,5.9032731864,-1.1521877964,-3932.8416503244,0.1682440932,1.20622152,-0.1333408932,-34.7504880041,0.9147098075,-1917.6967445382,0.5333398891,0.6955959932,2186.1287997636,-1.6113381453,2844.1102424698,-1.1258941908,-6797.699537577,-1077.8870548768,21376.7505497226,18844.9397861394,1.0449388869,-0.6696633252,-1435.1446745023,0.1259475276,1119.3473385455,-276.1458854902,-3745.1146245451,0.4156712538,-9719.8858270095,2306.6931802234,4335.6149434677,-4810.0187849172,-16561.7198842445,1.2357504926,-3043.1740603532,-603.7988126277,9506.1896265115,-7543.2781217278,-5048.8956235571,11298.6635815165,1752.2127033543,-6196.1675530229,-10096.1623154583,-4484.4424184854,-345.6911310754,4291.6752140713,11608.3917929595,16410.3670254009,-2950.3125017887,2433.2976464755,-10449.3915451854,3728.3403989439,82.3924826868,6696.5168447248,-921.1575701364,3560.1744457421,-2259.17583654,504.2869011534,-0.4022277142,10.1022094054,0.4629201464,-1529.6584156198,-1.4874121077,100.6728669013,1895.2299552302,-0.0854243865,-0.3424766151,-0.0662241939,-0.025360472,0.9132103301,-0.2821063472,0.5377668031,-1.0392577632,-0.1825867518,0.1541184611,-2.3971728635,-1.0217802755,6595.6227110677,-37995.6374844759,-0.0709837248,12843.3673864237,-10737.8666282127,-1.7098610848,-0.5698318901,0.3180177304,10408.6823014924,795.2583073888,-0.2530399056,0.1803677958,-1648.4605752861,-1646.7249765543,0.2203825145,-0.6727917442,2365.8562990276,144.5810583308,0.3178617515,0.5376765056,0.4595279782,-0.0187618953,1774.7607410476,-4756.8344762136,-1.2154687605,0.0868492932,-0.123830065,-1172.5395809267,-1274.5013645618,4.4081228724,-0.8806694693,-0.5927330361,-9778.3770521763,13922.5514436407,705.4032068101,-10448.3667408769,1986.0640329359,12837.5542744481,5549.2673746053,22179.1371094625,-800.5947727741,1564.6187910643,2723.3829039473,803.9290346304,1876.3465052491,-1154.9879348705,2389.1224597547,0.0415972801,7229.638917797,5411.4626931267,4970.7131905355,-3924.7768758338,-12649.142263494,-0.4065805301,17761.608261414,-473.4485047073,-8947.8642314944,7707.2182752705,-3300.9839879607,-8926.0043753062,5759.5655968758,-7878.3382388857,-7861.8109226299,6061.2601688965,8.802426253,23901.4106549268,-0.8049137099,-0.234633288,85.4474569818,115.04443532,940.8008329529,0.0241475322,0.5856925804,343.3194620741,245.9373666945,1510.2781823596,0.1214873111,0.2424269818,5796.1283596905,-0.2015900336,941.4429194508,-66.3431409826,14156.8075116432,-10380.8189317394,4397.5108878212,21.9589239513,-2408.6916774031,-0.4805556487,-1089.160794142,-6049.1702892564,-1049.4016593447,0.6107553323,1.3097885243,-3462.4932849149,0.3711853018,-0.4509737744,0.3960040889,-11160.5162422887,7954.5359413006,-64.8774868593,-2307.2935652184,-24379.1244528187,-2.3090272359,-8311.4146660562,8283.0967620991,-0.666872581,-0.6470096927,-0.8539923893,-26.9237090966,-5219.3047393464,-10.5333908613,3337.1925206196,0.4245193928,3460.7167761771,8367.2044269587,11076.6021350715,1893.5566132898,-6601.727628662,-8174.827659899,843.102307507,9557.1578484185,-734.5092525662,-4133.9721015959,-6403.59169378,-3770.1640871703,0.5869089436,9809.1035824261,-7776.9806472868,-9783.1348731365,1685.4501825968,1035.5277055324,-11759.5825263729,-10759.2269188123,3927.2311083463,13437.3101464481,-847.7679147679,3696.1467432687,6722.5633086365,-645.6897837927,8557.5462153497,-1509.6658007254,0.0712028518,-7345.5833671037,406.3406138986,-3.0544505927,-2634.2473266666,-5337.6368216676,655.404337192,3.8869343101,4399.7354718513,-0.2513962411,4401.9600108573,-207.833199337,-0.5327014732,0.3857778925,2160.8083008214,-5615.5932304472,-13902.5084095637,0.7388160331,-0.6650851356,0.2046295464,4401.7708433611,-2984.9048539601,17426.7250513422,-0.2322114007,-9808.1839735304,15970.4934436493,-0.9614333402,1.0356301464,-0.6236974493,0.8054086173,0.796820297,-0.25765526,6293.4549833911,-0.6892469371,-0.5886615547,-6620.00648438,0.7453086527,1878.2135381283,5.9606304375,-82.9915933094,0.3887442521,-1271.7022610081,-15239.4980102258,3.8768672323,1.1670603178,-0.7663158409,8665.4235216964,-3581.6076382795,24.8166981294,-1911.7293294095,-15371.1135768755,2644.338884556,0.3555546545,-241.922019646,-194.7592515654,8756.9552529892,2662.0655554359,-21.9841899497,-1130.6777638727,-5144.658221472,3298.8567689416,-19542.0009212828,11268.248427716,3278.9745150549,-3799.911546011,-11889.8103898277,-9579.9571577765,2371.1756611318,1647.5715261298,-9260.5806938963,5590.7845758105,13399.3386570792,10506.6235035057,-1531.8263321056,-7656.629406173,-4261.3902313772,7566.9862274367,354.5236572834,3192.8027393092,1956.1594418677,-5798.6043162709,8647.0643748435,-2119.473081788,9836.5411103382,483.6919333766,6667.5322196206,10250.463509123,6460.0423509129,-0.3406854269,-8205.1761409288,3244.0382840028,-18664.0594700745,0.2071600333,-0.9376287464,538.073200531,-4785.8820589769,-18.4925816703,0.3574100916,-0.0878853417,76.7895716893,20646.1893323886,-18663.0221439007,-1439.6902085319,2.5327186572,11526.8666896779,1585.6955182029,0.4957128299,0.6844548669,0.0793281952,-3185.0295981304,531.6723078046,-6164.789213059,-45.4284641831,-3.8608224263,-24158.2885237801,-1539.8157441936,-2916.6288211278,-0.3657418691,4353.356069329,754.0166994995,-1247.0439140471,-0.1586296787,-1408.6018687823,2.6126945496,15886.6312507518,25099.2869239083,918.3854302843,-5253.9428043254,-1.3348956893,4220.4406814631,14574.5509811869,-0.0896075822,-0.3147752669,0.6368557821,-6319.7287894558,496.2362657911,6368.9638221748,-5301.9260449628,1448.0921427859,1924.9887473275,2647.6911254801,-296.945562196,-14078.7439545077,1581.9299323652,-11110.9613237959,7453.1753063943,498.5691975209,-3487.3452514187,-4266.4658056436,2610.1939742888,-863.139062184,-667.6701271643,-5574.8588419265,1989.4066043697,-3100.5366843212,-2617.298440568,22.4098492962,9362.1948903831,-8124.0034371758,-3666.9949293753,-3942.3308988017,41.9301202744,-149.3988247818,-836.9006584589,0.4026843622,1.3678859926,0.4296597572,1511.1791349691,4091.8454031673,-1.0064550003,-4466.9222145179,163.7945816374,2928.9238033111,16895.8068338437,-0.9736195927,0.2190602067,-4004.3198311882,6416.6466933058,-0.4557418092,-0.4274234501,-11801.0148906949,2369.961847708,2929.5392530787,-13775.4424917966,0.4764703208,-835.6474188329,11107.9097030764,-0.3327465595,-0.9837756689,-0.4192806021,1066.8338811303,-2716.4529695011,-1933.6521728102,-8701.1101319393,0.2389274436,17.9163583418,-2982.7117464851,-3.5732806307,-0.6620374525,5525.8335209793,2.8849390819,-18085.2533956451,1021.3068704977,11215.9852166038,0.6800769249,0.4147035341,-0.8526416508,1.0673507723,-5521.177640735,8.2029122373,-0.8574089689,4396.6899762829,0.9642943639,0.3860145753,0.9992768204,-4732.1994400887,3314.4681399711,2266.6066048572,10554.2126523911,0.9849690098,4121.0365733369,0.570431477,-2158.0003094724,5844.3084152473,748.8639177621,-47.3969116459,-9.9932866393,-12697.2685446611,-8635.0558632918,-2782.0948279135,5002.1059657302,-10821.3262580761,-8066.501668924,-10193.6180735644,5164.8715659266,-6189.1941531254,5840.7273152582,8.8966646137,47.2511833863,13.6457302693,-9469.6755981624,10.2526885576,-1403.5145038518,-1718.6785670559,-9249.0660985865,-2462.3369840975,-48.9681144438,-1604.7233045065,0.1411553315,-670.1148252697,-0.5497002095,2141.3394800696,-1.2483116791,-16058.9939241499,-0.5276339017,0.3794868854,15276.5714971144,25820.0831221983,0.1258432019,-3.5879163746,0.6860307597,5506.5552919082,0.1987951028,-16059.7268812481,4715.1288889429,-0.6051644113,1.0685806427,-2178.4802373654,-0.7060917652,294.6245845774,0.0884692791,1295.7465285029,910.8843589312,0.6439133081,0.5445990902,-1.0076700576,-6564.929746664,0.8888609699,9854.6502686383,-0.6241022621,-32582.6454389902,-0.4592738885,-0.4912338829,-0.2568211609,-909.0040109517,4461.1216328843,0.7480907901,-2815.9050700135,0.939254696,4798.8551117984,0.9713834402,-0.2081046608,-1391.3985803152,-5971.1863024663,4324.3453599872,-1.6085011515,-1061.4980961066,5279.0784511439,-7197.8842897619,-838.1800101174,4.0740706978,1914.4520773552,1006.9146801708,4843.8209610032,6084.8281730941,10.2645234981,-3075.0547046115,-4437.6634743667,13402.855575579,7471.2716943396,-1163.6806128978,-1094.1223275405,-1699.4280060172,-16.1635682832,-573.1565529614,3775.2351570061,8129.0208586688,1493.6273920651,-6071.7103654116,-6835.6829337982,-2019.7300517802,1203.8979198945,-5897.2990586713,1738.8333781594,-1358.3457846225,-5483.1269418205,1980.6617427158,2938.2149203803,-23.1378957366,0.476289384,798.1970024958,-13885.9877625759,8906.3524193519,-0.0473482573,-0.5274617361,2860.3047150391,0.7573932167,-1256.5414414241,-11242.1980608111,-0.6875238901,-9.6339424826,-0.077027682,-5731.615061578,0.0209865998,-0.4713132445,1.5367333142,-5.977136323,-1.5700055171,-76.9446949347,-4745.8760814849,2.8335688295,-0.1593739493,-16994.9175028366,77.582233418,-4549.0430426341,0.9336901185,5130.5727199578,3094.2111129587,0.5946877724,1588.5223530794,-0.7541411356,20177.1981788158,1.0629986909,236.8515510695,2.2783179415,29206.2611395667,0.4984861144,-7.1613829257,0.0456364311,-1.0876657776,-29032.7016595394,-0.3912548952,-0.3362640208,-496.3957443709,-0.2910447671,0.1984236097,-1.3402835992,-1008.4507109662,3551.3429588496,-505.2457421285,-8524.6878439674,1513.3053547694,10264.3913199347,11615.0769080861,-3582.7338819009,-14177.0896063065,3561.4241671143,-2664.0718019098,18618.1954684424,4224.7364164248,-7229.4879195278,-23.5617229221,1.1037098531,-1414.6960741018,1797.7553056454,122.1561485153,-2310.1339884406,3909.841270137,1789.6413551071,743.8596794289,-8569.0231212066,1.4316031637,-7159.48785258,-3063.2821738786,5264.9030431697,-4480.8925656403,-255.8240367529,26098.6528159324,34.7777126658,185.7351532645,6.2753124574,6086.991790065,-0.6949196683,0.3968412648,2441.6810265565,-1715.527827914,-0.6906755145,-0.4301289701,6795.7902622339,-487.8925382847,-1914.6327924721,-5.0520911996,0.6316710886,-2.2328411809,-2068.2502713287,-1715.5406467439,-3950.811628626,638.624533222,0.2546443608,-16155.4263402254,-0.2842913353,-0.5737000046,3342.134289285,0.2289701128,-0.3988363856,0.577802591,199.3187453202,-1.0846600269,-0.1773124314,-0.2411624021,-7.5567470068,-0.437376576,-5501.3203614734,3252.3531065541,303.9274141585,-0.4090786502,-3460.1835518822,0.1038206386,29256.9523968026,-0.0531656618,0.3679812182,0.2138056467,-0.2729613935,19507.0906169659,29226.826824698,-2087.5719328877,-0.0452602542,-1.1710668048,2460.0267815917,-9769.9819830847,183.2731715311,-80.1822842147,8292.916377174,5239.2049362532,-10595.1321416091,6633.4261155628,2077.9650232199,4653.6026036458,-533.1609037523,8832.8528046741,-0.3356200685,10888.523011362,0.3278025604,-373.0081172691,-933.918643379,-10001.1617684417,0.7560064931,-4443.2797432796,-127.4385430213,1902.347418506,-17080.8294983537,3478.7596228369,-4297.3201987852,3968.8466468738,61.4935610028,-120.7767335271,-1798.3780361469,2004.7799372679,-7228.6526173172,-3025.8393672606,-21752.7081757796,-2826.148450137,-12546.6602250821,0.5806988553,-1649.4669721139,1857.3605621761,-1.1057684918,0.5338469069,-0.4427248599,18138.1450986389,-1895.9818346575,-1.0594210119,-1449.0110838237,-0.7458936245,82.9585116603,-3810.2933080117,-0.232479474,-0.0130526303,-1263.2646514388,20148.9025576184,-0.1943277382,-0.1687581853,5398.1430367046,23056.0051698692,4754.9118700661,2727.8691311748,1.2175547832,0.0045521301,-0.3765126029,0.5189034587,0.7130584555,18.1993620098,0.9767993234,15637.7609777546,0.1486519345,-647.8452380936,7889.4561380311,-12996.0605712783,3841.6651455164,-0.0844483196,-7069.4850451821,-0.7486389546,-0.6724474451,-2669.3020773802,826.9345087123,4103.6536652094,-0.0892893151,10420.5217969045,0.9616553353,-11023.9633393277,-7763.5565390585,3962.6060038702,9432.0607905753,-300.0307105405,-2990.3093633678,0.213607282,-222.877315773,-639.7887859089,54.4665409271,-10267.7817877252,3516.8352324383,-1425.5572390729,210.4984481409,4352.0010987126,3706.219808063,0.1632812575,13700.0967280517,66.162668791,-1339.4062967482,-9724.170057169,-6502.9832378353,-6184.2746454435,1527.889728051,9573.9180541948,-1.9941808688,-3607.0611448567,3730.2747739325,-1064.6891506041,534.5367559354,0.1693718504,-0.4329621341,2160.8215489302,0.4037058177,-0.1621307196,6652.7464258452,4609.6235251661,-11630.3526511502,-1.0411555357,-1.389817586,-0.8885468654,3.8536409568,19661.7530364639,-0.8419757778,0.5928841499,-0.8949473685,-0.0584509265,-0.4788793729,0.1576873689,-0.162889116,-23072.6230065088,-17327.6065858893,2243.9484273213,-10.1782078874,-28.3234665905,-0.2773132122,4134.9462854466,-8073.6708277554,532.5789428238,-7633.0588414496,-0.531026715,-0.5950621266,-0.7331670554,-27237.2827513038,0.4688142493,-1677.6293314113,1171.9988010617,-1434.8488007874,-14786.0999556594,0.9386408132,-756.1601730292,0.5246468754,-1025.5209519143,-0.4479706945,13720.7277554426,0.0482292642,-0.8225917744,5838.2990722619,-10455.2435719837,-0.8606473705,0.0521915874,-2271.3926514309,911.1424067705,-2097.976677491,1149.3795447097,-1437.7937712431,-11982.3122470859,1.3247560519,-7.7869894711,-3323.5576881413,-404.0737109852,1481.0867061811,905.9935480504,4356.8616614291,-2026.9376848435,2764.0998868251,-1273.1065126244,-5769.3551046996,-143.9597207881,-27.3485574033,3612.8404617502,4407.1888932818,-8952.4549594872,-7819.8915379211,582.7883398959,437.0637228772,1225.3153929492,5540.9495747887,6997.0392396953,-769.0061541067,-5351.4816699806,15365.8698263232,-12336.5661596236,7566.5172213352,-8449.2847568863,0.4100745315,6.2872264163,-1188.5725172615,0.2334283228,16194.4101046379,2224.744383264,0.6056420538,0.0425765265,32801.0407921706,-1881.1714890062,0.0790200866,-0.7882667564,0.6771528308,0.0674097476,16194.8543267852,-0.4107876167,-645.8354326653,-0.076523436,59.266580939,0.7266941367,-1031.6487861395,69.6634098132,2.2041334673,-11219.5886008622,-0.8899193941,0.4351736951,-20.3988914918,2.1327265404,0.898502865,1.1998723797,-0.6166719241,-2488.106151005,-7991.2458067705,0.3875428737,19.8458147314,-0.1967208738,0.0591077349,1600.7290122417,-3584.0243922572,-171.4775642014,0.2744408931,9554.99013914,-0.0513612299,1702.4645396135,8.5223451605,574.1734916682,0.4649071378,-177.7948077176,7660.9564102631,24922.8445607212,0.3551151177,-1.1593139496,-12777.4223660155,1263.3540420815,-9296.3752279484,5343.3930281407,2893.6293359366,-7112.4864203251,-11730.6648223249,-676.1321965435,3099.449277972,-5558.3391924559,-16602.1783220725,-1093.2912998404,11408.2713650818,1341.2486990762,-5192.7551268481,-95.7091541381,930.3806280005,-806.1515943236,5280.0250550975,4637.1012906125,-1094.8691536819,4415.5786995572,8944.5189411835,-34.0883016096,4738.4795445957,-1389.868856541,-2870.4474916689,-1475.1624766947,3741.7103877208,0.678021086,749.7850435265,0.1623990462,-0.8291503697,0.66796114,0.2089148219,0.312517345,-1610.9090007359,-89.9014179115,4136.1722099087,-0.1205594224,-0.110191615,0.9887455587,0.3695834961,-0.3512095827,-105.7536992815,553.7184629843,843.7609628203,-29211.6327682684,1.5479561377,-55.4126530446,-50.4978418761,-9450.8934978677,-1132.1685043801,0.1377093561,2269.9493177826,-2047.5821504808,1620.3702828507,1617.7128099508,6658.3495193215,-0.0626731559,6093.7580390551,2.1303044444,12219.0208640933,-5924.8019769457,-28.9497004111,-0.5593523595,0.9436846528,4947.1988901146,-0.5069913736,-0.5564938491,84.0043184824,3939.4046422662,-2075.9471449306,-461.8637504529,14.9320402351,0.8403146525,-6114.5044102503,5.5011679616,-506.5633062316,-3205.4477400669,3187.7235001362,-2445.7990535563,543.4966737893,-1132.0287479718,-0.3507628114,-3.8886767204,-2205.5673719312,6433.0241406996,-0.6997742528,-13717.3439804856,1528.9057866441,4423.7788102944,41.1724035916,2316.9611324226,6261.3392606325,-110.2241458535,-8073.7842998074,-0.3777829308,-0.3339505995,3810.6063239771,1352.6387733612,2330.9233490804,1815.9132799872,-2873.7052033778,-11.3780233181,916.0253839032,-1806.4138163069,-21744.0316181491,-0.3628448112,-356.5063993462,313.5840015932,-0.032863478,8885.6079605529,-1.1354922179,-5853.319683574,0.4820678342,-0.0233489785,-3940.776559996,-6455.2420543984,3312.1737693313,-1662.104127861,-0.3938544903,-2717.3749957879,-11000.8188168312,-5853.3807277786,173.8290164593,4791.6191229655,-8355.2652502642,0.1415086928,-27.8092288919,10.3641582341,-0.6150082933,-0.6980316731,-12038.8024695638,868.8697204014,-0.2578024558,-1.0562170464,10749.1630730529,5605.1314147575,-1001.4586199559,0.7012583275,10510.2882655668,-718.896545288,-1.2771967401,0.5692068374,88.2028409728,-0.1128902022,-4813.6331289237,-8399.8567266853,0.8856309586,-0.3168823228,-3.6224008652,0.0539311138,-2035.1910471843,0.1754951179,2001.3065663526,0.4726267776,-840.5482460522,-16357.1238086301,2972.7030201042,-1029.4206572667,629.0754236834,3422.3491470952,-31.966131634,1447.9252538963,-3543.9689548129,-8309.5085728974,751.5591974756,3480.6024818443,-311.9581740003,20395.1478849616,-612.2413431166,-2090.8638636487,-7509.3195356999,683.0397170449,-6622.4327781252,3421.6743266401,4723.745142266,-9785.6335429275,-263.7514612987,7.6803932957,4067.3497428079,15228.4386881562,-7105.5041629803,-4905.1789424097,1133.7652387744,-5134.6030215377,18154.474432636,2626.7993000498,553.9933216588,-1.5050901705,1.0816863097,-0.2245001133,381.3212034989,6594.6532768509,-0.0308303073,-0.2119977369,0.00916214,-25466.6708619964,-8127.2342608412,3343.961132533,-5921.3414815124,-0.7235342811,-1268.9542874072,-0.1423594554,0.7424785924,18726.6796454956,3873.0301392097,0.3465871637,0.0950070087,-15.7214887381,-2.147236599,0.2632929461,-23981.6405462025,8183.9380655857,-14491.0528601109,1044.5287483943,558.6020169715,-1.3818987568,-0.4032175772,-35992.1292589938,-0.3065820008,15762.6144477502,2065.2027052763,10134.9500748405,50.9636185855,54.9113866783,-0.2582963912,0.2463576398,0.9578015265,-58.1753800282,0.8027174028,-12442.2688178631,0.9185877497,-158.8772746032,729.081671719,1437.5871588267,-0.4276273372,-239.7089607634,-78.9568549506,-7750.3533727496,-1.3874295669,206.3981502429,-11933.4001987652,-12594.7535594408,-6511.411436746,8559.8329516904,10147.5868615952,363.1303265437,-6317.0619104888,7.0728493998,386.8054586046,9400.5763110772,1955.6753062557,-5186.8201384683,511.3794231155,-4090.9924176464,-1217.0978370928,-851.4109424997,3195.4293889025,468.7836325343,-780.7834956332,-7148.9615153471,-1.1001001258,-2075.2010243495,7014.2884313855,225.7885464916,2713.4016942597
##end
biasActivation=0,1,1
[BASIC:ACTIVATION]
"org.encog.engine.network.activation.ActivationLinear"
"org.encog.engine.network.activation.ActivationLOG"
"org.encog.engine.network.activation.ActivationLOG"
