encog,BasicNetwork,java,3.3.0,1,1425328594684
[BASIC]
[BASIC:PARAMS]
[BASIC:NETWORK]
beginTraining=0
connectionLimit=0
contextTargetOffset=0,138,0
contextTargetSize=0,36,0
endTraining=2
hasContext=t
inputCount=50
layerCounts=50,37,87
layerFeedCounts=50,36,50
layerContextCount=0,0,36
layerIndex=0,50,87
output=0.2223955678,-0.2555052494,0.3255147745,-0.1155646765,0.3872831172,-0.722145321,0.275427588,0.3027545116,-0.104465551,0.0756574548,-0.0001442153,0.1518282891,0.2364067655,-0.1133139012,0.1997605098,0.000041307,0.0375005975,-0.1297988394,-0.1303307224,0.1207881594,-0.4500555015,0.1694783474,0.1037093116,-0.218378398,0.4470291594,0.2585417841,0.0477018291,0.4035102505,-0.0626162892,0.1445817746,0.3445990553,-0.0086853859,0.1779750399,0.1486649265,-0.0000622968,-0.0789362147,0.3395909958,-0.0415045116,0.4638807649,0.1500753352,0.1183633833,0.3152501916,-0.0814497543,0.3321667735,-0.3968027936,0.2214973917,0.6757133059,0.3714789668,0.1615885978,0.1154118072,9.8990446292,-11.197517278,-9.9508109414,-10.2341342715,-8.4241695261,9.9517355652,11.4076909819,-9.5335001873,9.1793627036,11.0554674984,-9.5220716925,-10.5636438227,-8.2741630269,10.440675096,-10.2191464761,7.8538045459,10.0669936091,9.9906232309,9.9492730448,-10.7368424443,9.2104548494,-10.9568922736,10.3644349099,9.6284697763,-9.2018130313,-7.1729834869,-8.7512450069,-9.2490095551,9.21673622,9.3309387195,10.9919173142,9.8385683963,-10.6779328416,9.0273698334,-6.8133660137,9.4010789922,1,0,0,1,0,0,0,0,0,0,0,0,0,0,0,0,0,0,0,0,0,0,0,0,0,1,0,0,1,0,0,0,0,0,1,0,0,0,0,0,0,0,0,0,0,0,0,0,0,0,1,1,0.2223955678,-0.2555052494,0.3255147745,-0.1155646765,0.3872831172,-0.722145321,0.275427588,0.3027545116,-0.104465551,0.0756574548,-0.0001442153,0.1518282891,0.2364067655,-0.1133139012,0.1997605098,0.000041307,0.0375005975,-0.1297988394,-0.1303307224,0.1207881594,-0.4500555015,0.1694783474,0.1037093116,-0.218378398,0.4470291594,0.2585417841,0.0477018291,0.4035102505,-0.0626162892,0.1445817746,0.3445990553,-0.0086853859,0.1779750399,0.1486649265,-0.0000622968,-0.0789362147
outputCount=50
weightIndex=0,1850,4982
weights=##0
##double#4982
   0.0008703227,0.003329137,-0.0058233934,0.0055649616,-0.0014950159,0.0016475616,0.0004208471,0.0033142846,0.0014533181,0.0005546649,-0.0073335054,0.0030693528,-0.0021240038,-0.0068931038,0.0024328205,0.0036523336,0.0036081766,0.0042732838,0.0052950318,0.0017822043,0.0008393918,-0.0018383722,0.0005760727,0.00334678,-0.0008407493,-0.0032762004,0.0093039137,-0.0029033439,-0.00331065,-0.0025547643,0.0010201105,0.0034244422,-0.001391272,0.0063843296,-0.00061038,-0.0068899131,0.0838313829,-0.0035488781,-0.0061224849,0.0035052049,0.0011531891,0.0043227321,0.0078452374,-0.0002650094,0.0022328703,-0.0009625411,-0.0010292289,0.00403879,-0.0021323519,0.0086474094,0.0023483076,0.0078252335,-0.0072803424,0.009690054,0.0038082903,0.0040871496,-0.0000479111,0.0050126655,-0.0060321632,-0.0046188452,-0.0040316475,-0.004738183,0.0089306532,0.0011977121,0.0084920702,0.0039843971,0.0018680008,-0.002956715,-0.0035821923,0.0032091748,0.0009642208,0.0007350795,-0.0088776364,-0.004516447,-0.0099691782,-0.0038538372,0.0022476445,-0.0032893139,0.0040908677,0.0046549579,0.0023727635,0.0041202399,-0.0008530876,0.003807091,-0.0011667987,0.0003726613,-0.0023110081,-0.0011459088,-0.0031562216,0.0018304964,0.004091724,0.0029631766,-0.003494883,0.0044429436,-0.0013461158,0.0067284659,-0.0018876244,0.0042021385,-0.0009817504,-0.0128108485,0.0005969061,-0.0035901172,0.0032712681,-0.0016922352,-0.0006184007,0.001738551,-0.0079804083,-0.0002001341,-0.0124814811,-0.0128982529,0.1510180792,-0.0022113954,0.0024198446,-0.0066721217,-0.0030362308,0.00155313,-0.000124226,0.0024407358,0.0002658108,-0.0038308885,0.0081272589,0.0024272409,-0.0025956393,0.0050906656,-0.0043327487,-0.0031891806,-0.0041638428,-0.0094014783,-0.0028307318,0.0052528665,0.000297454,-0.0006595877,0.00102323,-0.0014392659,-0.0008229656,-0.0016684801,0.0012196468,0.0067917934,0.0019976755,0.0000567878,-0.003000135,-0.0038679398,0.000174647,-0.0011950002,-0.0024214498,0.0039864904,0.0030468775,0.1146219362,-0.0010208953,-0.0043006092,0.0041156398,-0.0004831966,-0.0011908716,0.0041598884,-0.0050431595,-0.0036500727,0.003863584,-0.0018776267,0.0005285348,-0.0049363974,-0.0071964424,0.0066691329,-0.000620941,-0.0065608319,0.0044385528,-0.0064396491,0.0056073142,-0.0006506614,-0.0045650338,-0.008579766,0.0046917884,0.0059976291,-0.0039822207,-0.0019178757,0.0050088516,-0.0029108679,-0.0034559153,0.0029416359,-0.0064056027,0.0017955605,0.0010987111,0.0027489935,-0.0017043819,-0.0020549402,0.0275524796,-0.0042593858,0.0067626778,0.0070687192,0.0031298493,-0.0003465516,-0.0063493349,-0.006010856,0.0065341479,0.0078028996,-0.0031404948,0.0017482588,0.0017867528,0.004659976,-0.0065908905,0.00204992,0.0038435991,-0.0123411836,0.0037491046,0.0009784958,0.0030614468,0.0013029257,0.0005554881,0.0021655508,-0.0068623251,0.0111993406,0.0068194625,0.0118853016,-0.0075214387,-0.0064488573,0.0032911953,-0.0069866638,-0.0043587144,-0.0011947145,0.0052501807,-0.000462173,-0.0007815934,0.2124955397,-0.0062425396,-0.0054264672,0.0011315443,-0.0038743639,0.0044925689,0.0061981429,0.0036261743,-0.0011029529,0.0082645262,0.0062169424,0.0048207366,0.0034836306,-0.0008672241,-0.0077956704,-0.0077794146,0.0039934106,-0.0038419916,-0.0028155426,0.0002080178,-0.0078479028,-0.0065812304,0.0036858011,0.0061279717,0.0028451962,-0.0042769461,-0.0059422992,-0.0010402326,0.0009387713,-0.0024770195,-0.0010193621,-0.0035210041,-0.0007421861,0.0018990464,0.0032082571,-0.0004328868,-0.0013866041,0.0617305546,0.0071557766,0.0028103285,0.0073674682,0.0059273101,-0.0095963549,0.0095048682,0.0040995834,-0.0014479721,0.0014383039,-0.0027060774,-0.0008742938,-0.0093682561,-0.0005800526,0.0057977854,-0.0026853461,0.007402237,-0.0048072402,-0.004247289,0.0001343576,0.0018947815,-0.0017855001,-0.0032597713,0.0015278228,-0.001236076,-0.0047357929,-0.0045657354,-0.0015409875,0.0081351216,-0.0068006231,0.0064477439,-0.0015863941,0.0010370359,-0.0004559218,-0.0048660852,-0.0037244905,-0.0039081409,0.0521077238,0.0028012309,-0.0016429242,-0.0046738706,-0.0013659775,-0.0069230008,0.0030131261,0.0021396625,-0.0012418139,-0.0019883239,-0.0068833641,-0.0038187038,-0.0018413901,-0.0005201704,-0.0005875852,-0.00080902,0.0035313095,-0.0071226274,-0.0031851336,-0.0043963679,-0.0017009358,-0.0010882811,0.0007670767,-0.0030218454,-0.0053508996,0.0023336295,0.0008602022,-0.0073666902,0.0063708385,-0.0021863549,-0.0048235484,0.0001316965,0.0007538288,0.0083584834,-0.0028170784,-0.0007056977,-0.0023285053,0.1091632811,-0.0111572836,0.0094464941,0.0041734133,-0.0006725667,0.0029991863,-0.0051995575,0.0015571795,0.0048122875,-0.0084732521,0.0021109049,-0.0094972818,-0.0030038048,0.0026396046,0.0092151949,-0.0009895857,-0.011107937,0.0024937515,-0.0078378387,-0.0016751654,-0.0045524732,-0.0083155536,-0.0027879858,0.0064431629,-0.0081969511,-0.0073399991,-0.0016539311,0.0037047217,-0.0095614353,0.0018166857,-0.0054072544,0.0051199693,0.0000832862,0.0019729469,0.0006213516,0.0046800971,0.0130683761,0.2115409685,0.0000018454,0.0000024547,0.0000012413,0.000001674,0.0000009155,-0.0000007639,-0.0000026983,0.0000037897,-0.0000006703,-0.0000011144,-0.0000025136,0.0000036937,0.0000011644,-0.000000403,-0.0000023441,-0.0000037143,-0.0000012101,-0.0000002281,-0.0000001639,0.0000015251,-0.0000006675,0.0000015098,0.0000001681,0.0000008871,0.0000021612,0.0000003865,0.0000003916,-0.0000011986,0.0000010164,-0.0000014472,-0.0000004932,-0.0000002684,0.0000011225,0.0000021465,0.0000002449,0.0000027519,0.0000698058,-0.0013397188,-0.0005984234,0.0031467674,0.0059951288,0.0018869288,0.0001648949,0.0013273314,-0.0044253649,-0.0043121488,-0.0014852681,0.0022621334,-0.0009554819,-0.0043580812,-0.0075561933,-0.0024304066,0.0022516099,0.0017281246,0.0013712381,-0.0052969315,-0.0067796667,-0.0029643562,-0.0056638044,-0.0045976702,0.0097033118,-0.0035315002,-0.0011077653,-0.0035483011,-0.0044056768,0.0062465265,-0.00084368,0.0000526247,-0.003036869,0.0042010367,0.0024477713,0.0015174574,-0.0001510965,0.0459025739,0.0059851399,-0.002822043,-0.0053900025,-0.0005145693,0.0075291733,0.0071306821,0.0025454354,0.0146067092,0.0051406366,0.0025427636,-0.0065378095,0.0033191292,-0.006858495,-0.0006434192,-0.0010030349,0.0077351443,-0.0039824547,0.0076568929,0.0015403161,-0.002631667,-0.0055489252,-0.0051517336,-0.0086499559,-0.0033965899,-0.0037618279,-0.0029957557,-0.0028867235,-0.0070708094,-0.007019728,-0.0008253343,0.0009476346,-0.0014238956,0.0094883614,0.0017189796,0.0072680451,-0.0020073914,0.0862653659,-0.0002447349,0.0001433741,-0.0011447806,0.0038645429,-0.0013189108,0.0007265981,0.0030909902,0.0028842409,-0.0013339208,0.0009055059,0.0040109308,0.005270573,0.0075103596,-0.0053992573,0.0017417846,-0.0139091501,-0.0005359262,-0.0034678813,0.0025915234,0.004698189,0.002368153,-0.0053990146,0.0028715886,-0.000930766,-0.0041384766,0.0041472851,-0.0046524984,-0.0038171488,0.0018564087,-0.0021983093,0.0055774369,-0.0022301654,-0.004661101,-0.0099881851,0.0058038843,0.002635723,0.1322010742,-0.0018194633,-0.0080512281,0.0012136747,0.0004435559,0.0038401477,-0.0019755911,-0.005382129,0.0024010441,-0.0070337202,0.0032783906,-0.0136863762,-0.0056865667,0.0015603757,0.0028258868,0.0041219681,0.0158638073,-0.0051227111,-0.0096892375,-0.0054614909,-0.0019344284,0.0099060497,0.0083636406,0.0076203748,-0.0043383257,0.0048743121,0.0088886257,-0.0054782743,-0.0020193121,0.0050043522,-0.0096934974,0.0050056796,-0.0027259236,-0.000235531,-0.0011112364,0.0040309022,0.0005098317,0.2528319815,0.0000021043,0.0000006656,0.000000919,0.0000018777,0.0000020869,0.0000009014,-0.000000395,0.0000001933,0.0000001274,0.0000004001,-0.0000009581,0.0000007654,0.0000007451,-0.0000013332,0.0000003984,0.000000767,-0.000000534,-0.0000002529,-0.0000015606,-0.0000001579,0.0000024574,0.000001234,0.0000010129,0.000001813,0.0000002775,-0.0000005471,0.0000005132,-0.0000001552,0.0000011837,-0.0000013673,0.000000973,-0.0000002201,0.000002317,0.0000021041,-0.0000005922,0.00000157,0.0000493715,0.0128588077,0.0072684994,0.0029656853,0.0010263129,0.010035133,0.0050481383,-0.0029090781,0.0105026249,0.0017268958,-0.008525271,-0.0019233481,0.001623045,0.0004268909,-0.0000082203,0.0045971739,0.0084251454,0.0072359979,-0.0042924793,-0.007178768,0.0002382418,-0.0027807706,0.0059306939,-0.0063376379,-0.000738381,-0.0113760459,-0.0055639409,0.0119692239,0.0111658799,-0.0036275086,0.0021947682,0.0095604323,0.0075352074,-0.0022363577,0.0016569879,0.0035739994,0.0034885664,0.318172337,-0.0025797764,-0.0007316218,0.0024821568,-0.0013824593,0.0006217784,-0.0006414778,-0.0087184703,0.0002553981,0.0025186121,0.0016202914,0.0059055657,-0.0027012024,0.0059379555,-0.0037904834,-0.002232071,-0.0013901209,0.0017710794,-0.0020672445,-0.0016096869,0.0018018304,0.0049042653,-0.0036619649,-0.00309369,-0.0005052176,-0.0021289342,0.0038190469,0.0009152451,-0.0064499399,-0.0023234788,0.0008766268,-0.004136528,0.0020620467,0.0074347546,0.0079689895,-0.0022026267,-0.0029635382,0.0797877257,0.002362091,-0.0006460152,-0.0054815684,-0.0004922347,-0.0060054635,0.002516924,0.0022964471,-0.00094866,-0.002246887,-0.0067935435,-0.0036409644,-0.0026097848,-0.0005160794,-0.0006197805,-0.0011631987,0.0024687609,-0.0073559428,-0.0023637721,-0.0045442426,-0.0012945978,-0.0014833238,-0.0005370019,-0.0024244932,-0.0064572472,0.003363556,-0.0001594861,-0.0067280655,0.0059238944,-0.00252962,-0.0052460077,-0.0002970456,0.0004639703,0.0081972307,-0.002664525,-0.00063231,-0.0016636613,0.1166650297,-0.0003662251,0.0025810176,-0.000171352,0.0019848606,0.0047888102,0.0030212391,0.0074130467,0.0038008283,0.0001403559,0.006308423,-0.0046533985,0.0050172736,0.0073653307,0.0009063465,0.0003215621,-0.0010289868,0.0049701915,0.0034984841,-0.0051888733,-0.0006704463,-0.0021046235,-0.0010068984,-0.0027971539,0.0010280502,0.0035178057,0.0019264465,-0.0041427343,-0.0076875161,-0.0073929879,0.0064693019,0.0026541322,0.006792646,-0.0025819013,-0.0091383677,0.0092242706,0.0049067685,0.0435069054,0.0036300538,0.0032253244,0.0108761765,0.0088512166,-0.0025507861,0.0020096172,0.001984651,0.0070794241,0.004895164,0.0010350474,0.0082629326,-0.0015390698,-0.0004933013,0.0047313178,0.0019692356,-0.0057407562,-0.001457044,0.0011185573,0.0046941396,0.0100718639,-0.0044944361,0.0024961732,0.0039540868,-0.0023652984,0.0025601141,0.0056328861,-0.007819834,0.0077943672,-0.0023423552,0.0002097711,-0.0015245601,-0.0039919533,-0.0003881705,0.0006164968,0.0056904871,-0.0043265095,0.0985636564,-0.0011035774,-0.0009927475,0.0017064235,-0.0038173934,-0.0027589155,0.0020611899,-0.0022603446,-0.0032215498,-0.0005100552,0.0020376347,0.0017336962,0.0014166148,-0.0008182379,0.0000814899,0.0034640695,-0.0022204722,-0.0039186496,0.0073871207,-0.0007832043,-0.0040370277,0.0060149487,0.0041547647,-0.0009093742,0.0040570512,0.0019079365,-0.0037614697,-0.0012948005,0.0009913704,-0.0020097981,0.0000201597,0.0039074156,-0.0029185678,-0.0003472726,0.004090855,0.0052821475,0.0003158276,0.0328389661,-0.0018113564,0.0058836528,0.0006765768,-0.0037846839,0.0021694368,-0.0065903136,0.0032818739,-0.0018046953,0.0039008032,-0.0036723867,-0.0002394305,-0.0020112522,0.0052279522,0.0060533344,0.0024654698,0.0037809305,-0.0049928834,0.0031481093,-0.0005407949,-0.0035309073,0.0001987989,-0.0036424109,0.0043135063,0.0010488731,0.0041845312,0.0010881809,-0.0005757398,-0.0014478155,0.006642866,-0.002143456,0.0015408192,0.0036389861,-0.0016053155,0.0017706306,0.0018213446,-0.0066690249,0.0071944995,0.0014098457,-0.0050030882,-0.0003097073,-0.0014099024,-0.0064989553,-0.0068183357,-0.0008895594,-0.002767469,-0.006196293,-0.0037423714,0.0003985729,-0.0012075479,-0.0048573479,-0.0013502721,0.0045979836,0.00034074,-0.0070050132,0.0028513586,-0.001515408,-0.0027307303,0.0036931119,0.009028102,-0.007649802,0.0107823359,0.0083055665,0.0036766568,-0.0109590055,0.0015483908,-0.0038649208,-0.0022791864,-0.0021428894,-0.0117257717,0.0030054928,0.0052458028,0.0119677245,-0.0019863983,0.1686500607,0.0001889287,-0.0016602001,-0.0024198681,-0.0042121433,0.0006388866,0.0040030663,0.0007829095,-0.0054699155,0.0065417129,0.0038817739,0.0004067918,0.0025133604,-0.0104793378,0.0019434943,0.0014468057,-0.0042980862,-0.0117190129,0.0018556544,-0.010475675,-0.0029304784,0.0060172605,0.0071840818,-0.0031835027,-0.0059312016,-0.002285211,-0.0137131857,-0.0094358766,-0.0040323006,0.0057316599,0.0004806873,-0.002337526,-0.0061440167,-0.0010543677,-0.0005408301,-0.0096025445,-0.0045913365,0.1793729025,-0.0018995212,0.0059895928,-0.0044388863,0.0009951503,-0.0014420956,-0.0012737921,0.0043911997,0.0031931897,0.0015943871,-0.0033587021,-0.0045614601,0.0054664824,-0.0038958201,0.0011657918,-0.0040443699,-0.0008069689,0.0059733806,-0.0024775269,0.0007986751,-0.0026362978,0.0062752502,0.0012162967,-0.0008140757,-0.0037313593,-0.0089884156,0.0040331462,0.0124324844,0.0002257663,-0.0047863348,0.0012807116,0.0062057764,0.0015770577,-0.0007900749,0.008012709,-0.0049217369,-0.0020551145,0.087533205,-0.003037662,0.0017334179,-0.0012928384,-0.0034771515,-0.0037418895,0.0005248679,0.0005727244,0.001310622,0.001409247,-0.0003248955,0.0017468058,0.0052505764,-0.0028264289,0.0055461724,-0.0013185896,0.0034175542,0.0028962321,-0.0037870644,-0.0040305956,0.0010290363,0.0036969876,-0.0024557146,-0.0016552106,0.0011070671,-0.0014063551,0.0045485832,0.0048063846,0.0058112944,0.0017102497,0.0019283184,-0.0001258282,0.0004492478,-0.0017684702,0.0036388269,-0.0011618753,-0.0023712238,0.0058072548,-0.0075004968,-0.0017136771,-0.0103659878,0.0025277272,0.0009848113,0.0040670617,-0.0034872606,-0.00253283,0.0061152498,0.0066812782,-0.0040047126,-0.006036096,0.0009173713,-0.0002121625,0.0010365478,-0.0013794355,-0.0036897559,0.0099721631,0.0076846436,-0.0093139668,0.0079632276,0.0107843072,-0.003234367,0.0009886838,0.0047776501,-0.0044793274,0.0036078604,0.0037560252,0.0053372668,0.0018828862,-0.0042183418,-0.0000252639,-0.0051361322,0.0003067928,0.0061308409,0.0006193773,0.0302964156,0.0051405553,0.00475649,-0.0027039201,-0.0011466988,-0.0000484353,-0.00475143,-0.0009419136,-0.0041462079,-0.0064783952,0.0005562704,0.0115553361,0.0054396892,0.0033792884,0.004320656,-0.0026551669,-0.0027128982,-0.0038640959,0.0031170826,0.0055204015,-0.0065337017,-0.006174047,-0.0018337257,0.0043458278,-0.0023763498,0.0114119432,0.0060497123,-0.0011216906,0.0029641396,0.0033048092,-0.0009555018,-0.0006093343,-0.0027054056,-0.0028250311,-0.0012584124,-0.0100325641,-0.0002523389,0.1073272957,0.0010604175,-0.0070350544,0.0000133689,0.0053861379,0.005634061,-0.0011509898,0.0023091809,-0.007194467,-0.0066818425,0.001882417,0.0097879738,0.0004697287,0.0049854367,0.0027038883,-0.0007126195,-0.0119965793,0.0112727252,-0.0026738771,-0.0019960349,-0.005396784,-0.0063887298,-0.0034383617,-0.0045063231,-0.0047584364,0.0084044603,0.0062518096,0.0017528903,-0.0116802165,-0.0106904457,-0.0006460347,0.0072331868,0.0018920641,-0.0030539253,-0.0052165372,-0.0088503868,0.0114064317,0.1849077839,-0.0001132305,0.0134880119,-0.0019462299,0.0088556499,0.0012965347,-0.0046914776,-0.0004240778,-0.0040705834,0.0017128081,0.000829471,-0.0029371731,0.0030648246,0.0032522616,0.0052361835,0.0122475351,0.0082287772,0.0043730495,0.0014225589,0.015672787,0.0009994443,-0.0030023853,-0.001771165,0.0117426528,0.0105427907,0.0027823068,-0.0066994275,-0.0072622632,0.0100115667,0.0000296702,-0.0056645969,-0.0042573448,0.0106490459,0.0031728587,0.0014838435,-0.001916104,-0.0014840063,0.2081155816,0.0088744176,-0.0082988479,-0.0051934172,-0.0042640528,0.0011265314,-0.0081340027,0.005822331,-0.0044837911,0.011655011,0.0064346989,0.0039027601,0.0075446233,-0.0009724955,0.0006149522,-0.0019771199,-0.0035513477,-0.0032892122,-0.0061639023,-0.0004083396,0.0067435143,-0.011297503,0.008649995,0.0010111514,-0.0053234338,0.0036147538,-0.0017434477,0.000216289,0.0062420663,0.0011411592,0.0023485255,-0.0098667764,-0.0105888988,0.0044619193,0.0046472538,-0.0011563403,0.0070825516,0.2310346637,0.000412053,0.0020638664,0.0038799743,-0.0025774794,0.0040590492,-0.0083469582,-0.0036145279,0.0004084011,-0.0047451477,0.0027624999,-0.007491516,0.007864963,-0.0060287696,-0.0005234189,-0.0015803496,-0.0038441237,0.0028880258,0.0000877761,0.0082763085,-0.0040515321,0.0005276433,-0.0057816463,0.0045988868,-0.0007139305,-0.0005637698,-0.0060938058,0.0026963888,0.0045274399,0.0006429919,0.0021194273,-0.003283623,0.0104088362,0.0035747227,-0.002717022,0.0111014789,0.0046591503,0.120309132,0.0051164298,0.0016911738,0.0004832928,0.0091770862,-0.0030399656,-0.0026973381,-0.0057080774,0.0031954661,-0.0000097403,0.0070737434,0.0045187886,-0.0034683949,0.0049036687,0.0086201708,-0.0058726714,-0.0012257394,-0.0002333898,-0.0015484438,0.007190982,-0.0011920392,-0.0066577489,0.0015917812,-0.004499782,-0.0071556039,0.0008282627,-0.0070270787,-0.002759579,0.0064752982,0.0037835511,0.0040220507,0.0037609943,0.0004297328,-0.0074695809,-0.0003291783,-0.0027064479,-0.0018365166,0.0657550053,0.0000000883,0.0000000494,-0.0000006751,0.0000001046,-0.0000000853,0.0000011455,0.0000007057,0.0000004596,-0.0000006884,0.0000000183,0.0000012973,0.000000273,0.0000012505,-0.0000006365,-0.000000516,-0.0000007368,-0.000000371,0.0000000387,-0.0000013929,-0.0000007047,0.0000004825,0.0000007901,0.0000000788,0.0000004023,0.0000013651,-0.0000007323,-0.0000006877,-0.0000000636,-0.0000001635,-0.0000000788,0.0000001011,0.0000001149,0.0000005725,-0.0000001434,0.0000013632,-0.0000000461,-0.0000181963,0.0023326738,-0.0052452712,0.0022670602,-0.0078857021,-0.0027675945,0.0013553995,0.0053521679,0.0015978023,0.0033090659,-0.0054826332,0.0057177706,0.0045550256,0.0043211749,-0.0022558742,0.001845066,-0.0066913487,0.0120713018,0.0082055835,-0.008622455,0.0047450716,-0.0046169377,0.0010313454,0.0065107823,-0.0049753536,-0.0070278606,-0.0037567432,0.0014286716,0.0062834514,0.0008403155,-0.0003375997,-0.0000709935,-0.005839326,0.0035324887,-0.003517115,0.0023674422,-0.0051702664,0.0963101371,-0.0033234168,-0.0004183809,-0.0035517233,0.0000393673,-0.0033665949,0.0048162908,0.0028545746,0.0032442061,0.0018920344,0.0068858269,-0.002592788,-0.0089227879,0.0042413586,0.0023979646,0.0010068932,0.0050566976,-0.0064528745,-0.0056517863,0.012620582,-0.0015755989,0.0039758704,0.0000563306,0.0006537711,0.0055263735,-0.0053897106,0.0030701689,0.0083911884,0.003696281,-0.0003345904,0.0027167976,-0.0080207014,-0.0041102293,-0.0055680877,-0.0092959488,-0.0019619406,0.0043315585,0.0628422333,0.0053921339,-0.0086613426,-0.0106735881,-0.0060928016,0.00437397,0.0060294482,0.0000058463,-0.0062734207,0.0001717429,-0.0144451697,0.002219457,0.0087122481,0.0037906666,-0.0023287717,0.0010378789,-0.0016651355,0.00364782,0.0014600434,-0.0018778899,0.0138535296,-0.0045431907,0.0024377535,-0.0024376296,-0.0054871872,0.0038689838,-0.0039623388,0.0033564419,-0.008746315,0.0012093725,0.0077237344,-0.0023679267,-0.0017686036,-0.0020282835,-0.0094286963,-0.0008137461,0.001988459,0.1250492092,-0.0048029455,0.0089857359,-0.003654936,-0.002314066,-0.0044754756,-0.0074610439,0.0053965846,-0.0062790621,-0.0029291581,-0.0076278498,0.0048089144,-0.0083029742,0.0012781774,-0.0053680871,-0.0045727996,0.0059784262,0.0056013336,0.0084063122,0.0002045441,-0.0012297427,0.0022559854,-0.0004490256,0.0008278238,0.0043378459,-0.0043758999,0.0079299672,-0.0106011843,-0.0086536341,0.0024806082,0.0014514818,0.0022987148,0.0029681278,0.0016428699,0.0036270526,-0.0079619017,-0.0005467237,-0.0336840692,-0.0034868097,0.0033495213,-0.0023187113,0.0032346719,0.0023379841,0.0041954485,-0.0048780743,-0.0004480838,-0.0024862924,-0.0019741627,-0.0024559117,0.000429715,-0.0062763775,-0.0007007569,-0.000385156,-0.0038829734,0.0026385121,-0.006917301,-0.0021958674,-0.0029091668,-0.008500713,0.0010888743,0.0108076285,-0.0021045097,-0.0017152423,-0.0015082271,-0.0027537143,-0.0016236215,0.0035833713,-0.001036204,0.0006229613,0.0010070227,0.0008459082,0.0050580642,0.0011900893,0.0073320075,0.0975480248,0.0004666262,-0.0049266345,0.0095886942,-0.0051119825,0.0010549664,-0.0074133938,-0.0019595102,0.003682345,-0.0034051053,0.006715545,-0.0112682094,0.0021967643,0.0060480384,0.002386928,-0.0014406224,0.0024922067,-0.0026852986,0.0013528556,-0.0027007444,-0.0032239751,0.0037552727,-0.0048746772,0.0005921488,-0.0024554399,0.0035340904,0.0009998257,0.0048287088,-0.0010088689,0.0031080116,0.0033143966,0.0018537316,0.0046804196,0.0031444484,-0.0005336119,0.0098483959,-0.0016300496,0.1082648976,-0.001073005,0.0000163795,-0.0007429047,0.002105874,-0.0058461204,-0.0003159713,0.0023542129,-0.002359415,-0.0074530263,-0.0030378527,-0.0049812829,-0.0004619692,-0.0003602221,-0.0042594208,0.0030599866,0.0045285078,0.0059961185,0.0057750778,-0.0001021601,0.0007454772,-0.0001947374,-0.0034128561,-0.0040993491,0.0112786778,0.0025674238,-0.0004771405,-0.0030365301,-0.0025851434,0.0044029846,-0.0012398375,-0.0029773824,0.0009299696,-0.0022134321,0.0045318975,-0.0008213525,-0.0009806266,0.024254963,0.0009399705,-0.0034595589,0.0018941966,0.0002470174,0.0041743493,-0.001115453,-0.00465405,-0.0022216056,-0.00102173,0.0010064285,0.0037801889,-0.0016645508,0.0012112038,0.0022590759,0.0007896803,-0.0057275885,0.0040160643,-0.0048659715,-0.0004277964,-0.002807604,0.0015319394,-0.0042796675,-0.003797568,0.0020841949,-0.0016786736,0.0016326669,0.0029154753,-0.0023140951,-0.0008706957,-0.0014005756,-0.0012954667,0.0001091897,0.0048139773,0.0041444376,-0.0004062709,-0.0048610881,0.0583564014,0.003821268,0.0049107794,-0.0007474121,-0.0052533792,0.0042490562,-0.0143920593,-0.0026105725,-0.0109479534,-0.0083461893,-0.0015716917,0.0020270451,-0.0034217097,-0.0039003446,-0.010623203,-0.0037006001,0.0105670016,-0.0033071796,0.0029903424,0.0009571643,0.0025542336,0.0142750548,0.0001137527,-0.0017368667,0.005840116,0.000148688,0.0079577458,-0.0092447159,-0.0047828148,0.0082699412,-0.0034460804,-0.0019231082,0.0069082563,-0.004598148,-0.0012266544,-0.0004032546,-0.0043058312,0.1225112649,-0.0007404575,0.0058585094,0.0033704277,-0.0026450325,0.0019610074,0.0084513314,-0.0020713672,0.0056085946,0.0024302514,-0.0006302882,0.0062280189,0.0000626481,-0.0069866354,0.0030885732,0.0039722531,0.0037277179,0.0035699933,-0.0060897116,-0.0125790297,-0.0012476003,-0.0078934157,0.0034752238,-0.0024462037,0.0004230982,0.0118566994,0.013001468,0.0018796436,0.004711508,-0.004405104,0.0004232491,-0.0036403229,-0.0056123398,-0.0083232748,-0.0012614527,-0.0042609605,0.0086226244,0.1334037564,0.0070717697,-0.0023575174,0.0007125611,-0.0016873262,-0.005229799,0.0006521205,0.002419419,0.0042944931,-0.0037065652,0.0085045939,0.0045576611,0.0039491821,0.0005898706,0.0015702366,0.0062529473,-0.0114731754,-0.0011294195,0.0007276557,0.0103431122,0.0117321597,-0.0023978326,-0.0106539489,-0.0034597908,-0.0044583053,0.0010036169,-0.0011767779,-0.0014012737,0.0028100355,0.0086464022,-0.0055605001,0.0049621291,-0.0083930519,0.0015818547,0.0013066889,-0.0080817723,0.0040532063,0.1832940702,0.0094238805,-0.0084918486,0.0054723229,-0.003030307,-0.005858055,0.0030203443,-0.0012248922,-0.0006655317,0.0006088183,0.0029772853,-0.0035647289,-0.0069666764,-0.0079512396,-0.003181434,-0.0052662492,0.0033971344,0.0013244417,-0.0038224293,0.0043555718,0.0012686555,0.004460556,-0.0002617234,0.0058902287,0.003999099,-0.0004293251,0.0019331289,0.0054133942,-0.0007570117,-0.0019939344,0.0034977705,-0.0006705597,0.0026353731,-0.0030797333,-0.0043714052,-0.0018356206,-0.0006604383,0.0492758433,0.0075599178,-0.0052543719,-0.0003765884,0.001261339,-0.0055389207,-0.0007150414,-0.0010254001,0.0010479338,0.0029828042,-0.0067717316,-0.000362121,-0.0032736727,-0.0043167175,0.004110068,-0.0031583359,0.0012857968,0.0046374685,-0.000048451,-0.0025764225,0.0052985078,-0.0000672583,0.0033719941,0.0055040382,0.0083017716,-0.0049935871,-0.0035132509,0.0079267357,-0.0034351957,-0.0010056868,0.0011059485,-0.0015714199,-0.0024719873,0.0039116575,-0.0050029153,0.0001451414,0.0007367106,0.1424547918,-0.0056921476,0.0026142531,-0.0068528702,0.0002936943,-0.0053852613,0.0052967728,0.0004128402,-0.0104675026,-0.0046449314,-0.0017477622,-0.0025055409,0.0130570378,0.0025602509,0.0003378091,-0.0020643179,-0.0011697455,-0.0095102722,-0.0005105148,-0.0167534706,0.0014303535,0.0162349576,0.0018038812,-0.0006290452,-0.0003180109,0.0015066651,0.0023448291,-0.0030162582,0.0005202828,-0.0020622121,0.0045596745,0.0049099038,0.0008018396,-0.0070988968,0.0018603327,0.0041556928,-0.0027704388,0.2093867605,-0.0086731541,0.0039314349,-0.000022684,-0.0000920192,0.0001461256,-0.011173969,-0.0064146178,0.0021191926,0.0050802418,-0.0061560303,0.0002583099,-0.0047981859,-0.0014370592,-0.0021195508,-0.0038327538,-0.0040135543,0.0041589859,0.0052689956,0.0070895388,-0.0001104473,0.0046723712,0.0038929571,-0.0074277492,-0.0043912584,-0.0044424477,-0.0030918623,-0.0004847086,-0.0026100718,0.0012856262,-0.0013359105,0.0028888965,0.0096257696,-0.0024817852,-0.0045267452,-0.0080783195,0.0077283258,0.0477671981,1572.0573103316,-4816.5835809829,-3236.3878003007,-21468.2095679721,-0.5760916406,-96.1548028547,1.1887579827,127.1350711641,0.1547711248,-0.0875219232,-0.9799813972,9536.5106166822,3795.8095365609,28.4581552397,-0.7241954025,0.5387119136,1095.4767558406,-4357.6901988497,-0.2089452234,-0.1381769963,76364.0775958186,-0.4875600933,-53.4031964252,1.2851634884,-0.426606347,16359.9625073918,-45773.7620669831,-4472.3414736027,-0.715685059,-0.5309669403,0.7129568977,3679.1880297949,1.1085684,37739.5673828978,0.7357942893,573.7035013726,-46095.6928824763,641.9726721463,8519.9349495644,10666.6733310333,-0.8848761403,-18893.3240472963,-6809.0513842221,0.1511464246,-5181.4296743643,-1343.8442480184,5626.8641647512,3178.2511123934,0.494638315,-14688.0576715361,-0.940886432,4378.3781610808,-6364.7283014516,1548.0940285534,-6741.4195472702,-13538.3757658925,2537.3273469133,454.7710107829,4315.4594989592,-8722.2765167383,1681.2352925272,8723.6247122161,567.8902456299,6.6278877775,-3812.2921681818,-2274.9897540711,-2740.2848287714,-6379.1321447666,5041.061024918,1779.8942563978,7166.5358312273,-8461.2194325927,5135.3842656288,147.7768946495,1242.2027687139,1985.1032175422,0.7474120301,-32.9171248385,170.5489425078,-6520.3810898202,-1677.9636438798,-4015.8245894213,-10172.0413327282,-2865.5278891513,-1570.1211321908,1074.5820961825,-2634.0228934871,-4277.4575060261,-1064.5435568305,0.8811337663,-1231.2725625163,11.404834296,2.4744118222,7615.3766427233,0.9168730726,27108.4593420045,-1228.4485949236,-0.8345996272,7625.2932901131,10311.92553952,0.5893641607,-16.3369897818,-0.8133195182,-918.0332574152,-720.927476256,42311.059334046,-886.5209363251,-1948.3497420458,-33139.1589582896,0.6547280409,-1.0163328509,-1370.701057735,904.8734052244,65001.2949235404,-33392.3222836853,2.8982078811,-0.2865710573,9179.4006418868,-9981.8974146075,-2.2627243771,-36057.070496977,-0.4213811982,-12960.9442589346,0.5059469708,0.8079127087,-2185.9575168903,-28443.7854840315,-0.0490995988,-18440.9998558462,11571.2163961996,-1343.1648095845,35187.2124014551,-0.8737862552,-0.3055115253,1.7948986889,-0.6876303057,1.3682704906,-0.3560864143,-12073.0992051589,-49.1940222384,944.0154710184,-618.3696216403,-116.4698217725,3207.2317517134,-2639.945173479,1535.3592405073,9907.3050927445,0.036244916,-5868.4167046284,3728.84673513,174.7500750521,-99.5146162491,-1634.3747417962,-287.6790015576,-2910.9166270586,7819.1924329907,19450.8326995694,8782.9146637935,-3405.9134381477,485.7514174681,-2859.9733364563,502.8830384087,-5806.6077790019,-25.1524642881,9462.5540395815,2686.2581646508,-67.9763352465,-4223.8536608689,-599.7602651994,-7704.8067648384,-4469.1110681637,0.6332384029,-612.0119719066,6893.3677982425,-43347.7649222434,-783.5229295666,-2049.0351210456,-10453.844923668,0.5479532582,-0.2869029571,0.6259692563,-2602.1171238831,-701.7369780359,-0.8968275676,0.043759395,2792.2642018921,-6093.9752228003,2.8612131713,12813.6164303755,0.3256841273,-4740.0412351353,-0.7347400326,-18.8191797832,-925.0089195124,1597.5727661496,-40378.7171432404,-0.7678200126,4463.6256123701
   2642.3960834454,-11.8285920567,15895.8840250896,-11638.0241458296,-0.320282561,1086.6762105134,0.8107798237,32133.5137379804,-4122.019614996,174.4790953361,-0.781948337,-768.7853429012,-0.3894307248,-0.672444823,0.7912720286,-13156.6469863342,-38.4006662769,2592.1909086098,3.1936662539,-0.7010614946,3002.4686543578,2094.5028865437,-1566.0792659603,-1.889717803,-4.8274369173,-39.1156196746,0.3501726401,-1436.4716730137,-6717.0272865089,-7451.1581465553,-347.7938347741,3.3235614432,-4628.6094581308,6627.3706007511,3623.416516615,-5795.7424762605,-3562.3103848671,14330.6994029846,-6000.8876077346,2853.6691621441,-1682.9981354399,6731.5387690421,-266.7946284118,6633.0527059172,-66.7702586534,-3.7508095387,10490.9780107337,-284.8730375085,-1686.9533277364,4496.9447009599,-10490.7514938877,3.4476569475,-1990.2747614329,5933.3102813165,3376.0373649044,-1.0704154736,-713.1563992729,-1762.4063330069,-3378.6200083198,4325.5429745432,-5865.1307545336,-42.087246953,2746.4226600028,-2151.1374596214,-9379.024526618,-2099.3945755318,-0.5017950914,0.6446932531,0.1164005356,-59205.6587606604,-0.9522331093,1347.8397724443,0.4768915416,0.7852322095,-1657.0901572636,0.6229762593,-1339.9493289164,-6110.8851994173,0.1820748474,-12815.646903234,-8874.0016861274,2.2693952382,0.5533931499,36748.6789365125,-0.6194493708,-0.0826889389,9733.8603367308,-0.5729115957,-29.8238520253,-2748.6130816542,-226.1546866306,-11016.1965644486,-1447.4931876128,13953.7828994972,-925.369249008,-0.8967490221,-26708.8257057877,-0.4778173153,-29813.4915154619,-1545.3187083387,-0.1050468473,0.569292528,-27050.8450945519,0.0961776145,-0.3075379401,-16744.9630538813,0.8910059928,15294.7409096385,-0.4531627358,-0.490790847,1.0614762556,-2.1285827748,0.553844735,-62.3169962511,-2175.2147320502,-4926.961794932,2238.3368330443,2477.5325177802,734.766953166,953.1244254011,16816.9078004503,-1135.7658311191,-8755.6792853334,-2314.2378147305,-25607.9969940523,-11704.1077073191,2235.7911490188,6866.6819238449,10536.7269354558,-5112.5308311448,-10601.923658922,-5193.9758496463,-12793.9829623083,6033.4062156319,76.0566309217,2765.8530492575,-171.902026635,-457.3981697189,-0.79499495,-5418.7091541889,2966.9172122277,-3286.1581695171,-8877.980866898,-2378.7113505062,8033.8905157603,-126.4717225339,-1404.1403924963,-2305.7620293458,13350.636362571,2481.9444996432,2494.7329255317,0.9242888141,0.4625850769,-4972.3405284268,-51887.329618559,-1.8948706685,0.0162297842,-13170.1832639964,9355.3766248056,1464.1393837736,-0.4033260617,8317.7213349629,-1368.9621394697,-1245.2998117175,10039.7088841479,-0.5521842666,0.1019291134,-21250.8465044727,10.7280841297,355.2997854353,-17.2321413705,3138.1270479955,-23289.4741112081,365.0688501294,-5622.7715398017,3484.5961190039,-2228.6773000508,3806.0647649396,-5552.814480069,5168.271460396,0.1043749826,0.1171986681,0.1179579232,148.3343577127,-0.4989075021,-0.1229245216,0.0670463172,3208.9154884582,-0.3541256015,-13308.2193352677,24192.2866329938,62330.7747127801,-12554.0595209925,-18783.2356241678,-0.5505897057,-0.2407912326,-347.3761936167,3856.8086691594,-3400.803473138,97.4082600943,-0.2388653112,16043.9578494481,-7315.6183352049,-9052.5074500662,5385.7736165599,-3165.7847155042,19.2070133223,10759.5237032422,-8565.8295001712,12739.35900967,-5610.8937950482,-10039.7259397217,-0.3326594203,2270.121642986,2747.91497423,7873.2434959999,-7447.9211006162,-103.6953433893,558.8174749384,-2925.9004073555,-13539.0611063248,-4432.4175512334,4290.2688660952,-109.8305142755,1.2643425588,-236.2259878604,7586.4786021957,-9333.8806996396,-21.4686331968,45.911094852,1.5718598631,-3840.1050942054,-2288.5671773639,-16074.1407920566,-4172.2194725396,-4879.8085038884,16810.3064444858,9041.4718038734,0.9792881089,4732.0071986261,1883.2154976761,8681.6353265876,-1.1030233309,-28943.8335093889,0.1802284496,-4633.0270426032,569.0540159545,0.364160124,-5.8683582193,-0.4135135332,-12718.070193459,-0.1797216801,0.3699014843,-4764.6592340141,-2.429092773,-0.1624341693,3343.9876405413,-2.6892986154,-1239.3339127616,-804.5911060592,-0.4638000058,3909.9979385342,-37.9396690069,-32651.8835270221,5161.4513923895,3.2168478992,-2112.0320343476,0.5019998279,967.2919726602,0.0324545439,-5928.1784828013,-0.8069606077,-582.384531274,0.6173808146,4295.1620761167,12214.0862355142,1205.0284711516,601.6588170616,32820.0353688186,-3543.7950910723,2512.045517322,679.2150995582,-2.8198265531,-927.5980576763,29103.814739915,566.388986962,-36.0458169652,0.002752704,501.9137008253,1754.1107628487,3210.8541997782,-4376.6183315044,-10501.4799593278,3971.4299322364,-9458.5115276554,5178.9786514267,649.1975918233,-1.4556956863,2415.2388647304,1155.7643749346,-2439.5244856627,-5770.3784179527,2928.0191574795,-377.2009435947,-16.4081064541,10625.9452133848,-37.1612023451,-5728.5454629509,-4359.8738065924,7069.1802941702,-325.784275554,2059.6493294101,1388.2967080878,-1990.1472137759,-3077.7832112277,9110.1196236308,-325.6810220896,-1926.4394590496,-3383.4400594849,-5599.414296786,1948.4989899327,9336.5213651066,-3458.8611434244,4017.5488990806,-103.0495946896,14313.899472108,-0.3601498626,9945.8588537049,7.8399161547,-0.0927238638,25220.7181774878,0.9907831628,-12446.1956998927,-1.2042561129,-0.7244381659,0.4252639537,5774.9316931913,-5387.2913221293,-11328.3428693323,-0.0726278421,12742.1655632219,-0.1973868986,-0.6678604599,-70.9754550229,-4414.9733009186,41449.0073742521,9380.1909695159,-0.3761678647,6114.2260027008,-2374.2871717562,-47562.2222560183,65075.5122482546,-0.7391062412,0.3169430698,0.0702545676,8452.2698619984,-0.7101820467,-12179.4285646294,0.7034837134,-3072.3213080762,2165.1509373667,-0.5232513175,1513.0048579749,1321.4809855605,-0.8787258019,-6884.7327793054,-2652.66096411,0.8650250016,-22.6612464172,-4842.7673723262,1406.0781491391,0.2523539857,-0.057418071,3639.0156779928,1.4515206714,-6906.8909939087,9566.9228817257,10980.7638956392,-7159.0138333797,7847.8284999304,-8585.3281857237,723.5709363753,-187.7554285398,1331.3740743671,-1906.9383051049,12.8252092489,-12686.52046006,3.4259098069,322.0336563769,-4908.9471224138,-1562.4679526662,8905.0445006903,290.515386056,-7232.3141591894,2402.1441336305,-2158.043895789,4909.0838852401,7698.3427182378,-4863.6268525468,10186.4334868112,-79.203099815,66.1465194295,12102.5644299758,-2969.6073258307,3942.3434093855,-2446.2058018719,-2357.1194844602,201.9204404137,7127.7912802275,-3160.9409462531,20.8414331415,2904.7829333331,-979.7377819525,0.2762402506,-5722.2748310296,1.3832682116,-3153.2467146901,-2330.0333502951,0.3632579552,1.9406061275,33600.6275196255,-0.6210937469,-40602.810083746,1.0768209386,0.066162265,594.6095055717,0.452963258,-3391.8422272451,-5079.7674598239,7.6612662327,5.6733021643,-0.4467567788,-6499.7072716385,-37367.3850393226,190.4557758735,0.6213430984,9738.8224214773,851.0331227459,-3096.0492661366,-5089.5820320553,0.85052035,391.4201004867,14348.493356034,14623.8195497308,-6064.3223460438,0.2371164981,1326.9727342306,0.8604759047,0.4997132456,-10533.256979335,5030.0752050898,2.3206916538,723.4684691057,-0.7288135968,-48204.9239732087,267.9380051444,0.1356454177,-70.9178801104,2090.2333028633,-509.5589171667,2.7238175848,1.2157368628,1158.8128980311,1286.5790179112,-7628.2033041288,1922.3308266868,5656.2329427689,-18523.0982474473,-2611.4985826437,-0.0215615902,2407.1015390581,-1887.0407942039,-5968.4222181261,-4.9686672801,-3357.7685392846,-321.8743033478,8.6240965681,4023.4861764125,-10107.9973619214,321.48463963,-3607.1619968816,-7169.119779181,976.0503155336,117.139835674,3045.8910483367,-255.8449846534,-1321.5904167232,-0.9229176979,2744.7823076674,4929.3254384313,-2965.6605291154,9851.1075783466,-1260.5306928028,-5112.0702635645,7488.6288022017,-1935.6875953055,-3694.7288269512,-194.0666031126,17034.2717074464,18.094282228,-339.685149958,61501.2821030237,-5910.6243266742,1.056087269,5243.9330795919,0.2836021733,63.5887712419,0.7893297718,-0.6982362413,0.8855195711,1.0247591536,26939.5664188349,-0.4743754108,0.7217806771,0.9536223841,-128.4690699879,0.9398870265,1508.2121271922,0.3634060521,-3351.5584810164,-0.6225693925,-296.6979301064,-0.01937326,38133.3450396599,377.1245287897,-0.0000561671,0.7342826306,-4479.9261065507,0.2683797198,-0.9381190162,0.3250783284,-0.4040509845,-0.7442465312,-2012.0255706207,7166.9378129737,3124.1284497873,0.0565109461,-0.1665760837,13.4549255771,-3126.7118787962,0.125525023,-0.9281809574,-2513.6338959489,-0.1100004657,-873.8033243422,-14812.1292335935,29275.05284745,3997.9418106178,-0.1617718654,10948.4647651274,3189.1441155068,2992.9498819269,1767.1466964267,-768.9673932199,-1003.0847295865,12783.276249589,8836.3294090787,0.2908725521,2019.979452672,22133.8572706415,-0.7140249061,552.7022681229,-5593.6969778425,-8538.9827368782,18.7501652214,-3274.3020259759,-2659.7966577707,4483.8454551564,-0.1885271852,-1679.1109037425,-8732.4132623904,-4352.3808285213,4540.4607488945,-980.8262654872,-0.2352223381,-10001.730338519,2777.1389611406,5127.9283847868,-7057.4828440867,735.8918947645,853.7680026491,2254.044635389,-3184.9357251304,930.2827916828,605.9011692525,-4488.1497990506,-73.4755013068,7911.8203699659,3652.2483823138,54.6204927005,3.5331431924,-1.6902123059,25320.0318259161,-12215.8937266688,10501.6927881012,-0.1860193459,-0.8346415678,-1731.6107170786,-0.3654532095,0.1438406047,0.6946246065,1573.2682986976,-0.0974100311,755.396283441,3757.5656025621,-930.8295044686,-1581.4777856861,0.065190713,0.0064664097,736.7796761467,-1387.7118279552,-1.0139514386,-72.1030465464,-4193.1542024664,488.1151208419,-0.8664481539,-219.0496686018,-53606.5832988893,59278.6544961786,-0.8687472806,-16999.2572000447,8092.7767938897,3626.7237112746,0.6572845442,13696.3618108748,-6185.5182942895,13.2228618317,8242.3139961902,-2868.6881513266,-0.3793248558,-1753.1883826707,-8804.7247422531,-32639.8608812779,-9.2424317579,-0.633456636,4.073073935,8677.0796037786,3546.3171194449,-3508.4827641297,3105.1679294525,14986.5247030039,6040.8718231627,-1738.7823103229,-4627.8697376942,-4636.0764330524,4290.0120288539,-10557.5474231353,2521.774136357,2.3883159657,-2290.7938029241,1434.1369232111,-5580.6423384385,-1211.2517789105,-43.1950147657,-832.8322607969,-12266.5244359061,-3028.7946270661,-2106.2256499877,-5338.4414523646,-4350.1719824976,-9593.5958914375,4393.0600049858,-3653.0357114628,13024.7306416209,-5394.9145449099,-4483.526061492,1075.8136528947,2152.040262412,-1175.3370903532,4441.0641242842,1.7148223013,1315.0313948491,-18353.5110909416,20.4483993785,-1878.1438206482,8758.6575672347,-7369.8383037919,-1442.9054511121,0.9174498163,0.7304719115,577.7315721751,-7428.6157181263,-0.0336346908,34018.6197849948,2901.2673665158,66.1850818907,-6.6712676221,0.4450939361,10259.1191202237,-128.9925176594,0.4228610898,-0.3297018641,18007.034983003,-12.0357487641,-5376.5117397441,-0.8027022548,0.0282457094,13574.1555119861,1951.715133186,-0.2773788967,-10892.644944493,-54.9893570624,-11449.0741493542,4.3517566709,1.4319830912,0.4543897037,-0.016789953,-2478.5317885577,0.6356384069,7684.9881375284,-447.3232714326,-60086.1253994302,5503.1735155004,-0.2665534487,15887.2300836824,142.5671780171,-3006.4586045991,-3428.6689935806,0.5937628207,-2459.8722419389,0.9124668463,-0.4231873135,0.0796484576,-16.6035755336,3615.8262180903,-9905.6836524856,-5083.3756325219,-41.1128538897,-1578.2780833498,-12986.6276143787,3597.1880797594,4446.8835332124,5487.9250855947,-9898.4587647855,-7338.6994888791,-0.552204554,-44.249236995,8924.4027850244,41.2025851694,-7195.463884758,8162.8944983129,-3662.5316841189,-12464.6046509841,13980.7603750444,6716.8904487419,-715.6991722251,-46.4143449287,1.7250814488,2189.9879324963,2207.013999602,3634.5331775445,3018.219260174,1973.4143254679,2565.0665474968,-924.8709651673,-754.2050368954,6.2328396062,7087.6613395196,1441.6746962238,14586.4899830276,697.5061253877,-68424.3382752033,-22389.948217824,-6138.4375287257,2022.8877119758,1641.9338604169,24181.952652664,9762.5686312362,-5.7642899897,0.2349483197,-8633.7533605322,3058.1824395925,1250.4045977962,-0.8781731358,0.3330198986,2.310465728,1470.5494184598,8267.4356092494,11.7258802796,1414.7554965813,14989.9405068649,448.3135907653,-16922.9144337988,4346.756230004,-0.345948982,-15156.6608281227,33290.6065611024,0.7776610884,-0.9296173181,0.4001462631,0.5123255391,-0.9426276591,-0.0750651084,0.0706940602,-4328.8900439541,-8713.034165487,1193.5213518226,1.3182771496,193.9257015567,14043.9598272873,-49626.0166809718,-5300.1483786209,-474.4545389545,-2.1581167856,-0.9263691061,31471.3037439818,8382.8768010089,-2.0710892692,-0.3077850837,1.1301522284,3462.6987996176,122.1099938164,-7534.4302274518,-3319.5989561666,18277.7122233825,-2898.9123926627,2655.2084006883,11163.2080057507,11922.4108691154,-2366.4434243756,-4649.1750749534,-7766.8626199081,0.4994209111,321.9806684755,16939.3889888756,1111.8745214104,1636.9327015446,-3.7086272609,-415.9118695933,-1.0898122589,543.845547589,-3068.9932689574,7.2537925701,-1386.9041875024,-3551.0617982166,4412.144731324,-11924.8034407166,10091.9937341216,2471.4334597052,-13546.6415248312,-6496.9986960683,-10293.8208580307,-3832.0282644327,10909.8251517137,-2835.9548437504,1019.1863497155,7007.8702653683,-1895.9874366879,796.5610324146,-16.8982548742,0.8022701814,-27164.1172918291,5156.0913369983,0.7313640454,-20345.0557759852,-26.1245928445,-0.8193087879,0.7686186699,-9122.8133212476,178.991324185,-0.7874430614,0.4574602252,0.3715156488,0.9091947826,-32449.7860244508,-22379.0965548782,11053.4869440826,28244.2641300138,1.0031593244,0.3796265924,1483.096125949,0.7690880679,-0.9086516569,0.9086835933,-7094.4426208565,-9320.9194923035,-3544.0592051509,3248.8757815917,1.1070452929,-6848.6677776773,0.5561266737,39610.2015399663,-8687.0630459148,689.3682041683,1.5800059528,2087.7093445058,3524.8222173894,11392.5299704411,16219.7376875599,-0.7554268775,-210.8893071814,4322.8154644675,1.1129608292,18.9114562624,-0.3489983068,-2777.8525613187,0.208377546,3478.4518061281,-1089.0484196252,1314.8059505889,-15.6300954206,6144.7227585612,2525.5488077306,-3129.4777664943,5420.6126022382,-2173.1858747121,-12239.9378959453,-3980.8803435691,8022.9203701066,-1120.2099457884,3109.0286845068,-9002.7352317668,42.8007731935,2769.9817883573,-1467.3608142776,-14022.1300996628,4315.967782641,4911.0883085732,-3.5582278143,4463.0135871084,9391.664810961,0.553168204,-6875.7508546358,14242.5607414808,2612.3474175957,-14083.1104370476,-2745.6637879879,6.0440302675,-0.0748584728,2078.816635546,-6748.8715331431,-0.4361717499,12868.9825637023,2174.226298513,-6224.3300059207,10615.7981560226,1.1589805249,0.4534489884,6457.0543483685,1106.8382764165,0.590963852,0.8501100613,8.2674909167,-0.5222341288,157.9065294139,-12954.843572453,0.037181306,5676.1540810993,-0.75100036,-5101.4230185349,1593.8047719617,0.1117340704,-30996.4028289757,12496.0118655387,-0.9255289879,-9167.8699720221,0.9971853059,16910.30478551,-6345.237423786,-51182.734024893,-8.0673388363,-2291.7211168824,-0.1226312138,3387.109603808,1419.7016763314,-27.3775557916,2639.4308995648,-0.3705308725,-7170.6035834636,0.1216173443,-3440.9316301978,8826.3196716677,6481.2639078705,-6493.9461794535,19649.9966394243,5874.3834220743,44.8409163079,-0.1922262983,0.9668620384,-9.0443229891,-34.3427986355,0.0954933918,0.2568551452,-0.8128400286,4439.9107693412,1201.3845490443,8435.7670786477,4239.0060654127,-10040.2609092877,14579.1268658797,-1713.9277680953,0.9485436486,2636.7317060025,-51.8996215967,-1416.9873649754,4665.7749960233,-277.4217180758,-4088.599749221,1413.1698664808,-1.2892830763,666.71185736,3475.6452451187,6766.7569196921,-4209.4123838227,3416.4971769118,-9140.9636195669,7058.915570018,-4825.8312820785,-14.1538194525,7571.5677572229,744.7618100461,-1975.755678706,-7368.0804822162,-1894.7937451184,7.7521553223,-12055.2092516435,7801.6017436793,833.4957676407,4839.6808290454,6393.6992779312,66497.8605057645,-14618.57199086,816.8786466624,-4619.5633692976,12655.4448103245,4.170574788,-1.8247798376,5954.5026180193,7630.6353522621,-2029.7384988879,-0.3486214502,-4.1882062387,6017.8556703548,-6269.3747378201,-5125.1085818692,0.7457260032,-21912.5764613721,10736.1306876725,1176.1182124116,-1382.8917980267,-0.3875098371,-5863.8126148555,4229.8375881843,-1387.6378678309,-0.4089411998,564.5012432006,2782.7185977559,0.7323015569,-139.3822147962,-4554.9726185805,7.3075709967,-0.1697409239,-0.4542552482,-45868.1580923205,-0.4029614499,-1740.968010256,-33.0483913493,0.7506046728,2547.3110477194,-1460.9377833948,-1.3381556794,25973.7578396453,-10081.3525909733,-1068.8627044531,-1930.4761247547,8598.2939798996,5307.2044147691,50244.2391840293,-0.5751043847,7350.6141500933,-15.4325718033,3077.5802315526,1.8077326801,-4971.385095234,1511.0998154723,-2710.5054331594,-863.2666690124,-1277.3541306422,-9975.4438881437,-9550.5177360566,3369.0226267974,-7250.5715955563,-1468.1125587459,-2103.3253289614,-3827.0466912922,1503.6297081035,4072.8246692984,1407.2800928479,1.1765034895,-3058.0659180051,4193.5269074055,8240.1006771577,3190.7706610625,-4380.7783247665,-2609.7041113198,2507.5483741419,3114.8438846348,3611.0828988964,616.9687945714,3566.1109271401,15519.1107621029,-14404.6540331552,5485.2624049728,31.6178000176,6107.9900657801,-4326.1785096965,4014.0615016842,984.4156564686,0.2030711691,11076.6458953771,-10569.7361373812,-0.9522275224,-0.582260187,12704.6304965252,-3838.9950352926,6304.0757171185,5.534716292,0.7055845038,-6913.3458821946,0.3433529049,-16.4505070667,493.9786284554,0.1997757611,-649.0980040014,-9051.3120632537,4028.2054599102,535.2201565343,0.6511026564,-8091.5282654297,165.9030649522,-2516.7208104167,-10807.4947537668,2.3489923886,31216.755541443,-1120.3003762121,595.0784147316,2.7144031751,235.9144716523,-0.7165784176,2618.6996138574,-420.2107245049,0.4011136162,11153.3478574114,-1.2355319709,-16622.5186856573,-4016.9955057835,-2819.0765458323,1978.5146384325,-6365.7240933138,-16767.8809184054,-0.6770757573,8200.5379675645,-0.2105110306,0.1009962916,1904.8837455611,-2185.3172866651,1.3169729227,-0.414967697,7843.2894073905,3872.9292245645,-6678.1574644855,-6982.4589926207,94.8213608806,-2297.4661447316,3798.1826128876,2308.8320323439,222.3419842469,-651.3253382558,5771.5915015741,-10769.7449712597,5032.9963407954,520.1196277116,8463.7531364659,-8026.0174005122,-2756.6398334481,-1868.6486287892,10434.4371458506,5126.5758271298,7917.7871883145,-792.9391424108,80.6959467907,9557.3383017927,2687.8605055263,2983.9565556349,-5868.2494147934,1559.634238261,-5460.7049069722,8095.1791665387,1644.5465830338,4901.876365031,-2348.223536443,2762.7900139116,-2595.441724614,-1204.322930732,-13366.7397236492,-0.9336688995,-4281.2519677455,5457.2860829198,-0.6657011725,-14.9658812347,-5008.9086674375,10.6191101088,6138.0796637953,25.0129319138,0.3750964309,7078.9152517743,1642.8729443716,0.8358768547,2.125367104,0.5964038141,615.7481141907,-31601.4934381276,1984.6528355421,-4582.499795273,0.0299826017,-7178.6374657396,-48843.6704780634,-1634.5334384385,-11.0399142776,-0.1912612448,-7306.6620184764,-2.3290238934,-1206.0023511791,0.5036369924,-0.7092032155,212.0354790883,4304.3771357833,363.4871089007,0.598218141,902.1061062563,4769.8867429763,-0.6463991232,-4559.2139712712,-3767.12622689,121.4946297898,29990.2497570445,-17.3243068198,0.6673980425,-0.5706242859,30519.7785723882,-0.7122587943,57441.1221703824,-1858.3200529034,31150.1767275424,0.4351210029,-0.6443456583,-14265.2838653009,-7979.3942127108,-664.4605216686,-717.0455426895,-2771.3075720056,1106.6632616702,-1841.5711617376,16213.3501276646,-5024.3155004387,9132.5843117644,7852.6206524919,-0.3287290297,-9.6267153528,1463.1217034598,-13407.7850046265,9969.1478642421,-4210.8961943171,2759.1713418441,4197.0892306846,689.4711223278,11863.4655173114,-4574.3223715862,2645.8020198587,-1699.490245627,241.4288035311,2205.899380982,2194.9815697165,3303.4755971665,5334.8271065482,-31.0026786767,1205.1937342295,-6017.4535379075,3187.3158093957,-0.5221892443,-3759.8016311574,1635.9397478456,-1.520493309,-3582.5871580992,4.6788027676,-9.8549673603,1176.3577736894,854.275170291,-0.7711029433,-22537.8229072828,0.4931276799,-0.9999951651,1921.5579848709,22484.0017150295,5095.7436211358,-0.2861466178,0.4235213491,5708.0849850808,1151.214798716,-0.6557102714,-8.9574898965,-114.6866608214,906.1489448678,-2154.0201806139,-0.8408491542,-0.1329347839,-1281.7545179805,12877.5339334241,1331.8869265967,-96.0719917552,-14.2344748461,-0.5506257942,0.5707270248,6.925412073,-774.9323273044,0.0677174637,-0.4009208668,8321.7529593242,-567.0598058913,-0.4005069261,-773.4393677309,-0.3857753971,-18031.2370443725,-27244.8263108242,0.7335402396,3.2473396015,9578.3598373955,6637.5260693918,5.9534023449,-2.0424742936,30939.3193646318,-0.071496079,17127.3389129186,3787.0014683853,18.5415461296,272.2913192855,-7720.397411449,5509.6433089305,-5858.5386238236,-7985.3617218178,-6033.1031388949,2557.6832334332,-7265.7843766026,-0.2290216685,1113.4130270678,1329.353653007,11705.3161285122,3528.0979726839,2.7333253554,7476.3542823872,-1492.0052858744,3411.4010636825,1019.3121276242,4824.008833182,3120.6758766852,-4940.3109607683,-1070.595812082,-1773.5016278741,-3314.515795741,-4483.0204471202,-1415.1256483641,-13868.5009885771,1916.9848564184,4136.4506874302,4423.2124649366,1027.62015435,77.1692636197,6599.6089007831,33215.8506678737,0.5141077099,13178.3278907734,-3.2970236167,30041.5321790355,0.5663170758,-1370.0064161081,-0.4585859841,-5235.5681957206,-2244.3085975482,0.1628682085,732.5850567129,12353.2140837887,-388.4628856688,821.9004337514,0.4499725127,-1346.2579823713,6082.222588286,-1643.4730813177,-7466.6597311238,0.1774534751,0.3076652971,-27703.0111139264,676.0770517452,-1819.4954128416,477.5723231402,1432.00349882,-5508.2106617546,-3192.7555160672,0.531368124,2.854061809,-6977.2949583461,4.215913097,5114.898712058,-0.0504038215,-14760.7925861886,-2.2132427574,5967.4783171443,-10665.211200933,-12963.8964391978,-0.5200141862,-485.4780302887,36237.6799891749,-1.1918803726,-4986.9876429153,0.5066755736,17935.8575212798,1423.8898720927,-4201.7728905468,2378.9016763086,-0.16641765,67.8228630355,-1893.0835317283,9386.1486002542,-0.8398114615,9600.7214720754,-46.8422864011,211.9805201946,2016.1264862273,20.5555362212,-12.715768825,3436.8793086152,6804.2757030661,9.5181777284,-597.0908560566,5094.2494534891,-4236.7897088235,13366.058635507,712.9117317714,-307.2831808448,7537.0173697732,2128.0443939718,-2922.9439670067,-5143.3872846829,12876.0538287974,3.4466915992,1370.9987891756,1449.4031811013,-239.7498829483,3130.0160039488,-2294.8430829869,0.1109783581,2593.7068207053,2098.2016894806,3850.3598050418,1393.5337123554,9.2701147109,24474.3290441875,1.3635243767,-535.7169330939,-0.1165551526,15228.9047599022,-32.7962647291,-7.858634821,1.9276413499,0.0618251322,-146.5370946758,0.5102234533,-15720.564492446,3.6193808361,2374.6991619723,3701.6015960984,-0.9635273625,1.3617167334,-9151.4768806098,0.4354508164,1.7474316243,24381.5494734387,0.9012655763,15370.7942034726,-34.2952516145,0.5859846325,22412.2919766196,0.2373390189,-547.5613065629,-0.2463399988,0.3625605743,-25956.8532978915,1324.5557253847,-19724.2274291781,0.9637953533,0.2592981096,842.0286797009,-1462.1843613075,4.7721704619,-35.3212932151,6634.7718939546,-6.7441293774,-1485.202042985,2187.5941369556,-1758.2001193433,0.8510392682,2977.9369031237,13660.8132268238,51361.1690449265,32.0426905447,-48573.7435640631,-0.4080086277,-5139.8451337772,11090.8491551904,-1927.7801209447,-2818.4320265376,-4966.1519954853,9682.7955225197,4749.3446256358,2841.0637609613,-3.3951177015,-16459.4671176465,-14578.0340868369,-2711.3637476891,2.1427105976,592.0229146614,-3696.4901427008,9133.5373673319,-1967.603482087,-12712.9836988646,-438.142695999,-276.8142774725,1458.1793474605,2788.7025296242,23.0087533774,1132.715555699,144.1393659589,783.7601486354,-688.6925945513,1448.07985008,-8140.5027315405,1955.0224650893,-5042.4828994552,1184.3457082773,973.836508239,-1218.4042579444,43.3419488075,-10906.7388418623,2936.2200651679,5105.0357878906,-0.0944662584,-8746.8060805851,-0.2675736753,4207.2997496174,-339.0497815093,-3.5052705029,0.3710261888,-1.1003375189,-0.4180983833,1263.9376729579,4625.4108798692,-15374.1386842323,0.2574498632,0.2581092697,1.7721933239,15298.6529217755,21054.4494178512,-13306.142812845,-21692.7923043806,3135.7457646048,45972.3064547924,3292.7249687619,90.5779926545,-10043.8560292753,38904.3859748842,0.1100648684,-0.160953022,-2067.2748072739,0.3084961972,-8683.4568397261,-1288.5379888504,2984.6464740961,-0.1608683264,-4753.8422254084,0.6323123738,-25674.6364938378,349.5457909967,-4431.499641922,9808.8600019097,0.6858338272,0.6810524093,-0.9362213305,6998.155173244,38185.0758652341,-22410.3099110659,-5366.8725453395,0.027714775,5780.2378132248,0.5439654678,-1381.4717889392,-15269.6592960355,323.5211956304,-2932.3975947193,-6694.6742521209,3519.9517102372,483.4911569811,149.0451566941,9941.5225104649,-3928.7317229599,-6750.0347627242,-4856.1526285576,-2932.8326823042,-4526.6799850488,5745.8331255903,2784.4592926919,-8940.257960462,-1166.0647788866,-805.0188773877,-6735.8651573856,5000.7504320063,-0.9039044562,5455.3549287014,8546.6198671518,-1600.9271502627,5182.8775550635,-1036.3298925343,-830.8188964679,0.067235545,-2017.1004824584,2307.7143847138,1224.4408393043,1424.1259332957,-29.5851094384,-2618.8306408161,8337.9580012179,3821.1587245171,-0.3784750207,-566.2737149812,11159.5485830687,0.0026204732,7239.5476718293,970.0380374722,-2.123810553,8405.7286624952,-331.384351245,-0.5251628022,-53573.8911219493,-25287.6449383805,14458.2462233355,-1371.821910092,0.0099867228,-806.5659538339,1009.578194049,24669.3633798833,22085.3012385066,-0.0784283273,-4645.8779214775,2616.6521422785,-0.5284900733,-40075.7066428075,0.1647565171,1600.2957838391,3831.9981420326,217.642998055,0.3432566591,-0.1199608429,5.2591588768,-0.1050396302,-6828.4313418487,-0.1369213452,9495.9609818377,957.084461997,-1523.3251577731,0.2818291532,344.5318711252,0.482587705,2.1821898823,-35152.6864460856,0.3730477094,-1597.4552321289,-1748.4165201546,-2.514601137,-929.935557632,4377.9787039342,-0.4363017879,-0.0105554762,-852.4631302879,-7381.4435388178,-4057.8329495944,-5125.3644849256,-3213.5457786589,-1684.3880995444,-325.038761699,-3277.6918611703,3139.8731540603,1844.3757351459,4856.8213958302,2225.3270522505,2628.0654887782,5769.6760338013,250.2083187256,-4921.2711346979,-1698.9360609904,521.302148016,-13686.0222984264,-237.5452907879,5971.6990330923,-2816.4274739905,-8890.6453825718,-3412.1707707965,-9849.8029747983,-3620.5961058919,3656.4531653009,-2066.0174642439,-10711.4731810975,-0.6015903495,2966.7335275269,-6805.8454855284,4.1900542662,739.0909870557,-1.9150693255,13614.6648650867,-2666.9824854924,-15.3382012264,16844.4141605328,-19796.0021983574,0.8939290415,5218.948369848,60940.6512261274,5.4822704384,-8.7116508729,-8786.9378510428,-0.5789756736,11507.0430623534,-10419.0024560931,57.0500924337,5240.9633402068,-0.1134355362,-23862.4954556074,1574.8588333432,-6965.3763268785,-12263.6049279052,-8.2644570239,0.8459954477,-1419.6171931108,0.06531499,3810.8763534706,-42054.2955327905,564.2609855395,-0.2816838457,39938.4363928378,601.2636073996,0.1373796622,0.1809034113,-4602.9897137796,10697.4123569439,0.634454106,8878.2149911759,2889.495114803,1940.6604929848,-39900.5463372757,-8501.8145086789,-0.0053079544,1.5158137929,5026.8764646925,-0.4822885343,-0.0941095355,-2.2422723784,8303.404093302,36.2918906988,-0.7666532122,77.3796326256,0.7033287533,4220.9175213979,-75.1224426758,-5110.9471281403,-7980.1573233259,-2190.8533775471,120.1865513363,-4681.742803253,-17022.4350015707,-0.0568864402,-0.3671486625,11832.5075409832,-624.2925800714,3111.2391979662,-9749.6620793932,-4072.9834322166,-3154.2448096833,2475.8473465753,-1955.9104068737,-3721.0750560352,-4760.5329149585,-4191.2366032433,6.8935201449,6126.9098057683,-672.2319369778,5062.8919996278,-1183.5796023783,-3126.9133997738,-5630.891544193,5094.8298788687,-2661.4188329508,-7672.4406323716,2936.9021260916,-3844.0900305929,7501.9337215754,-6003.9730675284,4296.4410872712,-776.6172163566,0.6773559763,1277.7961555698,0.5263206648,8338.9464999996,1.2498983434,-40.059623154,0.2113638507,-5259.1226232016,-2733.9509694748,-0.858607493,1642.4123877728,1589.2785537812,0.4808838849,7132.9846276824,-0.3561878312,-7969.9956926929,0.544005823,1.0073131023,-361.416163043,-21.0176759724,-243.7551211377,-49710.5035673543,3718.3038454298,-855.8608348841,-4589.4996940387,-0.0020354862,-1.0605936396,-18697.5428407935,4204.5527081063,-8948.836783333,-13655.3414037106,-1345.1407846094,2271.0932090864,-0.2266144,-7585.2164340984,4873.8434564968,0.4121051216,5.1770061756,-1830.4987010884,-12416.6220720007,0.2455307245,-11128.158011384,1171.0935573207,9210.6327722894,-2.5598148433,1427.2738535352,5811.9232068212,-0.1082137644,-0.1001042762,-1.325153704,-5893.5056357725,10590.857282179,12971.5559147171,-3944.631110575,-4144.698600397,3124.4520154231,3032.6352795856,10743.376632521,-3048.8355084366,-22.3486862927,-5205.6372694117,-1803.2263318824,0.7044406492,-624.943418299,-6529.5457283001,-2443.8471852042,-3510.6900489428,-98.5493755119,5485.4531087462,-3016.8775044312,-4778.8814410059,3778.7550798599,45.8538366182,-5664.4879692605,-4354.4271122799,-82.5116711832,-6104.6981534531,5278.6274356929,1186.5239725833,-1.993385209,-1.3678716185,-5441.6688742627,-2116.0246095057,7.0706359494,11962.2777932945,2822.7445085326,14917.8826356848,-34134.4372008099,0.8559157392,-7602.3371358062,0.1649928182,0.6039855052,11166.7223320775,0.2278022526,-4679.5903722541,-5287.4444806367,-0.3961093022,-0.4571297343,-1646.7246749241,17781.4382093512,1.1689909583,0.9711902777,-5948.8675560694,0.4567563683,-4503.9976690725,4507.6890723166,-27.808892106,18261.9632000803,0.5646335719,0.8701602052,-295.2663338401,123.4107182249,15.6296520701,-3821.6588589936,0.3108479878,-0.3858382429,-45.7129928052,0.0645639399,-2394.6189641927,3200.6925478961,0.0194435278,151.8826564119,-13646.191101341,2730.5556150139,71.2072789595,29163.4806512695,1654.3841697242,0.1505401289,-24537.7497646488,-1514.3506491527,-8505.5287544304,-1.6996103423,58728.5589101802,-3672.872802271,1.5775230849,-0.7606838174,-0.6092068098,-17932.9208074514,-12232.5422247619,-4457.6835737877,-3075.1969762487,4338.1545356165,-2070.0728564761,-1264.3674800464,19227.8341230914,13745.7937878329,5243.7642608561,-8206.2519745622,2123.7103096262,3859.2618756735,14314.1797337283,-10376.6072352007,-706.0511073679,-2536.643524875,-1603.7842505848,-17319.3252003979,-6466.1894514542,2523.7813409638,-672.3005691208,2033.8636116448,-4094.5796098267,-3921.7370150533,3499.9023500683,2919.454427345,-864.0727534075,1615.3744799786,7495.4409091074,-2543.0035409621,-1.1848333219,-303.2165784243,1658.3696954702,1650.4624557855,-2927.9466896874,5441.881936409,-436.5831671851,569.1946448035,-65033.8430972171,-1336.9048545325,-8948.9467870578,8200.9688659223,-2094.0348435625,0.036656115,-737.1707542459,0.4897010844,5990.4171586735,-207.5067026135,2215.8027502361,-1166.4155272257,-0.8019274992,-1.9221162677,0.3030556134,8.5175770519,6776.7864172379,4906.0170890358,-1874.3012289344,-0.8264395688,885.8264318502,-1.8511784813,2576.2765621288,5783.1365135515,-12534.7410709303,0.5198920005,11286.3175618359,-0.1389483094,-3.2225669045,8688.1138270631,324.9520040959,0.0928193994,-568.5740654452,-75748.2467136372,2445.3595443994,0.5096657102,1790.455230942,22120.0351035454,12658.268044443,4825.3650657685,6683.9731474516,0.1381592045,1.6238974454,28093.8480298746,-2959.3816479263,11913.2748452002,4898.5928921628,-0.6425395875,14885.4110842306,-4021.9015734895,139.6859681357,2439.0610926165,2390.861946166,-8910.9669013021,915.5205430945,-1247.4892901863,1812.4485673237,-2109.9488915834,-7902.1896833279,-884.6679835349,337.4813108879,-9636.8841943706,2693.836258984,2148.1629419657,0.4381167605,-1105.8482508362,-870.8875561089,11.5209974661
   -3611.7171829643,-1.0113910245,-10423.1100179765,-4679.7428620295,6061.9462894853,-69.5485966305,-5130.6659536358,1998.6959698379,1254.4773796893,-9016.3998243655,3.2175266659,-1975.3090606328,1217.5223996247,458.9262889048,-267.3431666494,6902.6725569305,860.0587837946,8193.6630905705,-2.8029109249,0.3683105286,-7682.8380463739,-19579.1968937884,-1340.7501061176,-0.7180029232,6613.344415018,1.6905579652,-0.7253225316,-0.5336796504,-23912.2976890097,8588.2044525296,102.0322904594,0.1116045348,-1.1500999426,-0.3311890483,17609.6906015401,-8983.6618351215,0.7069637305,-0.3964730085,-48533.2564231945,-0.9651359765,-307.5303659247,36.1321349827,1962.100518909,-99.9639853779,1078.9401053208,-0.3145235923,-17078.8737807671,-0.1261271031,10780.7659587564,88.7249214121,0.92497554,17126.9363570048,-739.5663546688,0.458280877,0.1041620236,-41612.1374949442,59397.719321371,2333.8439171126,0.5107424775,-0.3231363196,-28692.3582388558,50.0347608914,3462.5214627131,3197.2704004239,3443.5069820869,-0.8168881298,-0.5873576238,-4.2903733838,14830.0773486558,8338.3626800423,-25524.098569977,-655.0816539307,2191.0487856349,3319.9595639927,3844.2051573485,-8127.8516988175,366.8127899729,8993.3912225454,-6041.4382619214,-973.8329597241,-3998.5653552207,3527.042214484,637.2078401009,482.1757992448,-5984.0110753204,587.9852449702,-2581.0323608528,3867.0831467523,1658.0171629909,-2153.1666471206,-3379.2667501553,-6536.3841877123,-751.7319894434,-2555.5688535294,-6470.9282740032,-4039.1316595743,227.4617727277,5.6344705105,-3036.2030695696,6929.6748033975,5812.5195583948,1876.7817010596,-8998.1922095401,-18.4216468866,-0.5100109434,0.3227086283,1.340804239,369.5280970679,-1936.7268702369,-4677.2043282201,2128.7693685268,16890.877023461,-3853.5161281482,-0.8088137352,0.9094246642,637.8473188242,-2884.3204886775,25.1921823053,-0.911880994,-2947.0500798674,7484.8395702868,59322.6978553557,-7455.323898591,6482.2441692274,-52888.9550783431,5289.0333744684,0.8327347109,-3201.9419684553,-48002.3766044304,-29356.7357653987,-5488.143458793,0.6766583119,-3300.5370120432,-5038.2914258836,3599.6638998012,-0.0127287364,-0.2883518287,-0.1066704811,-9138.621215668,-1267.8225705354,15194.6264147893,0.6763709858,45.7413806651,-9795.7107595063,-2.1811553374,-0.4641220037,0.9458734933,-182.5963852724,3361.8236616781,-186.8030498098,2099.9391434277,1.8167058418,-0.1666468115,0.7955474026,1307.3572077462,-3543.6001584861,1312.9182810654,672.5696963193,3718.3371831252,-1624.2895680161,3838.2435453412,-7120.3105001207,-2750.9641210083,-2982.7912559309,-13728.9047693181,-2202.6096554103,-492.5638345817,9904.7427846778,2161.5046234908,3179.7685568445,6.6857447798,-2117.3107005777,4533.4097569277,-1832.7085862223,92.9328342568,-2308.4335782549,1293.0167947272,131.1783370205,-2.6349939959,-11723.0189825817,8288.8897907422,-562.9486985859,491.7458768726,-7841.8309943427,10357.1418783489,9557.9779250893,-10177.204378692,-3887.0487391655,44.3394946689,-2830.9905776408,-148.1144334195,15805.4839469129,12129.2061541168,3083.6642445721,4367.4459962245,139.2118108745,10426.8803178816,0.7990441829,-9.7726731688,-2376.8955916751,0.4385108618,-0.0835233205,0.2474108486,3.4069344158,0.4682019484,0.9549046101,-0.4974208107,17379.5624610603,-1.4695778118,-3.9297194662,-199.750131989,-245.9314892159,9999.4017592697,-10412.4185279007,0.7627129935,-14565.2991314981,8347.6228331319,-3866.4271626544,-0.4398966647,-0.5822879428,-0.9886334969,1.0109516793,-36024.3792868095,3467.3899455822,-0.8931084027,9881.6652950498,-0.6174708318,1.0689151616,-17158.8251595389,9073.9078215407,-1780.2516215289,-919.9168849212,8421.9521073255,-1828.0854801488,1.0537436902,31046.979056516,-3043.2252803132,863.5274414344,-2706.3310896615,-4800.1175258975,0.7284125854,-3497.9501136297,-4.9361623773,1743.3192972748,-11984.2222320114,1982.4882917589,72.7842739771,-7068.7128183311,5000.2128679647,870.5135399804,-4.9668000536,-11455.2234144752,-19144.8978061944,17659.2059281861,-3405.7860932187,-8200.0586277119,3183.4088711582,-4791.3350165598,-3231.8522364999,-3915.5594099386,-13.9966976447,-1753.9790015249,-2422.0922436949,1428.168176914,2348.1421208529,-2560.131316615,13192.4665830671,-179.5744123164,5698.4074209368,-25.0535467112,-1917.4092254258,1106.1660237421,11.1762698557,7240.8186577385,6117.2378244536,0.1841270394,2.0666479294,4642.5271823094,-2290.6773250436,-31.644430602,248.5734953755,-46669.4394557558,73.769267728,-5085.9940606376,0.331662985,-7.6709384759,-1085.8414089351,0.4116252374,3013.0832957562,-1.1234360763,12535.489002678,3115.6175457355,-0.8259874719,-0.4523903235,0.0877963963,1.4787099115,18.6400986735,2356.9801809451,1275.2021489984,-8876.3548641831,392.4503968704,-0.1772758119,-14959.382616875,-17302.8897916796,0.77235563,0.2450630026,0.4083542842,-2098.572112564,0.2211064325,0.8463427854,-0.7603789637,0.0540572874,-0.6229022969,-203.6747138861,4.6897497568,7922.4817129696,2469.8329466007,1.0066846335,443.0903965486,-22434.4867855003,5232.9606434708,17508.8869366015,19.0626729312,1761.5423452801,-755.3872805918,20278.0581065208,-211.4038476066,-1.2892220405,2033.4312667072,-8387.793418933,3180.9105332246,10002.9818873423,4455.4791802438,3939.3374812673,402.0497977147,-17608.6890168142,3758.4280638494,13180.3382593728,1349.4900451004,2542.3308286219,194.5835996201,2.9143650007,-4466.1555765692,-13336.0744940541,11612.894313813,-3128.7613832304,-7457.0503228058,3814.97523681,2841.7842763578,10505.9692550898,-8350.3322135822,-8541.7825778714,1718.7259329752,5222.0882048454,1812.8760678996,3527.3990694665,8154.0405309679,8790.2631707039,-3835.3245813577,-3758.9650612212,-11519.4625962469,10693.1639754627,2683.5164364989,-4566.310229885,-3753.9999327543,0.2734611462,-252.0777623141,-1612.0962105957,0.6241154476,-84.5120730648,-3947.3986011554,11541.7338933889,14211.3860805732,13705.6136731922,0.3765371795,-1.2540112932,1184.2818312658,-76.8207946007,-11820.7952778287,-0.3027477717,10131.393153163,331.5981120933,5808.9087370663,-4019.3586124156,72.0150245572,44615.9609677218,10922.9712791123,0.7294656408,13554.2008880568,-5.6716087887,-29459.842133858,1.3402929043,-6010.7995113872,-0.7919640897,9054.8134880069,0.3948697803,-75.6512488618,1.0429871568,-0.9317723761,-9.7175550565,-31.8196060567,-23731.5412725028,-6631.2750532705,3022.3714966452,-24.4366215598,-7666.2469567728,4398.3389972989,-2537.3004520264,-7442.7612165574,55.5735421879,-18179.8459441967,6.277894139,-790.8452713394,29845.2789384641,-0.4890557941,-5266.698692928,-502.6756871953,-1836.8991166219,-6827.6363014444,6115.4458131045,4342.4509054354,-5931.8551700806,2063.3593020176,4236.7273280285,-7036.4570240655,-10.9407577209,-14352.9548979853,1.2288852867,-3257.1045683837,-16596.7233627046,-5.9553482738,-4747.3285977901,-1197.0091304232,-1164.1840480658,1455.0184559755,5223.7360245028,-13628.8521412089,-5453.4602009272,-3606.7605250701,9098.3228590902,-2215.1033775435,9725.6515111181,6990.9003095327,173.4236360844,-5968.2083147864,-5103.6491422118,6241.6924413446,15032.4693442842,8711.0129896744,7994.2944283581,17.7415154731,-27105.0422733933,-4444.9248264189,-74.875478647,-6444.9833117025,-0.5096216717,-0.8319860052,-136.9772143215,-4137.7089167186,16109.7409833845,0.7102069811,0.2744372732,21983.2440515863,-2183.2685113829,-11744.3373904377,3269.022805102,0.9931894274,-0.3963879383,-7503.585494269,11161.0679849234,-31295.5419132692,-2492.242042056,30312.4964528924,24.6711215283,55247.6026060967,-1.1818987712,1.2257950703,1.2014597014,-1313.0001481621,34047.3988022144,3016.8918182089,204.1007096675,-4491.1443825007,-0.7662245725,4505.0194611807,0.0916038754,10.6702293024,-750.2380849578,-186.0190490312,40.0772688593,-5760.1038875007,-0.6269188257,4553.2657957988,-0.0438172859,0.3664947078,6005.6686273624,2714.9011102642,-62.7562736142,12819.889004961,-8782.341954957,8390.4580223493,0.387412829,2887.1274180751,10514.2543875428,1105.1074272767,4.7780243426,1222.7993745637,3097.5278172545,-3285.2819852325,4410.541396022,-61.1870651791,11832.4620422627,-37.9052668132,-2942.8326232035,-11744.3097763944,12658.8435651086,-3436.9803119399,0.1651741054,-3895.9787273296,-9310.1394701739,-29.6034065893,-8096.33447537,-1633.2670413877,163.3423975814,-9021.4951158098,163.1598235668,5921.2982118187,13463.3156577184,2098.6039154573,3119.1196073644,1530.2981995245,-4782.0753048147,-10909.394200426,3556.8367571955,-1846.0601119031,2109.9468244173,13797.7221127172,-7757.5555889175,882.9787111742,530.9723823808,-2.1795089031,-259.1395581112,18770.7139146894,-11418.9723491389,-0.6289422639,-20953.8554752554,-34531.4038766096,-14022.8876809157,0.6175441874,11901.424648776,12096.9193108251,-1661.4395604802,-144.5676114031,0.4098706518,2143.7152023859,-12159.5709948365,-6.3251806336,-7449.7456490572,77.406265128,-39187.6153432041,-16201.2772883661,6781.7083470234,-13142.7681580694,436.4284296681,-0.3430315495,0.853187394,-0.9075119985,-354.8149030823,2.1523569439,-5.3675036204,7021.2662012821,-9209.1648189606,0.9345707783,-123.4130423201,-0.6091708273,-0.4863808384,17143.2786089566,54092.3356817159,-64631.7580308514,-0.5574169082,1.1909058156,0.2442368525,0.3906759396,-6630.364794467,-16297.4579662587,-20476.2927200075,-1.0258628312,-9240.2746322279,0.0328666701,11101.4651538625,-4241.9351774829,-1704.4830831332,-10635.5028448314,3209.4707829288,-5516.9786406692,-80.9371433323,-1911.777343689,-976.7827698527,6368.3671804727,-1153.9585678008,-3367.0371998892,-4335.1487252977,1884.9001098099,9921.2711700614,480.7414805951,-4.2323091799,-7594.2554399142,-7520.6382568615,-17599.6551959267,7488.1958855025,1.0484241481,-1993.988327882,-592.4205705773,-2468.7284620862,-1132.2606721665,-0.2050110814,-6422.2290966733,14597.3049986124,472.0408278134,2354.9712552095,-4080.1483280183,-1453.5325948448,6212.6074538947,1147.9765770651,3410.9920381207,-3100.4288683523,1059.7273625748,-5400.8010681943,-1663.8587767677,5672.2890934015,16634.8930656568,-0.8729581098,35021.6662539305,0.3973634621,0.1331000276,0.9225056274,1923.456853867,2931.3601443099,8.3577310456,-32450.105742756,-0.7792563401,-20.8785607145,-0.090259201,11849.878710827,25802.4768459145,0.9050245848,-29556.1459865444,0.6056811279,0.2646108889,-961.1110678929,-2.7115542634,-0.3236523758,-772.0348154817,0.2590765818,-1.0186301101,9566.4196529063,0.5953155638,5.6748874925,-681.2751389916,0.1441215094,40.2428213434,-0.716985485,2125.0275321028,0.5809649991,4.3903641505,6032.7248680747,7953.0632182839,-42784.3537099882,-2495.3129074406,2623.2947957765,-2531.4196041177,2191.7886782996,-3975.3630514496,-0.3317902827,0.1586866149,0.268613266,-12208.6356294231,39.2133237053,6279.1817708881,-10398.0831441473,-6910.1845051568,14210.146536314,4299.2800552258,17927.6318067754,18.5034136907,-5834.0779377255,1979.6104933258,1697.0334864646,-1854.050642547,8264.9770842383,-18665.3228416124,4182.7300991907,1278.1182571463,-10165.5307777181,-19028.1632279551,11676.8653572189,-9335.2273786121,-21264.3749848997,3736.9151325142,817.3367158267,1398.9187506826,566.9701204692,9665.7387177239,10941.2094497903,-985.3900642614,-602.2757655004,-19297.5711461404,-1537.433201793,12641.8119321643,-10310.2904928935,3006.3454725659,355.7993059444,1649.8183352364,-5.7270616192,-2.0497185604,-17946.9209115621,-12189.5342797565,-0.0039686959,385.7267595015,-26762.3478712843,3853.0402821501,1058.0631062011,0.8165395669,-3235.2457558257,-0.0471187605,0.9078754804,5.3271906146,-0.0520942522,0.3721507177,25423.6455096909,9458.877753003,3518.6078711765,0.8915653603,11226.6820502579,-12073.4097119418,2545.5378050247,-0.3176019824,-4379.1156745178,-4047.2657353234,2.1473364727,2464.7118505424,-1.0221618659,-14454.2552321111,4008.8742951035,-1549.9809254378,-18953.1672475946,0.1134307907,14721.6066801183,-34198.2421684739,4731.0655081555,0.1340919838,69696.0253761258,-1744.0824946725,-1485.2883972834,-6880.9578294528,-3.1916591026,7305.4949975811,2407.5037426482,-28460.5374899167,-16674.756899893,0.8975714477,3115.7387347256,-0.4993434814,-1784.0085696673,2973.9077459628,-1279.9326577308,3332.0407788724,-3712.495108422,4535.1563393077,-1044.2782467829,4040.7651517047,784.3636090989,473.939676171,5266.5899041775,4098.9307698853,-74.4488538401,-621.9506518956,-4722.9336197144,1984.4759957448,-3461.6472188844,8167.0341759494,12000.7545886931,1749.6521516702,-838.9604120429,-6878.6849190316,-11524.1273590206,2168.206921786,-0.0346337671,-4092.8695385564,2874.1373026367,4025.7609863782,12451.7329933553,11337.1126559995,4546.8980322947,-4832.1163326098,-4879.5056331147,15702.803430137,1827.0658153804,-6001.6506721994,-0.7622908893,1749.367757502,2787.5145801666,-8019.9968414596,-3730.7864316873,-4223.7750998906,1108.1305408359,-209.924260173,44731.9176073457,-10396.4272320403,-0.4751197375,-37802.6206136189,-14549.507154265,-6624.0608394318,-0.0124009025,0.0416500274,12692.4140962605,-1.0728449228,-0.6415193131,-4.7485426895,-2055.7377719944,13334.7085370708,-17294.391329217,-0.5073400267,0.3615287335,17921.3360002111,-11232.7916148817,0.6095199476,0.088116149,19716.6622408798,-1.0382900866,-8391.3644985538,757.0249187253,0.5626450958,-0.9333989404,4522.2146545228,-15013.5530784545,58.9962391582,-11007.5873897282,3228.0603788388,0.733716161,4.508748304,21549.7565959089,0.4382571466,-1847.8724681327,-134.8503729742,-0.0522673982,-56517.383043759,0.553500665,16645.8326412778,180.2946093314,2735.7504465432,13856.268926964,2394.3591454655,-3081.863700509,-1856.7680135915,3267.8867281774,-9385.9180979741,14150.0562619922,1670.7156537191,-15281.9333558838,328.0067295126,-16096.6080510764,4.2176875233,-6347.1360962992,2528.5577176479,-23.1251411818,6221.1882668993,55.1043768432,1996.2589640295,-8193.9879608897,4124.7043732957,-12206.8899939061,581.7872819701,7074.8371697064,813.3607576233,128.4999222897,-1310.7827772379,-5714.6538350053,-3750.3259396392,-8712.2343323512,-1122.895522749,957.3611752221,-1589.8009562826,81.8037424157,2825.1359614615,1113.0874728127
##end
biasActivation=0,1,1
[BASIC:ACTIVATION]
"org.encog.engine.network.activation.ActivationLinear"
"org.encog.engine.network.activation.ActivationLOG"
"org.encog.engine.network.activation.ActivationLOG"
