encog,BasicNetwork,java,3.3.0,1,1425325197232
[BASIC]
[BASIC:PARAMS]
[BASIC:NETWORK]
beginTraining=0
connectionLimit=0
contextTargetOffset=0,133,0
contextTargetSize=0,31,0
endTraining=2
hasContext=t
inputCount=50
layerCounts=50,32,82
layerFeedCounts=50,31,50
layerContextCount=0,0,31
layerIndex=0,50,82
output=0.0053607168,0.07646564,0.2762570679,0.2098963131,0.3485420226,-0.2773485668,0.2463280098,0.1091218732,-0.2352917511,0.3404422311,0.0000732072,0.0086397707,-0.0549508877,0.3672998626,0.3441742033,-0.0002760216,-0.222719333,-0.1249211735,-0.1381036594,0.2964481704,-0.1158425233,0.230664964,0.1661844939,-0.1047623407,0.2820712188,-0.0742999504,-0.0248827729,0.2998887981,0.0786664668,0.3613102994,0.2582575891,0.2519241232,0.2897270409,0.0126078657,0.0000637506,0.0184839245,0.6548647521,0.0041883923,-0.1749854484,0.1905270475,0.2476673518,-0.0072233302,-0.0455207709,0.2319451699,-0.1268648377,0.327071531,0.4288433704,0.0938767068,0.2699133741,-0.2937042972,-8.8029339,8.7514607431,9.5811768382,10.4910671578,10.7062457718,-9.4134713672,-9.90694503,-9.2461375221,10.2490723122,10.0435515493,-10.2755798115,7.1886748971,9.5483378982,-10.2073200405,7.939098583,8.5868442791,10.1893380359,9.2355009908,-9.2702456499,8.8572598521,-4.9497346724,8.7834476684,-10.4276152907,9.4107598466,-9.6690775353,9.889765756,5.190715172,-8.7841130674,-4.8673914868,-8.9768854535,7.9994649677,1,0,0,1,0,0,0,0,0,0,0,0,0,0,0,0,0,0,0,0,0,0,0,0,0,1,0,0,1,0,0,0,0,0,1,0,0,0,0,0,0,0,0,0,0,0,0,0,0,0,1,1,0.0053607168,0.07646564,0.2762570679,0.2098963131,0.3485420226,-0.2773485668,0.2463280098,0.1091218732,-0.2352917511,0.3404422311,0.0000732072,0.0086397707,-0.0549508877,0.3672998626,0.3441742033,-0.0002760216,-0.222719333,-0.1249211735,-0.1381036594,0.2964481704,-0.1158425233,0.230664964,0.1661844939,-0.1047623407,0.2820712188,-0.0742999504,-0.0248827729,0.2998887981,0.0786664668,0.3613102994,0.2582575891
outputCount=50
weightIndex=0,1600,4142
weights=##0
##double#4142
   -0.000350673,0.0042678589,0.0060138159,0.0011955231,0.0008756514,-0.0043142674,0.0029179555,-0.002597558,0.0022883439,-0.0027687151,0.0042275267,0.0026559834,0.0025361506,0.00178301,-0.0032346999,-0.0058646408,-0.0030091519,-0.0005215906,0.003545213,0.0020576781,-0.0013247698,-0.0030547636,-0.0016248603,-0.0000743983,0.0025177555,0.0002031645,0.0040743628,0.0030542805,0.002024073,0.0007084101,0.0008498613,0.0399672927,0.0071453729,-0.0010405565,0.003434854,-0.0040729936,-0.0005148148,-0.0067266026,0.0013634474,-0.000079914,-0.0046541772,0.0029209872,-0.0003666562,0.0067934794,0.0011609155,0.0037148419,0.0076400949,-0.0060557038,-0.0056789546,-0.0040166356,-0.0084286082,0.0047743635,0.0064826279,0.0037071766,-0.0062427816,0.0051589526,-0.0028152293,-0.0051287553,-0.0025453847,-0.0009238146,0.0043495189,0.0081966445,0.000407335,0.0776975874,0.0037671971,0.0109769215,0.0002993667,0.0001576457,0.0002520087,0.0019214942,0.0055684524,0.0010177975,0.0094738641,0.0131550071,0.0015324886,0.0014239424,0.0052689279,0.0031600413,0.0041094673,-0.0019404971,-0.0179293687,0.0064337252,0.0044901626,0.0037781264,-0.0100644929,-0.0065139407,-0.0012011101,0.0133220408,0.0066925363,0.0009226882,-0.0021184541,0.0001495867,0.0023613413,0.0024976104,0.0087622105,0.0637240127,0.000665905,0.0030449496,0.0000465279,-0.0087131595,-0.0002118248,0.0063906536,0.0018133032,-0.003851305,-0.0049026541,0.0057762999,-0.0026923858,0.0058258545,0.0059161298,-0.004375817,0.0002978943,0.0005211899,0.0044139373,-0.005832046,0.0033074311,-0.0012705517,-0.0031211128,0.002734188,0.0023349305,0.0003836767,-0.0046281412,0.0043178811,0.0101134397,-0.0039688779,-0.0012487435,0.0024700754,-0.0046977934,0.0504852477,-0.0061669595,-0.0039280811,-0.0023858697,-0.0046578409,-0.0003370578,-0.005834323,-0.0088630337,-0.0027516929,-0.002106078,0.0082180261,-0.0048220513,-0.0039517256,-0.0106413011,0.0049734884,0.0031942812,-0.0009698653,-0.0051706652,-0.0045932953,-0.007321707,0.0013820538,0.0047630055,0.0091599624,-0.0008340384,0.0055978872,-0.000870653,0.0015790515,0.0078482005,0.0059853029,0.005152213,-0.0022338344,0.0068313023,0.1239572441,-0.0076487687,0.0004568667,-0.0036648088,0.0045571683,-0.0064769586,-0.0010759761,-0.0039162709,0.0008193698,-0.0031909493,0.0041085991,0.0038213042,-0.0015054456,-0.0123807435,-0.004840066,-0.0014655408,-0.0027058244,0.0098273476,-0.0018155606,0.0019050682,-0.0146350944,0.0031769437,0.0056497091,0.0107152538,0.0038779449,0.0099215028,-0.0010227924,-0.0097280278,0.0043677966,0.0022028363,0.0051299851,0.0012407557,0.1588463108,-0.0038939009,0.0053542288,-0.0095590149,-0.0035007123,0.0025907056,0.0039855604,0.0038135443,-0.0052497677,-0.0073668171,0.0050136281,-0.000679621,-0.0025796633,0.0058064474,0.0032501945,0.0059782047,0.0016646339,-0.0006955054,0.0025860251,0.006539898,0.0013896809,-0.0010212799,0.0026525953,-0.0075998402,0.00223391,0.0024097024,0.0072439495,-0.0094102953,-0.0047951898,-0.0086201051,0.0036156339,0.00487936,0.0579620422,-0.0087005209,0.0020061539,0.0064987664,-0.0010320036,0.0018195753,0.0068204822,-0.0025913139,0.0012006447,-0.0093863969,-0.0052238979,0.003796112,-0.0115234762,0.0024849312,0.0000946911,0.0073566124,0.0044559097,0.0009088565,0.00487228,-0.0058157125,-0.0015719584,0.0037432408,-0.0040281182,0.0037296163,0.005924963,0.0011949522,-0.0058123904,0.0019452009,0.0035845043,0.0000244924,-0.0040742546,-0.0009998256,0.1495386379,-0.0002306395,-0.003339275,0.0087695693,-0.0073242524,-0.0008493517,0.0031009963,-0.0038784279,0.0033303013,-0.0046979714,0.0020425787,0.0038576536,-0.0002980933,-0.0029173429,-0.0020613545,-0.0045965029,0.0049581073,0.0005121765,0.0033575393,0.0033588095,0.0018226031,0.0063403019,-0.0072575056,-0.0017352995,0.003270928,0.0006285194,-0.0079675461,-0.0078387717,0.0030507443,-0.0029769696,-0.0014601214,-0.0048652809,0.0742232705,-0.0133620071,-0.0000534518,-0.0012926901,0.0001633906,-0.0064640459,0.0005154615,-0.0022060467,-0.0057017549,-0.003665961,0.0133055338,-0.0124775044,0.0011584751,-0.0067399284,0.0029397212,0.0034984584,0.0016014536,-0.0056609903,-0.0061736485,0.0028543404,-0.0015230398,0.0058851667,0.0052724765,0.0017814062,-0.0070604616,-0.0030467484,0.00132634,0.0041953102,0.0045119071,0.0001264321,-0.0185884244,-0.0071012693,0.141996285,0.0000035156,0.0000008701,0.0000002054,0.0000006409,0.0000008236,-0.0000017003,-0.0000029875,0.0000010775,-0.0000017476,-0.0000000151,0.0000005642,0.0000022203,0.0000012377,0.0000010419,-0.0000005307,-0.0000006858,0.0000007469,0.0000012022,-0.0000010214,-0.000000044,0.0000005858,0.0000016336,0.0000036294,-0.000001139,0.0000006935,0.0000012892,0.0000012444,0.000000001,-0.0000014896,0.0000016788,0.0000019549,0.0000492216,-0.0017515288,0.0068589473,0.0002735363,-0.0015184189,0.0026308243,-0.0016904448,0.0069817358,0.0044659047,-0.0002677716,0.0020937077,0.0046776873,-0.0039448535,-0.0051984371,0.0086325421,0.0004497033,-0.0024914845,-0.0023371082,-0.0004514159,0.0011595718,0.0053180427,-0.0025419122,-0.0009574922,-0.0039245564,-0.001273402,-0.0012880297,0.0110337476,-0.0064280074,-0.0036115056,-0.003630776,-0.0018928318,0.0002462547,0.0285507851,0.0104543795,-0.0022385656,-0.0082303896,-0.0055599069,-0.0048243391,-0.0001120209,-0.0017495389,0.0063230902,-0.00224106,0.002517467,-0.0022364113,-0.0013196895,-0.0004539894,-0.0026122595,-0.0026728852,-0.0053879534,0.0046186911,-0.0027975042,0.0028613304,0.0022350693,-0.0010385028,-0.0015822623,0.0042871898,-0.0014002666,0.0037889044,0.0075098297,-0.0086007377,-0.0072208303,-0.0062172905,-0.0098862071,0.0087749158,0.1214501254,-0.0011188622,-0.0035080963,0.0095812352,-0.0014890576,0.0030656801,-0.000865452,0.0029855894,-0.0030010956,0.0036714197,0.0101777716,0.0001300415,0.0010668961,0.0058008101,-0.0039460169,-0.0024455639,-0.0036827918,0.0068180501,-0.0052359252,0.0056422485,-0.0051306729,-0.0045521211,0.0001126624,-0.0076011697,-0.0046094216,-0.0067221262,0.000551725,0.0072814879,0.0028995816,-0.0093113003,-0.0053288566,-0.0079479622,-0.0131050709,0.0037220841,0.0025129464,0.0057327912,-0.0118006879,0.0036753901,-0.0119766935,-0.0039965778,0.0080098981,0.0083607017,0.0012859542,-0.0038113547,0.0067891009,-0.0006413123,-0.0015188751,0.0047950008,0.0074866194,0.0086271209,0.0041334355,0.0051381227,-0.0014721134,0.0019143431,-0.0056440367,0.0036369427,-0.0038771153,0.0134987311,0.0036367799,-0.005233508,-0.0076106695,0.0096236086,-0.0027159966,-0.0027528258,0.1752894281,0.0001008224,-0.000017635,-0.0000647092,0.0000285637,0.0000074186,-0.000038241,-0.0001102428,-0.0000241856,-0.0000667791,0.0000267887,0.0000112242,0.0000491685,-0.0000397228,0.0000550443,0.0000850148,0.0000482332,-0.0000376241,-0.0000009426,0.0000141209,0.0000158716,0.0000172247,-0.0000045715,0.0001340754,-0.0001157987,0.0000602657,0.0000619716,-0.0000211491,0.0000816862,-0.0000640605,0.0000476803,0.0000382272,0.0029634623,0.0116994921,-0.0161538883,-0.0087188691,0.003802857,-0.016761036,0.0056086675,0.00692383,0.000494688,-0.0091103007,-0.010917518,-0.0028154648,0.002063217,0.0151005743,0.0009222479,0.0065856392,0.0038577805,-0.0025929684,0.0009153727,-0.0140876961,0.0000887959,-0.0006954102,-0.0074702135,0.0036470593,-0.0025199828,-0.0023270932,0.0001546949,-0.0001602947,-0.0015623713,0.0031922474,-0.0027397335,-0.000050252,0.2746968725,-0.0085376039,-0.0056932518,0.0006835543,-0.0029421008,0.0021182989,-0.0040788153,-0.0009174136,-0.0079944066,-0.0053059052,0.0026289179,0.003795896,-0.003075549,-0.0077790928,-0.0014603979,0.0005713639,-0.0052269846,-0.0021006385,-0.0068269595,-0.0021819665,0.0000439562,0.0027788023,-0.0023517471,-0.0005396852,0.0050824697,-0.0033348945,-0.0042529183,-0.0012678086,-0.0034459557,-0.0000451808,0.0112302488,0.0007143963,0.0445867963,0.0015428309,-0.0027898392,0.0076151047,-0.0088267717,-0.0040064213,0.0034601788,-0.0073859515,0.0032422763,-0.0019274412,-0.0009808753,0.0048267311,-0.00233707,-0.0020192407,-0.0045645232,-0.0031149617,0.0045569604,0.0017710847,0.0028714365,0.0016197628,0.0015886543,0.002717556,-0.0056485734,0.000040966,0.0021672366,0.0030389874,-0.0055329785,-0.0075273737,-0.0025960035,-0.0014976161,-0.0038426532,-0.0027968177,0.0865361924,0.0106125061,-0.0096520349,0.0006752619,0.0070462103,0.0025210764,-0.0009616892,0.0013084175,-0.0028802342,0.0028615543,0.0077227058,-0.0007648308,0.0008786466,0.0060606757,-0.0057305756,-0.0034019224,-0.0020901317,0.0059443987,-0.0014121184,-0.000814567,-0.0000504945,-0.0027515177,-0.0020767178,0.001624359,-0.0053462482,-0.0026127696,0.0011864802,-0.0025068035,0.0003196261,-0.0120370852,-0.0033819402,0.0016130489,0.0459702291,-0.0030872686,0.0042485659,-0.0047257814,-0.0016114485,-0.0007258935,0.0020039222,0.0057811678,0.0054797324,-0.006503417,-0.0033302752,-0.0041069655,-0.0021238242,0.000755474,-0.0018391304,0.0009127919,-0.0026873722,0.0109602174,-0.0025060928,-0.0089513972,-0.0034460025,-0.0046900243,0.0010451499,-0.0011206627,0.001414709,0.0027292063,-0.0063669555,0.0001927775,0.0111095146,-0.003140606,-0.0006359427,0.0002183223,0.0443859961,-0.0000227759,0.0072679759,0.0023452791,0.0020649153,0.0002344991,-0.0027503473,0.0047589981,-0.0015757911,0.0022737981,-0.0051089571,-0.0036940148,-0.0042611659,-0.0047023125,-0.0014117917,-0.0028358569,0.0027139772,-0.0000536823,-0.0022022867,-0.0052423918,0.0031373607,0.0020976035,0.0026219726,-0.0039844462,0.0013799213,0.0032440384,0.0032599909,0.002966982,-0.002223522,-0.0042347314,-0.0023362431,0.0008794576,-0.0298261703,-0.005660625,0.0017459461,-0.0002787111,0.0028656413,-0.0027391269,-0.0060848722,-0.0000881069,0.0036047275,0.0035284471,0.000772981,0.0036980517,0.0013698075,0.0011284377,0.000053544,-0.0030641318,-0.0004743443,-0.0006145143,0.0057273349,-0.0034371794,-0.0024348081,0.0009980523,0.0089797344,0.00550185,0.0041491181,0.0000934452,-0.0060810794,-0.0076519494,-0.0050246932,-0.0001690742,-0.0068176861,-0.0073567078,0.0214932201,0.0042732678,0.0148215861,0.0072398667,-0.0026803467,-0.0021525111,-0.0030659312,0.0080200186,0.007416203,-0.0009292971,-0.0046724582,0.003143971,-0.0016940879,-0.0126624937,-0.0041091994,-0.0098775594,0.0025095171,0.0107800728,-0.0067319413,-0.0055862032,0.0008340847,0.0001583078,0.0049102699,-0.0045659753,-0.0077611624,0.0074235803,0.0010667278,-0.005869893,0.0032408443,-0.0073555925,0.0002102733,-0.0020274382,0.119584264,0.0001243841,0.0142160195,-0.0042861679,-0.0035520552,0.002840625,-0.0013060714,0.0062607755,0.0015745487,0.0043595356,0.0030972716,0.0024197595,-0.0097718218,-0.003807637,-0.0057104993,-0.0021216705,0.0109151807,-0.0113480747,0.0107726118,0.0097927819,0.0082903205,0.0009372832,-0.0011024801,-0.0026220367,0.0079633432,0.0028974321,0.001472177,-0.0044797283,-0.0014688948,-0.0113136296,-0.0002332995,0.0001145207,0.1027289975,0.0019876423,-0.0010785901,-0.0089241455,0.0026726799,-0.0030072624,0.0016871548,-0.0021309362,-0.0082924616,0.0012961165,0.0010743874,0.0017558585,0.0042753289,0.0002220426,0.0022522818,0.001363103,0.0018666536,-0.0026056225,-0.0012445363,0.0014224835,-0.0078372012,0.0070125169,-0.0066480388,-0.0037174566,-0.0072289982,-0.0030080795,0.0025001638,0.0022676727,0.001142338,0.0067492839,-0.0135045173,-0.000044949,0.017098104,0.0025922027,0.0004978227,-0.0066683145,0.0009443792,-0.0028102601,-0.0009134035,-0.0031232895,-0.0037136304,-0.0028740865,0.000757149,0.0040952609,0.0083628226,0.0002658671,0.0015662883,-0.0005687095,0.0015405806,-0.0002960779,0.0039134145,-0.0022133808,-0.0064220854,0.0050900741,-0.0062477785,-0.0025928333,0.0026720749,-0.0014241021,0.0036738278,0.0028143649,0.0055657528,0.0007833233,-0.0017907597,0.0007260597,0.0095575042,0.0158766548,0.01589173,-0.0006776499,0.0014600778,0.0060409032,-0.0044759507,0.0039376066,-0.0013515705,-0.0028378139,-0.0052948471,-0.0003904454,0.0030002992,0.0056367343,-0.0079734129,-0.0080088112,0.0048506719,0.0007559488,-0.0007772756,0.0071042442,0.0091842874,0.0052282388,0.0064994231,-0.0052307726,-0.0018873248,-0.0030698486,0.0044873643,-0.003857732,-0.0016057392,0.00800978,0.0071149888,0.0043710528,0.0706011819,0.0008372115,-0.0070785501,-0.0069704998,0.0104297537,0.0014018162,-0.0011575108,-0.0090955754,0.0021056976,0.0108526952,-0.0119862469,0.0056239511,0.0026703876,-0.0041916533,0.0052399255,0.002264948,-0.0056777505,0.0064656176,0.0031232423,0.013615228,-0.000755413,-0.0016831484,0.0121076925,0.0008395051,0.0054678269,0.0007705681,0.0004147971,-0.0046034395,-0.0037115156,0.0027981152,0.0025327129,-0.0063053317,0.1430720917,0.0064578578,-0.0230914704,-0.0063711257,0.0114270706,0.0051614078,0.0056973097,-0.0037196827,-0.0047033499,0.0145713649,0.0008622278,-0.0044837132,0.0044784626,-0.0028665348,-0.0055348072,0.0044477266,-0.0070881004,-0.0001446419,-0.0076167907,0.0061172121,-0.0062218819,0.0023234647,0.0070663889,0.0013122377,-0.0041111948,-0.0074613431,-0.0013425273,0.0058658749,-0.00608424,-0.0084194448,-0.0007331207,0.0017596935,0.2206392362,-0.001324065,-0.0057805807,-0.0006759872,0.003205833,0.0004743681,-0.01131984,0.0032140467,0.0007870838,-0.0095806648,-0.0053957047,0.0059772634,0.0110034338,0.0036345394,0.005450269,0.0019409051,-0.0051163672,-0.0001243535,0.0033244629,0.0013351638,0.0140893612,-0.0089906421,0.0051833769,-0.003961633,-0.0007067814,0.0010950601,-0.0081252165,-0.0000445078,0.0057750574,0.0151877049,-0.0111597175,0.0031694537,0.2054291975,-0.0027027015,-0.0000233672,-0.0101876333,-0.0020782615,0.0023416175,0.0061589256,-0.0013460902,-0.00329942,0.0012467258,-0.0108009886,-0.0077241026,0.0057393939,0.0011133035,-0.0043060079,-0.0008245148,0.0068782052,-0.003141831,-0.0007888996,-0.0003523307,-0.00912885,-0.008495751,0.008917509,-0.0039721013,0.0008075105,-0.004970158,0.0021899607,-0.0097175935,0.0040670282,-0.0111156044,0.0131418646,0.004148803,0.1994137935,-0.0015384665,-0.0055422847,-0.0032837036,-0.0003082606,-0.0013967821,-0.0063341222,-0.0063472835,0.0055262048,-0.0027327496,0.0095483673,-0.0058590906,-0.0001275429,-0.0003167644,0.0062478008,-0.0043507746,0.0031996528,-0.0015353358,0.0044239714,-0.004939979,0.0071834929,-0.0043984906,0.0036913436,-0.0109617366,-0.0156037472,0.0066296544,0.0003967392,0.0086468324,0.0008617978,0.0030670291,-0.0014015073,-0.0027478129,0.1405130411,0.0008586361,-0.0006360432,-0.0059674286,0.0029687957,0.0040103156,0.0024197219,-0.0028252135,0.0080940195,-0.0004239758,-0.0095982369,-0.0048488209,-0.0000847961,0.0078160626,0.0066269193,0.0023253899,0.0091109934,-0.003557007,-0.0101141456,-0.0020923356,-0.0028585079,-0.0064216579,-0.0045638684,0.0033335188,0.0024819312,-0.0081550462,-0.0104809223,0.0042728719,0.0004187538,0.0015096297,-0.000565053,0.0074223207,0.1307827336,-0.0000005339,0.0000013467,0.0000010366,-0.0000004767,-0.0000019819,0.0000010195,0.0000011016,-0.0000002823,0.0000027583,-0.0000005118,-0.0000012955,-0.0000015546,0.0000016452,0.0000004498,-0.0000012791,-0.0000013473,0.0000019771,0.0000009285,-0.0000014976,0.0000004437,-0.0000008009,0.000001228,-0.0000007821,0.0000020811,-0.0000009647,0.0000000291,0.0000001858,-0.0000005276,0.0000011504,-0.0000017652,-0.0000003929,-0.0000445497,0.0005294721,-0.0057580694,0.000732709,0.0009658807,-0.0049786026,0.0046184264,0.0024652328,-0.0032469948,0.0002642429,0.0003938748,-0.0033300704,-0.00407535,0.0105260234,-0.0010519094,0.0016228692,0.0075518814,-0.0130221907,-0.0014507137,-0.0045594328,-0.0023949278,-0.0022752563,0.0052060213,0.0012981849,-0.0011659347,0.0040699888,-0.003653719,-0.0098638191,-0.0027424561,-0.002347389,0.0040309165,0.0020677872,0.1503685114,0.0005096864,0.0096294364,0.007347191,-0.0064661814,0.0035365556,0.0021046774,-0.0035903448,-0.0019081927,-0.0081760396,0.0046612053,-0.0021803396,0.0025480445,0.0089823501,-0.0002664784,0.0085711586,0.0031311643,0.0077221945,-0.0041329304,0.0066780353,0.001297969,0.0038673524,0.0031054386,0.0021905875,-0.0056101465,-0.011879584,0.0033830483,0.006941915,-0.0019622014,0.0037291998,0.0014801063,0.0061423527,0.1722096706,0.0108819774,-0.0138151569,0.0104177241,0.0056944277,-0.0060111297,0.0060863852,-0.0019998854,-0.0018130908,0.006658492,-0.0027494859,0.0018860902,-0.0116700526,0.0116181789,0.0025761607,0.0037056254,-0.0036782909,0.0004913111,-0.0045620595,-0.0001610685,-0.0063362941,-0.0050696159,0.009705129,-0.0018211446,-0.0025794096,0.0027337479,0.0003316888,-0.0044483891,0.000985832,0.0011280974,0.0040940179,-0.0002907123,0.2127472836,-0.0036636801,0.0043880961,-0.0029435092,0.0091135293,0.0054725563,0.000185862,-0.0051327194,-0.0061977458,-0.0027089268,0.0016538722,0.0090922121,-0.0034123209,-0.0046333798,0.00156618,-0.0036817441,-0.0055470256,-0.0052510417,-0.0045643362,0.0025197614,0.0047426037,-0.0020616269,-0.0024721117,0.0101953583,-0.0109698172,-0.0011697857,-0.0034007416,-0.01108109,-0.0022614741,0.0098980639,-0.0033233398,-0.0064890389,0.2164534279,-0.0020134267,-0.0047529605,0.0011086647,0.0010601672,-0.0014932378,0.0006453584,-0.0007597562,-0.0030991725,-0.0011923528,0.0047778806,-0.0075571545,0.0003127209,-0.0055416479,0.002810602,-0.0030196724,0.0009956741,0.0004890598,0.0004425512,-0.0016603424,0.0033357827,-0.0042635393,0.0039909987,-0.0060356908,0.0031754051,0.0005407568,-0.0020292647,0.0018356319,0.0052411715,0.0045772828,-0.0052500712,0.0038445933,-0.0368922095,-0.0051539997,0.0028220556,-0.0017300223,-0.002659426,0.002764676,-0.004881806,-0.0065734188,0.0072018673,0.0050884192,0.002693428,-0.0038027281,-0.003248788,0.0067363421,0.0037469119,-0.0042543682,0.0021130352,-0.0012663891,0.0026800571,-0.0052086117,-0.0009392144,0.005340564,0.0011243585,0.0016652751,-0.0062504275,0.0092260633,0.0029874956,0.0010770343,-0.0042532585,-0.0029062772,0.0015055238,-0.0046448178,0.1367870888,-0.0017736537,0.0033964879,0.0083516723,-0.0001199859,0.0034647262,-0.0041750461,0.0049437787,-0.001569827,0.0043562738,-0.0018690042,0.0076605718,0.0051735585,-0.0046340855,0.0034590922,-0.0045326907,-0.0009987693,-0.005620711,-0.0041266989,0.0014322313,0.006308126,-0.0039429179,-0.0044660377,0.0033950398,-0.0011651318,0.002450665,0.0048998006,-0.0002338874,0.0018682128,0.0037095528,0.0013219234,0.0007063275,0.1025135423,-0.001577125,-0.0052984693,-0.0015058787,-0.0071654456,0.0032368327,-0.0039181408,0.0006689126,-0.0024692172,-0.0007869065,0.0005249044,0.0014245227,0.0023454775,-0.0044629195,-0.0002556369,0.0014482525,-0.0018652797,-0.0054398793,-0.0049102441,-0.0045915788,-0.0008244477,0.003842326,0.0040641462,0.0029726649,0.0014203754,-0.0019258688,-0.0019601961,0.0046274143,-0.0029910679,-0.0013253721,0.0053506473,0.0008345251,0.0857614745,-0.008781991,0.0026124251,0.0015948092,0.0002461947,0.0052144302,-0.0041874835,-0.0008975794,0.0099035068,0.0070278997,0.0055260358,0.0043628685,-0.0042630023,-0.0030546755,0.0024912026,-0.0030068059,-0.0041022348,0.0040115891,0.0081901854,-0.0048974137,0.0116519365,-0.009864425,-0.0099721748,0.0020917793,-0.0065463671,0.0019287103,-0.0041556913,0.0022517805,-0.0128212486,0.00783293,0.0084776253,-0.0085570516,0.1381600055,0.0063078529,-0.0098518025,-0.0165647163,0.0052036449,-0.0092971059,0.0017397968,-0.0008739094,-0.0047088786,0.0050264748,0.0005349771,0.0008092918,0.0076984301,-0.0049647603,-0.0015309596,-0.0046946528,-0.0045414446,0.0141541074,0.0020940845,0.0027837638,-0.0080974552,0.0091906125,0.0018856497,-0.0025925632,0.0001681453,0.0043317184,0.0046321313,-0.0007251505,0.0070283866,-0.0030997323,-0.0024500488,0.0108168912,0.0590898596,-0.0045483642,0.0051082365,0.0048262562,0.0000991881,0.0003659504,0.0017370369,-0.0034183266,-0.0021877601,0.0048736156,-0.0066967326,-0.0005379425,0.0067572228,0.002890427,0.0059105203,0.0025120531,-0.0047228146,0.0002197506,-0.007025574,0.0086923776,-0.0006114293,-0.0081609849,-0.0030656857,-0.0024692404,0.0028443854,-0.0070620973,-0.0009960824,0.0134832057,0.0025641552,-0.006763324,0.0015910953,-0.0016347016,0.1411361491,-0.0075607861,0.0052691454,0.002389475,-0.0018601504,0.0091498615,0.0014098035,-0.0049817069,0.0045547124,0.0027791554,0.0023260409,-0.0045714094,-0.0072091554,0.0057177584,0.0023874384,-0.0023365755,0.0018015243,0.0027278325,0.0006106029,-0.0055538478,-0.0036353412,0.0002405817,-0.004111241,0.0014083885,0.0009528589,0.0048026308,0.0040125831,0.0109397586,-0.0045532654,0.0033862184,0.0038534903,0.0054592095,0.0544009388,-0.004273498,0.001127522,0.0063741926,0.0003415195,-0.0003460714,-0.0032965041,-0.002146363,0.0008911513,-0.0028056858,-0.0062640115,-0.002074917,-0.0103825912,0.0019384864,0.0000859614,-0.0012114226,0.0044418627,-0.0043290452,-0.0012152103,-0.0013315054,-0.0082457263,0.0008048612,0.0035587579,0.0054518166,-0.0040974145,-0.0059838098,0.0011062496,-0.0000787317,0.0019582174,0.002445306,-0.0016746071,0.0034258672,0.1426480258,0.0101977988,0.0010032771,0.0067065183,0.0007207448,0.0037919424,0.0002348591,0.0013690224,-0.0058477769,0.0023290157,0.0002375926,0.0084767243,-0.0023528193,-0.0062570571,0.0036516623,0.0053291165,0.009335968,0.0029848475,0.0121795938,-0.0047774249,-0.0050098986,0.0023822799,-0.0118926183,0.0006778142,0.0018597616,0.0016244045,0.0008166259,0.0048773202,0.0062760332,-0.0131818726,-0.0055277505,-0.0035432611,0.1675041964,-0.0014399702,0.0035380525,-0.000171668,0.0069502987,-0.0039311148,0.0002463352,0.0000092059,-0.0027296991,-0.0096441547,0.0038178237,0.0004558806,-0.0067003944,-0.0044115502,-0.007039638,-0.0046001326,-0.0006937814,-0.008462413,-0.0035290419,0.0022132976,-0.0035633647,-0.0033875481,-0.0128947856,0.003030561,-0.0051537804,-0.008840285,-0.003911923,0.0015625224,-0.0042005763,0.0123826089,0.0016026009,-0.0024055869,0.0863361551,21085.6321440645,-2793.8127506449,-5941.489328733,0.7895049281,0.3141128459,0.3560008245,-26404.1318056809,0.9918587283,415.0553699752,7384.0298818981,0.3703057502,-7043.7353696975,-3080.342179056,168.2592789538,-2708.1157538792,-0.0447650187,-3124.0343431417,0.3602988335,414.4720342798,5454.6236971336,-0.2456393873,15763.4062112879,-4567.508517546,313.1587614485,-0.447485672,-0.2491395302,-23806.7337491487,2265.0832813797,-3265.8984302701,-9.3244161484,1.3597657384,-3125.0128613602,19.9942148861,-3158.346014923,0.5317474758,2601.2131016158,-5.0619993343,586.10520019,9014.7163686917,17520.1609061499,-0.8937085742,191.1580620331,-4043.6627998062,-1311.7921883509,-3723.2102387815,22.0978530456,-1518.8771041294,3897.4568680798,1069.6001896874,18.4448776084,0.4086250945,-5152.1011101252,-367.4007717844,4158.2858357868,-50.4760504865,-7184.7442464037,-2253.482937386,6074.9298318126,-0.6414304219,-749.4644663848,3081.6370478417,-1725.4451785803,-7542.0884885137,1522.4620665711,0.4654138694,6678.0654585542,-7.4844025406,6276.8497758783,3307.4968656258,-5231.8563956383,-7560.7865856485,-1126.9877676798,-7670.4568657581,3978.5780548631,5388.3633383559,-1107.5093170246,-6569.9498645616,1180.3907761001,-0.4362077101,-0.7518031625,-6024.8012461568,3575.4052144835,4281.8158175642,9877.1479147457,9518.2615946197,6556.5535444409,2008.3905514072,1752.9757758791,-30.5775018562,-0.509436281,-3585.2647479962,0.1882818036,0.987333959,-10384.8633128562,-0.55703873,0.6915701278,-1239.7183161271,0.6516399999,-0.1354479307,17393.4916336612,-3585.8201593525,11437.1315823205,-9043.4679895165,-465.9929562943,0.8347590195,-12447.0376988202,-3.7297812645,-2813.2137496948,-0.7129933244,1.4633079107,-1.5367206221,-0.376346891,2134.2118638738,-1345.7898098436,-7713.6213580909,-1105.8982150273,-0.1463476423,-3617.7742422767,15318.1579933182,-0.9090253511,-0.6708565416,2871.5070647386,-275.2859150078,-7.7830411811,-0.3993271808,0.3178566018,-0.386738127,1239.2965172534,-2280.3760259612,-4450.0675618569,-0.7356152701,-0.9819599413,0.3528379005,1.902576219,-5419.7344630437,4954.0892104802,-9067.3311217686,-1684.238925534,-2476.9379861178,5243.5604251674,-297.3723769396,9746.932575178,4512.9715474613,-1294.3012816691,4959.3651159945,-5068.2876076968,6902.6147320394,-752.6498057176,-9601.1780886935,12724.0402300563,5844.2484963975,1477.6745247046,-1632.9132733538,6989.1604968565,1985.6471903943,4845.5040899047,-6852.5946164505,-2100.3735138188,-7422.4985014352,1.9023726108,-3527.9130350044,-5601.8757818608,847.6864786585,-2706.0178176598,638.6448499879,0.3592740908,244.3831335293,-7178.3106066836,27452.9043852704,0.4838605907,-4965.5075041078,-1.0633376769,-12416.840794572,-0.5357795735,0.2484629157,0.8526450845,-0.9664753919,-3103.9867791586,0.6715682543,-0.0611281292,-1.4050670878,5434.532878806,-12416.401352857,-1.593752507,0.0660797266,2004.4648907774,22.2395137515,0.6146225753,-0.2710630736,-3372.9523785945,-0.5715974632,-0.8246362305,24.8591483644,-0.2141005392,-0.4853519583,-511.2537778899,-0.6183911584,-0.4654943208,0.0979181121,2788.6520460984,-3613.400498221,-4176.3461338872,5.4351767969,8521.6626312762,-7941.9040085097,914.5047735577,19171.4378640349,742.3089738945,0.6679606216,321.2722297945,-0.4517223123,10818.0992822728,-7.5540769426,-1398.4226009308,-0.7318587218,1682.1542663251,943.7913252459,13600.9574091432,-3675.3912734631,-69.7718606553,8164.3416847383,-12258.01444087,3109.9097688525,-14072.6089179495,-4256.6336360804,1236.5906470122,-4493.6697481008,-4153.8310518338,-2750.5939926193,6637.6894924312,6075.6552991703,-9740.4836439821,-10.3762602312,-839.4528496999,11596.1103584828,191.1531134453,18496.8494520381,-261.2946426223,-9515.4718306623,4962.0035229345,362.6932022821,-981.3132705924,-2745.7334435866,-5397.6712627374,1314.9049235398,-70.292192609,-1205.6982265556,-687.2403287622,-1404.1421129006,-0.5046412278,-14303.3204610689,-3181.8813506834,370.1531212896,5.6145001266,13651.3381428817,-475.9042891124,-0.4006958756,-5.1492528427,7735.2656125595,3095.1652730666,-0.2415829752,0.6099004433,3101.0466665727,-2198.1109100635,13651.4545356797,-0.3045248995,937.0346468572,5203.8088573371,-2029.1695074054,179.6175476816,2091.4882505801,15340.7117970113,8538.0129735737,0.5636560425,-0.5017167874,0.5262008018,0.3129946576,-2118.8706704645,1397.7090283048,-0.3052187534,0.163008651,-3524.439421276,-0.6505469248,-6119.2286002325,-0.6003202534,-17948.2797311846,0.2677243487,-5920.6811851379,-1089.2324602592,0.7272768438,-0.66523841,0.4282965303,5378.6207820378,4358.6998117414,2535.8588716405,24477.0512526113,0.1293425484,0.6193385688,-1919.7461315269,5810.9206522969,6716.5243096342,-0.7545441026,17452.9092128355,-1891.0468254241,3256.1673402948,3436.0602326134,0.2373903038,12146.6598822,-4645.7844106178,-8464.8915314092,-4244.367911503,-1046.0687471391,8919.2340968686,1292.9408772473,-6890.8600941083,2247.7407015612,13.0047987344,-47.9243331249,3561.0348898783,-11158.7331670352,1981.7911487793,3019.3297913256,-6829.7739367023,8590.8696663536,-3.6558440011,1941.1449305876,-51.0256366454,-1132.669022702,8682.044443268,-116.8576978495,11706.624465317,487.7429540775,-25.0673530471,-0.9672709548,-1705.1930237022,-0.7211083316,-30399.0554789764,0.183464238,0.19531073,2714.3293202128,-128.3613384225,0.0764736558,-116.3918075242,-0.6050487433,4619.3140771996,-0.4696867629,-30398.6344510184,172.4988537101,-3295.4789502529,21728.4034550566,2829.3689477265,1.0195033216,-1936.8597978455,-26.2277591691,-745.2974490439,1335.3844662248,-1.1315260727,-0.4595657239,52.8740697849,-3375.8754452607,-1766.8743249945,28243.6231457984,-0.2312440844,-14678.5437520289,0.4702616801,-2953.5389873188,4.0938088348,-5062.798957977,19.9150652741,14775.8574527673,-2479.0064006668,2796.0970384125,-1553.475604138,-1.0069170867,1.521492157,-9674.0016885518,-433.1388444939,-0.6282474911,0.0676132878,4671.9281364587,1834.4044423056,2437.9772209187,-2348.705480345,-407.1347719388,4810.0343996223,-8792.7906732063,-6624.2664694296,-0.0949363564,-30.7003675852,-698.7632080641,-3267.3971398526,11938.0926335202,6543.4711495893,-2374.6626379048,-2223.9871088137,9426.1292737928,-754.9609621334,-1600.167586233,-14775.2970041973,3550.4270172105,2064.3013225219,-10774.142475027,7006.259661157,-1964.4821605124,-366.0193434811,-3226.7657029764,592.4093561224,11836.5300230858,-17086.869265228,-84.8323799647,-20723.7864395625,0.2726553255,-2649.8093250059,8846.4152534424,-36.4241397803,-1627.8836699228,0.7063539249,-1.2107362798,0.0741429115,0.8598489662,-0.4622520339,-1680.1306855255,-988.6282492071,1.6815971047,-0.1220103799,-0.499413765,2.5451601235,-0.8680888772,-0.8268121429,0.1808607745,10017.8780138991,-0.8106241266,0.2977762462,-0.5076734312,-0.8637848492,-0.5879133526,-8661.0833322327,1551.8106986764,-1635.9906350595,-317.4007286671,-0.0768894548,0.2150618683,-0.8071359634,-1535.0095846787,0.2485351683,3032.9850446477,0.2619648124,-0.3818408747
   0.9096667695,-0.5218068713,-806.7575166959,-17963.7094245803,0.0497085248,2.5576943186,-1133.0216169364,-13194.1087498644,-0.5117611939,-3705.2351776161,0.0872560517,1411.4140998967,-0.8924565498,-10264.0114162034,704.9508092414,-1268.290582968,-12903.9475733297,5995.9750575345,-11456.7364012297,-3878.7714233838,-142.3339480721,5670.1298243098,-28.7479702449,-20.3624042169,-8576.2084760006,2765.3671272698,4990.1885412713,4545.233987537,-1332.6866557462,10703.6003691203,4793.163220252,-6821.1263110082,-1582.4852372449,1573.7621201491,5832.2051860029,22.2288184489,-1878.966058729,-10163.9790176494,-10402.7450988571,19097.1321372973,-5778.5777687173,7012.3196057229,-12.6002546216,5317.2556142447,11857.600958276,-0.6518967602,-17.1948461954,8783.235957454,0.6302647674,5927.0283912237,862.7058267293,-103.4061918324,-0.9468109179,0.5282058411,0.6379556043,-143.8736199321,-0.6955661202,115.9233914788,-0.1193007742,-0.0413156376,0.5977161121,5720.7855662948,-0.9857584811,12373.6183545779,0.0442538742,0.8356652004,-0.3041587978,-0.6656576682,-0.4043795212,-0.2450905241,0.2652349804,9367.045982022,-6041.9904268796,-638.9580171325,0.0484506067,4263.4027402869,0.1709404192,-8934.4822696429,0.3095301707,9749.798538744,22872.1047871027,-0.7695334487,-0.5339248715,-2445.8341943561,-0.0541198446,-0.5253554961,0.7155679491,-6.9434435514,4.1280681999,1.3850624696,115.647355598,26478.4298441089,-0.2385631774,-0.1427252519,-1.110893004,-47.0356662647,-1565.3332369065,-8307.0411710178,-4.3022065093,6.3998988872,-2350.3049383031,7915.6357803518,5234.0729607294,10.2667344715,-688.3092120605,962.3603078006,8466.8282193999,9150.2658681369,9853.1976729765,9559.4130044917,3081.0805011454,-0.6100087962,4494.3502316118,13456.4917892795,13974.0169649705,-103.3974698549,409.2087073255,-2152.3356297743,3138.6124320765,-14161.7305345956,-190.1717411222,-2320.2577643152,2.6162169423,-628.7841185774,73.4771937573,-3907.9262980897,0.7869230908,-12.3725286162,-0.0070365811,-3587.7342171041,-0.9267137651,-0.5319854929,1.0218234413,-1719.3667983391,2.1820941245,5063.2556146296,0.6702533308,-0.9460346017,4328.5317716456,0.4929485805,5553.4381959243,0.8177255867,-736.3994799369,0.126804544,1.4655533003,166.6571189456,-555.933018443,-3452.7333460745,1.274023764,-0.7879719934,0.059663799,-2336.7079927708,1596.1433300808,-131.4593175312,1436.2344893328,-0.7616202559,12.946481732,4964.5816304644,-0.6187217808,119.4634618561,0.9233253884,-1720.6916857105,-1.0527975332,0.7221233386,-1988.8773575172,12458.2103202736,0.1496114101,-20.7254942189,-7516.2356327153,-0.6095381794,-0.4144035627,1853.9186820093,-2.6590459979,-1.7315457855,0.9387137146,-7.8314171144,-0.6727693389,4457.1118728172,-2319.1795617936,-4566.130975356,77.6401487588,5349.9739341618,-5661.2223857579,-7693.0681762627,5170.1002817418,-8178.002616512,-1325.738485617,1725.3736485138,-4422.906895826,-1513.774212686,-3321.4069830522,-4899.3506043101,-1788.5366406128,-5845.3241399141,-5284.4763233669,8657.8092667002,1267.0418392854,10266.9270811888,-8657.8096589718,3775.9716758835,12683.3612543638,-11206.9162198815,-7053.3091632728,8714.6735493028,5.0018429641,-1628.0702951173,348.0635836545,1309.1925662071,-96.8930468732,-1272.3521777889,-2388.8995715302,-3837.9068172074,-7.0068846208,0.2608135572,1112.2439968528,9386.7034888886,0.1369869154,0.1138234529,0.5046786531,-176.9462921949,87.6911491843,0.0095358573,306.5005344851,0.3460110344,-0.5342598087,-0.5612318096,-0.1976173442,-0.8402190032,18.7505129211,22436.2922750606,30.3054903694,-1942.6265908195,-0.3189163026,-0.8056591468,-0.4617148698,3.7436738449,-2.5147634577,0.0666788162,0.3478337972,-4665.8824205357,-0.4813519544,26989.1025868372,0.9615394435,1264.0511115827,0.8023711192,-2367.5642508477,-139.1787333957,-1334.9260323236,29908.8074832985,-1546.552793033,0.0708623029,1441.6374085826,-9719.5683175843,40.3856437152,29629.1113811575,927.6936687952,-189.0614829249,-0.7341663038,0.5240762129,-3295.5566583636,-20312.6798225945,-160.8501644075,8728.8185617009,-1.5167606177,-3965.4403963439,8742.9246579053,6.5152578679,2069.3298280227,-989.278620743,852.9742556226,4890.4336911972,-18.7163589139,-0.8438953466,2067.8449405603,-5740.7329405693,5566.5597423876,1612.8943761059,-14210.9921725819,9690.1191904773,-2652.9668550001,8840.6585417941,505.055212758,1249.1096004256,-1548.6433761313,-5106.2463925446,6447.36049717,8215.5615433101,-13621.0192264344,11932.1838487266,-5.3138747356,-1046.7362667456,16104.6127774651,-137.5691483194,-8291.3279207873,3.6929876847,2336.9618159654,0.8901915464,-7871.129256593,-1426.9561183416,-5.0404212926,0.0171417867,-8.7108408911,-8926.6005444256,-2625.3954186602,9845.6951809989,0.0674655325,-178.7555085859,-0.643841029,-1427.6651160892,-0.4606039793,-35407.8942113025,16183.9478384324,7518.0014392581,0.5333715475,0.2103389775,7.8505402162,17645.0804288333,20065.9888159286,123.5034746198,0.4154394833,-0.9175677615,1830.6395262488,-790.6095540733,-3864.1317800756,-0.0078790525,4730.2836131751,10514.0664553225,-0.2561129213,-0.0931396307,0.7590185804,-0.1980389311,46.7134438061,5997.9263497173,-4526.1142504887,2638.3403460706,14.4118826014,-4640.094323858,-864.7297530832,6.1733300199,-811.4389909359,-0.2145742142,2706.2507143349,-1979.1049978304,-5923.0845180787,4058.1594238567,1147.4426182911,3498.3171725631,-0.1839729498,-624.6652275396,8235.5733211648,3118.5480298149,10227.4100481739,-3377.390160214,5596.0765902922,7064.4088146635,2354.0367409067,3216.9110349718,12618.3660137025,-5219.1292297851,-8513.1709044998,-2750.5815082415,-3124.5081804094,2825.4396988125,-770.6448202814,8204.9925682706,13164.3982352701,-466.0500518224,-1.1915346468,5440.268369083,12030.846064293,-4061.6118796542,-8693.8335957001,0.8678719536,-0.3347616133,-0.1653839902,-0.7368499731,0.1388219,0.8100844483,37.5282521301,0.8353918178,0.4282766435,-2574.1964674531,-0.4339968747,6423.0444055899,17630.0603539906,-0.0229986495,-0.3382509137,0.2806840204,-0.7600388718,-1.0751304067,0.8199528157,408.6602363674,1939.3028864362,0.7621067319,4626.0123295447,0.1587944663,-15.2824240943,0.5419807064,6021.2156072333,-41.8500288241,0.7018606571,-8116.9972945985,194.7723912217,-691.1460877969,0.2886140296,-17457.1652404587,0.7637938532,-15045.3475969266,4414.4222028431,0.1834167406,0.5699242316,0.768169394,0.3420420315,0.5442278777,0.2883439548,0.4617181631,-0.7511786333,0.5698563348,8141.6800917453,16703.267528121,3273.8031637101,-2835.2619506747,-0.6027207547,-4207.6322771646,-3527.0798527385,-8076.3745384445,106.1287609988,-250.442801836,-8230.7112470361,-19767.1460322289,4196.133113961,3291.7542890666,2023.1220898405,-998.1085976531,4372.8169820839,-1464.1571826105,-2967.7894193158,703.9090758348,169.0168236122,156.361919017,-1611.7472105565,16867.9968428491,2016.0827200291,4339.9893916965,-837.1081070043,0.9869882515,9255.673498599,64.8737021466,7013.9672588651,-636.1920152659,-388.9454654892,7108.3735034996,1940.551651121,-4527.8514720142,21841.6669490363,1101.3595848677,663.3396406548,11.1172907561,19192.0145513102,0.449616181,10999.6167099766,22266.3267530016,8962.2036367341,-2362.182964455,-0.3055788776,1849.8404348176,-0.6626702715,-1986.9872376583,-4039.287193422,-0.7141619595,-0.7952422622,5.2886757503,8960.6080653837,1045.8334921774,0.2968883254,-0.0093178677,-10993.9927404783,1.4024186498,-5197.4817452132,0.8687473149,20.654521398,1.5610468992,-1368.1140245213,-0.3894158695,1.1758147288,0.4607537705,1703.530793536,2295.7007260531,-0.828758955,-756.4558069505,1288.4548452891,-0.5217796161,-582.7456518509,-9007.4518844469,0.6378419867,17773.550552932,19557.9161933218,-12439.0981852064,-204.3631206344,-0.7690391723,18287.346719448,63.8832643113,-15140.9215093057,257.5403802116,-0.3605359256,2124.0347847515,6520.9908190936,3046.3482351594,-8011.9271577693,9518.7986925837,40.6791262528,-2401.8093352253,5952.7274501835,10.8877448856,-2239.732852741,2695.2022331751,-1808.9562759614,-2512.1544246318,9347.7234814717,-13913.4554317925,-5981.3992538152,4747.4654884172,4712.0237343264,-2605.6471271769,1928.7875351623,1287.6484085841,53.8730378163,3400.3998864026,-5544.7964060104,36.4231734747,-588.1697785539,-3895.3901921305,-2854.2793072843,-8385.7047654136,6992.3921665933,-2428.4744875106,716.9728026423,0.4721628851,0.6868066206,3536.4450129067,-0.4753417582,-0.4618043216,-4164.1880410589,0.3956846764,-1.00903687,-0.2191757033,0.3860790436,-7168.0809147155,56.4687408377,-428.3254344923,2247.9123499642,0.868017298,-640.8159381116,-2580.9204687381,-0.5030741691,-17622.1099193017,18487.8737439499,-1.1744111656,-0.2662998515,2.7564669629,0.7282060003,-454.7987357548,-17212.8589854457,-0.4751414121,-0.7112813972,0.0625850207,0.0760894038,14746.7606255034,0.7875813261,0.502184414,0.0241073013,23621.3201112693,1154.7972514414,-0.9299782013,-3634.7851715779,0.176905858,-1.0034358049,0.6764206821,1982.2654128363,-6739.9476133275,-3966.392972342,2963.3014682083,0.2600899111,22395.915921772,-2790.6582915835,-1268.3058925452,0.9555612429,-1522.5584011031,-3884.0057385036,9644.4449745262,-5117.1303389632,5247.7085805997,-7821.1222870968,-4856.8151917809,-196.2003992914,2221.4315831589,72.8939617654,-2267.0276845718,4101.3243515157,-0.6673792384,-2675.9172267919,-3010.2375030094,-4692.8792686624,-10683.2970765014,8177.0234343381,-92.4823546526,1487.1847871057,1702.1202406925,6036.3501560584,-6728.7186266166,-6468.0420754011,3052.3479511838,0.877162623,3033.4694135056,12905.1143371324,4305.8594651512,-260.0863672441,-15406.9773077093,-1.8670367275,1.1024334939,-207.6152702012,-802.9215194518,0.8148873754,340.478040751,0.1724083748,0.0426818579,0.1047408994,-15300.951563547,0.3180744448,2260.6144189444,335.1506003273,-40.1961782113,-0.7171539902,0.0676252072,64.17535637,-0.1521142489,-1.0326165162,-7965.7379905041,-918.7946921022,-3686.2703741504,46.4032968879,0.6741301233,-0.3097483487,-10125.9943686738,7.7566088843,-1.1331026143,1981.2324642232,0.1234343981,0.7925560891,0.2231461716,-3418.9957895968,-0.7293902703,-0.9532329619,-3445.1121527063,18.1436882426,-0.0129815348,-19234.5088189786,-21367.31768491,-1155.3311464694,299.0667170249,0.3501549539,0.4595098938,5784.9037293748,1147.6539870519,0.9399374325,12847.0841221813,0.4417673579,-13916.3128668382,0.3543215447,-2935.9194142081,1444.5552345755,-4006.0349458793,-9110.1316111543,-1172.4435333096,-9474.2325633681,6662.9432672966,-1976.1347545521,-1.3147565848,2574.6031494295,-1044.7024895516,-12848.9971382437,21763.6988968839,4244.0924642486,6545.4013369175,-7549.8308930158,10101.7150966471,5849.0175078094,-6700.0663891913,259.6965598178,-9085.7578655728,191.8807327213,6054.0333882264,-13931.0982526145,2217.4893620624,-11181.5011801677,-2092.6037523614,-9498.3734725746,-753.1731464787,-19.8990084371,-0.1879368292,1890.6890437877,1.4863021295,0.22776429,-0.0512503861,0.8348112653,0.1496655835,1216.2015818097,7.3668613635,1316.3133423489,-0.4751931089,0.3511616861,8540.7558910443,-15375.168377936,-6996.6057703089,5352.1850853125,0.8719933208,0.1059657615,0.2747924567,1315.3736742366,-36435.7940655298,1945.0870269654,2613.4825193855,35.2674764139,5702.1111711422,0.2226156007,2281.9250870864,6.3126151355,0.4511604963,2.1946524655,-14122.9396835261,2109.4550673586,-0.1430790764,-0.5390557605,3609.0877180634,0.9494940922,4306.1537268375,0.8897399285,0.7439797967,582.8286243106,-3523.3522572795,2087.893113396,14333.7459793191,13005.5946526447,-0.7448800611,-8943.9484453347,-0.7619004772,0.1693511846,3444.1201265855,0.2255519106,37.7405956655,-0.2475402753,1077.7304310695,1016.3813979336,-2575.7120079949,-2584.47725361,-6021.2104052812,-37.7535323202,-10217.7229717534,0.6631189548,-1863.4765901145,4493.4736145758,-3787.7249227223,13368.9115886929,1.6697788733,-322.9950475555,-193.2878698798,-4315.9293453533,36.2070333615,-11127.1757103969,-5919.727353059,-8221.6562183735,-0.2295826182,-13197.9658444858,-3727.7056358506,13640.8948886127,-816.9559531196,-3069.4508377783,3639.9110481732,1851.1222459564,-214.0130974936,-6540.5409186288,-3231.3691986496,0.0306886976,-0.5531471988,0.5415101795,16043.8088055285,-725.0252317288,5368.8474828978,-0.847097219,0.7968408937,5999.566903925,0.7947072042,-0.9456470319,-16015.537861063,-3.3656787649,8823.3222445169,-0.1668358027,0.7263162087,0.8903769749,11407.0623610035,6000.1918949317,0.6168218529,-123.8793827594,-0.883583243,13507.0710164464,-5750.3321127438,-1.0068576648,-9216.0643267657,-0.1328250714,0.3551528025,169.4710976282,-49.7731878957,0.1442668188,121.9156589518,-1870.8559120591,1913.2390227717,-0.9071979472,10518.7772431081,-1776.1561610943,-0.2448674404,0.9405136286,0.207264005,1798.6868111471,-3377.7501826736,0.8482600038,-0.3055009512,-4770.6562913069,13267.3010613663,-29342.8181520488,-21175.1968916047,0.3602007813,-0.8074523214,0.1238713643,-6113.1640413708,-15402.0775635487,908.9120624117,-1779.8234230178,677.1756045005,20221.8298196314,7585.4962966986,-1341.4631677696,-6300.1832142446,-1703.9917939948,1.3803963391,-9479.8119865702,5343.3632778767,-20305.2659032599,1415.5982919812,2580.0238648731,-350.7768078258,1.3231823588,7717.5977167462,4059.1695732645,4125.5344799838,3110.2709061169,-3211.4907287991,-1847.3994919425,-50.803194602,10946.9509606838,-0.9884554631,-2.8285620694,4854.4729061505,-1649.5832291409,-827.4765380024,0.0627210736,1629.7850542482,5699.4605035871,-35261.9879570565,1.4004249448,0.2452974266,1905.2318937104,1.323158949,0.1356461123,-45.451211122,-0.8462351415,693.8859637147,3634.9588421331,2076.2480751119,0.6414622194,-0.7670484677,-4727.1308359563,0.2610453735,0.2348003777,25991.7266237472,1800.0953359056,0.6610930566,11.9086817489,0.7676324665,2621.1439273777,1.0356417523,-0.9856543905,-1621.2385460759,-0.3293710648,12237.23041011,0.2516659045,0.6785934381,5503.5180707986,0.6973840422,-0.5224793622,-9306.9271284483,-29235.0460337082,-0.6028862236,-0.7912708284,2295.7473839333,13.1660567338,0.1470547536,2083.3985340224,0.5542437663,0.5061767739,-1320.2238547189,2170.8727506553,-17576.9593949014,2756.4848697566,-0.5272270393,-0.2762467419,-5.4898659866,1709.4630860337,17393.5194635399,327.9277986817,-1043.1233281947,5075.3080125429,11146.2021238411,-0.6385416932,1294.8259249318,-15.5352043893,10302.2028794425,-7138.2904164924,5.8834287349,-1740.1711008007,594.6628593871,967.1749356587,586.7569363339,2231.8957481191,-3339.8426190667,6573.7504098656,3683.0944658049,18259.5077056255,-9964.859825346,-8111.351565303,6683.9010040151,4479.1514672414,-2757.0161623905,-529.4660325833,6744.0712314384,4768.1397754677,-4955.7929662283,-0.6273165738,-1.0853848209,-75.5528696667,-0.3161883871,-3.0109225377,5717.1252338848,0.2488418406,0.2043119367,1.4842021197,128.3278720862,0.8899308423,-687.1711336063,-0.0796731433,-0.4800241655,1690.3404496971,-0.8250129467,-9494.7278211706,1.5208303823,1.450405587,-0.4696612983,20.3677650416,201.2835075123,26630.9018739399,-805.0641107238,6202.3113041058,-2628.560053209,-1111.193329247,1154.1490454143,6177.8432299394,-292.5965601591,1852.0324285217,2777.0196259737,-8476.5402749585,-1.023021623,0.5313898708,883.1244643525,41.975642512,-0.6148012373,18.0648331912,22.3599379477,-0.4949700321,-4492.4852302614,-10635.1616624147,-2.9352887383,-1.121410384,15.2859902054,-2461.5453012101,84.8778905522,6212.3584807984,-2362.0251391006,0.5486246122,2307.7968253,2230.3672259445,7645.2373856375,5025.2534878329,-4549.5755894793,1548.9286816545,1913.3203908461,-131.0122841958,-17.4458029143,704.6047869985,14907.8742348622,-971.1712943051,4818.6583253634,-11298.5840701958,11471.0228179526,4969.7770551218,-2925.56550945,-4428.0716850569,-1937.3055161162,-2653.432554899,-10856.5200741803,-19327.6335623284,-7932.728422502,-6063.423223454,-758.1764861979,3551.8712524453,-3949.7919504148,-11.0055815012,4887.2104372663,6136.6415823362,2733.5853052211,3700.8340589746,11329.2689313508,1456.5823305821,3879.7245638842,1076.4666690985,-3.0889506265,3.0897509312,3168.0367133924,-0.0022478874,5976.1011483381,-0.7665217307,-7264.2825690804,-4.0786753833,-1.127748282,6779.5722139792,-0.3866039339,37.3591387427,0.232312026,0.7550879475,-5609.2515863639,-4.4434693379,953.4528964737,0.4946296951,-5244.8146910934,-4284.8055663921,1.6610560946,-0.4549571184,9040.4746428081,-5578.5611424078,-0.4283385433,0.5139329318,-7989.9375104647,0.3022412541,-0.7836443938,-0.9717146115,-11606.1760974815,19475.3103112905,-0.64307295,-0.7790289922,-751.5085400586,8586.3610424115,-1284.5324921987,3262.5912921076,0.5887871507,-5.0958002212,-59.9716349382,10794.5777483167,-7873.9615641132,-5.4881858425,-0.2054951861,0.4756484163,6716.7494693341,-5044.2984342486,-4789.8886642382,-1.9890806877,14917.9712361182,-1362.1164445702,3921.2238767527,2538.1579960111,-8100.6061762841,3588.0028986927,10461.3763290332,12828.678893871,-2850.9749536038,-2791.2770552497,8583.2158274597,-8306.114547903,108.7013458155,-1596.2424883942,2876.3585633354,-8539.3832099059,-1897.3325099458,-7170.0565349724,7213.0633995494,-9423.058654073,-10966.0633405221,-13705.9262402777,1756.1171231593,-3081.1628064341,4330.0494043061,1518.0727888473,-73.6398183761,2829.0343245598,-0.3461359701,6.7184547304,1.8993692635,-0.4117874813,-0.5273065363,-1019.4249288612,0.4734346491,0.1869110282,10.5061161076,-0.1832865096,975.7581634112,26944.3895151299,-4155.4561811912,-0.3475643818,0.29413511,2939.7669126245,0.1581099385,0.1747311308,-19.3073622621,-8863.3127099368,1.064332251,-2.5568088529,0.3712257063,-5810.3458010847,0.2542905265,1044.3638302231,-0.336036489,3357.2601674494,-0.2972454181,1.6446408036,-6090.4434660085,-1888.1873872259,7.5293585915,0.4281703369,-15578.2507177016,7103.3272576542,0.2380413423,-18.0494051662,0.8804403582,-11910.442192362,-0.3088424135,-6954.120207578,-4597.1378587118,7342.8374378423,409.5474346461,-5691.6254973011,111.9002697254,-16720.1056051395,0.5835782303,-0.8696363148,5295.7262468571,8135.868904659,6128.7357347513,-803.4722429745,4220.1560701328,14397.9891280229,-8.9823536382,-11339.3389989782,2934.787626407,3364.6972681453,-3.237129498,-885.2794476697,1214.1341950869,-6454.7352239444,9.0035550193,4621.7842075914,-4345.6905362289,3390.1030702241,-381.8321276725,8077.321050219,9524.6753266069,5713.1697722316,6695.8993094327,-1615.4797516562,9210.3026719164,10170.1563501526,51.1959309431,-6587.7936496657,-116.2282617623,-1167.5026297151,-7225.4206978243,3.8320260564,102.7346006381,914.8774947399,-15.4334904723,-1.0308954263,519.2982097669,0.1796685851,0.5707029599,-1166.0981719055,-1.1672593874,0.5072316484,13298.1212781027,-19392.1583452122,-1316.4354660673,-17054.5577014994,0.3814521819,1.222987127,1455.6589239062,-1166.8444123679,76.5530779363,-29325.9462221258,-1.6881301731,1.3487327934,-2712.5007501098,9.7492994911,2098.8443787558,640.2434223809,-1311.5494596791,2376.5637775722,4196.4332328747,0.4698791488,1245.8307446408,0.7769546348,-0.3722853448,0.3448432932,2246.0173026481,-792.0905487217,-0.6836580975,18471.5588894266,-0.0327463198,-0.6438003162,30701.8664151665,2049.1248789085,22223.073701025,-750.8289562477,-0.2011011252,-643.1440055802,-4049.0820258074,0.9070939266,2764.1784070283,0.0270519096,1684.7660042732,-4048.5679477122,44.9449159169,-6384.1358466707,-3077.0545713736,-9062.5797794345,-3485.703465902,10260.0757186118,138.2309662376,1084.1888963098,-312.1189811777,8510.5092798386,-250.3426272058,1337.5082047358,5690.8302630513,70.1117850386,-2.7894053167,1774.2147894183,26.0563095718,-9225.6181989582,14782.1452152438,-4857.346498142,2747.5616354994,-462.2781015205,2370.9152691378,-1756.6544150476,-5774.1466332329,-925.3941260462,-12458.0163658706,-2841.4420478184,34.8037563101,-1172.8592552071,3597.5250784557,8964.5463933445,-0.1463795681,0.7112420514,-0.13695625,8278.1607398068,-6.8464601247,-21019.3408955403,-2893.7025531989,0.1336701047,0.8824719222,74.5403249617,0.6899983628,0.3564576215,0.5613222734,-2158.1766487584,934.2857358922,-21018.1503366842,0.8575770355,2380.1872456799,7466.6080470233,-24697.9662087437,1889.6574103142,-3.0551233929,-6564.5049794296,-19208.1377396242,868.5847956639,-54.2355640861,0.2241911443,-2693.1848574796,-3242.7610219818,0.5971263521,0.0344150892,0.3589629621,386.4988800714,9.1834147997,11685.0682698429,0.7848297507,-9481.6972800763,-0.3292960455,-0.5159705107,-0.190017808,861.3011507968,-0.1496433039,-2916.8206982456,9874.4779668693,-5369.779089777,-8865.9253173501,2.2272501065,0.5934727678,2710.4334506374,2624.865384593,0.5767472396,-6120.7385422774,-4520.4430685926,1.1571752749,-3.4960111394,-1760.0040168737,-9856.9356798476,-4062.2213383123,-201.5679553561,-106.1132976593,8273.9817297189,-3018.6342161776,8197.0991243866,-909.559849947,779.7449188904,-12.9138277487,-0.3443651152,-3825.5334320891,-1406.9032289137,447.9644821772,-870.0517482009,-314.0275273507,-321.3221579762,2457.3632813486,-8504.0956403212,-7824.5133568011,1595.3885625728,2.0039482867,800.4153457344,-1712.1098206649,6.4528133944,491.1931102171,-1776.3978063039,0.4166365104,0.5284853472,0.432251416,-0.7040953699,-0.4277945289,0.1955409657,0.6524551118,-0.7025745272,6719.2767054368,0.9614500509,0.7456653839,0.4203471198,0.1307534772,-2721.1322931672,-0.6803439781,3.3586326235,1192.652182354,-5404.8582751407,4752.1927216279,1.0375309647,-0.4260772064,0.9364207804,8648.3222438658,-27547.3057600174,-12.2067015822,-8.1663063855,-0.8380131979,-0.5277956703,0.0271239517,-8202.4012977985,-0.2208081314,-1103.9432563934,-18.0117542633,-16816.6776344394,-4909.4915634916,-7136.1766579781,21.1948814231,-0.8887955603,0.1659532407,-0.5071522204,3794.0635931001,-13.9623997992,-0.3906068753,-0.6004193563,101.8373104053,0.4581647527,-0.4437422586,-5011.9333179547,-1807.0997736399,3484.7100988356,-11034.6979243179,-2578.8610349697,-11678.6056536564,14601.6089444909,-7756.3903361586,-5566.9970331955,2631.2556859843,3605.0399511747,-1250.4668140859,-1434.4221965207,7803.7900458231,1787.5064557041,-8526.3698195961,-6269.3157472883,18548.1526399976,-15566.5771425252,-3731.5557632478,-4246.6931673854,13725.1616915497,-1477.0541676228,-11468.615522576,3604.5705118676,-1305.802804077,-1842.6651895375,1652.6235114972,2440.1972568831,8.2931632738,-20941.7194643627,-7554.1469421961,-587.4734578978,-406.3880471863,4815.7750134183,0.32094491,5392.1136761874,4367.2057406716,7034.801282679,-1.0018206456,0.7576761206,-0.1123064073,6562.028231382,-3299.9342112992,1036.1944704321,0.950543658,-0.8115140567,-0.402104287,0.0561052443,-0.1262919395,-0.923023603,3107.7197691288,-8364.2209830077,30654.604468389,-713.8338731888,-0.5605962034,-0.4588315908,0.3472096508,-0.215575886,0.2188886436,-0.3599564671,-0.5335867012,2617.0568257599,-2445.9479019884,-0.473187441,-0.1698319414,-2400.7939410549,4394.5597391341,-0.6288744708,2627.7268102884,-6804.422303394,2802.2585282432,3913.4120690722,-127.1086896777,7.4824526071,0.2593821704,-1167.5638397715,-1.5380501779,12766.8195702952,-0.1664857068,-2577.7963126353,0.355359209,0.905944081,-2376.3087192232,5427.2532713689,-3773.4342198328,6747.5676193748,6696.748537809,7052.7039977355,-228.6201559053,-866.9183359413,2598.7354421891,-1.7625873254,-3260.0727454367,-0.9576538895,551.5593164718,-613.7251442066,-13371.462287868,223.5523088205,-4.227959521,-3389.5723675013,2943.9366542843,-874.0970831332,-3508.6207087796,2350.2705876808,3766.6050771824,2056.4933013101,488.8477991852,-9461.296874224,15831.8571393791,542.0807351861,-3386.7838084066,5309.0824752602,-4543.117029597,-13732.5570037934,-13059.5761436473,-14158.8205688802,-0.0521308468,5477.7577501239,10953.7688302212,1.4428321147,118.8411887078,-1.0558202723,0.640546534,-10.722791513,1726.7595294221,11.6752833856,926.8227268942,-0.7634467381,-9756.4298451221,-0.0357338065,117.7987190036,4988.9881331506,-6267.9103604984,0.1212117083,0.3071669199,-2894.9103722185,0.6586346709,-51.1774980599,710.2317340517,1269.1170077488,2639.9879509855,0.6118695744,3767.5239326374,11402.8800609272,0.616257431,1838.8548725572,0.0139502691,-276.7503147018,58.2904885164,0.1699509152,0.0915069122,15414.8180663714,0.9266035267,-2027.2658364224,-35699.6364903044,-1357.7650097567,0.9167743934,6063.9711362129,-0.3088101602,11576.6135263462,-0.3171029483,0.1134265873,0.0060938295,-7979.2360663047,6940.9966203394,-2547.501650417,0.7633695295,-101.9771238855,-2.9361803328,-3015.6994612091,144.9475545027,-24.8075629005,10082.0107047765,369.2870195267,-362.1304175232,-16609.7785805213,5916.4229873285,4840.5212964199,-3826.0624789317,-161.2240559404,190.0840005423,-5380.2532099,-2553.4295363464,1097.8197221678,788.6160872703,200.1321812035,-3246.0088637888,-55.8690264776,512.020368551,-1061.2598255419,1.170646726,-4441.0385654777,-4105.4057446985,-31.6640796813,-9.0260820584,31337.1961618284,-0.6336276846,-10.4383447291,-0.2805857404,0.2902831331,-792.4338557885,0.1821935416,-366.5224544976,-25.0462992669,-0.0473996704,-181.1751578207,1.5075914029,-15517.9318764558,33.6992584277,0.9192631244,3060.2253762512,-0.8225585229,-367.4415186315,-0.4871153325,-3985.7567380231,-566.4599786534,-2808.2909886233,-2949.0351290179,-1.723288625,84.2844873236,-0.2513266566,2233.7930082559,-0.2060299727,426.4082413891,-1.1775912139,-0.8295753131,24.7720970139,0.0132068083,-0.4002738276,1398.9278032367,5931.4902739896,-0.6911796777,-123.0614354009,-6528.2523415931,997.6182468796,0.9571130793,-0.2015966479,-0.2737164816,-0.6536452045,-0.5767140551,519.694435623,-1357.6454269959,-1579.7685826077,1895.8797628835,0.1153786468,-3962.1191576448,4297.3872631102,10427.5620843817,-779.744685128,-4873.9540355113,15.2570792902,-7001.4952955445,-0.8377533411,14021.1825126466,-25704.9509420308,-492.8225461345,-19858.4363050458,2.1416314875,-2131.2640584963,-28.4675175931,12703.3063569135,-9387.4773955139,-99.0827587816,-6032.5360301473,17391.1676877342,109.3903878978,7413.0735432453,0.5965977095,5379.6510069728,6768.5657900848,7635.2237739136,-1.6021807864,-4886.8247041358,4725.231522138,0.2188675828,-11506.5172979385,0.2513463412,-0.0545593162,-3.7197428276,0.0498154709,1710.3656609365,-0.3431086231,-30578.3174145945,1672.0849388538,339.0776984227,-390.0987879404,-0.161621238,-187.4275292353,1867.1559128862,0.4523731867,-0.2354340857,0.3606236827,614.0592147707,24.3070119615,339.4451875176,-16414.4424423977,1.1119496469,17.4534417035,-0.3165678349,2757.6704946908,0.5103875471,0.0390869846,-947.5199723043,-2429.9164491483,0.6734045758,-0.8864403639,0.1791758232,-3912.007717307,0.1752259249,3775.9725885714,-0.9835527854,-19189.763539927,-0.6469778121,0.4246302521,-153.4882798493,-23700.6114654077,-0.0155582125,13.2850637915,16899.9791069877,-0.3886433504,0.8529034052,0.9091589578,0.4084369441,7311.2731146901,-1.1781329504,-0.2774546945,-0.3023248409,0.8392491424,-3861.3861306197,638.822312401,-15.6936187517,3752.39180762,6035.6792875201,-289.1587738577,880.7024248834,11034.0247192688,5231.8284955472,-209.9975829084,3023.5627933231,674.6653179572,-4477.9751707246,1333.9720895264,-2268.8220686255,823.104433947,1527.5945848192,-601.0632644904,-9521.9457281858,-5440.5247591539,-43.8219678472,801.6207774719,834.291677917,-1062.0889004845,-4790.4260008306,-4172.5917771393,0.1568528621,3339.3456048627,1350.3753410861,-4076.0246228129,95.4063800222,-2898.5186519076,-0.3616524587,254.2100164289,1704.0935688612,0.8951981069,-0.3665000527,10174.5496069433,6.9454103353,-1865.0113189137,0.9484832643,-3181.5019814525,-14596.9890109186,1.1165936474,0.727536248,-0.84616507,-10918.0376848584,0.8610398447,7.5944955927,18145.4737350481,16935.1298584733,-0.9040571855,5402.7389818338,0.5523991398,0.1747469712,-13946.1409353818,-20277.3830516908,-1.0688821468,-0.9545047093,-0.4040181405,1.0277262425,187.5902810407,0.066568281,-1870.654381101,-0.9626716648,-4244.3816461861,0.6941089061,17747.2424834572,2535.6086136649,-776.6841293945,0.1151277658,1476.8704073098,2.9046091448,1086.3970516091,0.2178395805,-4326.1265262017,2858.7362278953,9441.4722534694,35.2778480537,-2429.5976292921,0.9229787956,3486.3539907348,-1406.59077076,2972.9608462889,12991.5876736248,2398.0113167815,-8267.1390722509,-11376.2609621418,-2394.3588402931,-8186.39316327,368.9478757078,1669.451839809,1909.619466285,-13.119913295,-2200.1131141046,-3835.8632760401,5425.8380997362,-12174.2555517164,-9.5000918372,6908.0169090219,-1451.0515560207,15778.7159762413,10234.5398074917,4612.8664048264,-703.1538013584,-2840.1728940595,3491.9925252618,8383.143388614,-1478.3320722055,1605.560004558,0.2386968229,-15065.4275649609,26147.2851157916,-1440.3896624662,10235.917813339,-953.9989394473,-1.301229157,3311.6392909038,0.205286085,0.4635019255,0.8751200904,-1462.8222087753,0.2313162414,-0.1720023871,0.4928440882,-1146.0544824315,908.5363662963,0.3977476796,-0.3911679041,-1.4902829005,0.309289337,0.1236768632,-10687.2899958078,-18845.5416879152,-2914.2497064285,1.0856023136,-2612.9761921174,0.0082170397,17676.2587949732,-9604.6559662851,0.178560263,1.0294820474,0.7819355207,-0.407319708,-0.7988042124,-0.4836437555,0.1142276047,-5483.8617117101,-0.5856834555,-0.8620297454,-21012.6532882627,0.3329068634,-2.8871901524,16752.3462303618,-0.7742962999,0.1862284027,4110.3078034509,19732.6255763481,6.0844988753,7674.5819727967,-14.6915447236,-2.5892099135,0.1694408056,-0.3014368501,-3.7566049874,1101.6792145452,-1702.1025962972,-2384.2040488638,-46.0390454609,-2419.6536529967,-998.5108779774,4882.1747994283,-766.3757744368,3908.9657154361,3604.8177480158,-5350.6627675934,-2346.1289097256,2846.3999253565,-4191.7871203651,6176.9860425715,-21378.7133446598,6309.3002915179,2862.4188185355,2920.8561511295,1160.0673004698,-10282.9967097489,7834.8578697961,757.5540811752,-3966.1752791972,-2785.0779582613,933.0078486756,9258.2659480973,95.9302812202,1840.8761368157,9319.8546526005,821.1921969659,0.9559665087,5.8975195655,-0.577675341,-7503.3964005229,-1064.7010173726,-0.0367489134,-1.8882955423,-4.5081196719,-0.6816814044,2904.6498880604,0.5275585448,526.3428003102,1.6387998537,0.4589535619,3252.1719636398,934.0202255711,-3.4159715661,0.1154945074,9.2123980829,-1854.1401077369,0.5657426922,-0.4943002525,-0.8838662071,6958.9883283201,4859.8276464852,-0.1106767345,-7020.9537621501,-0.6215476324,-16105.7063936585,-149.8583497564,-11250.6563904413,15779.6754427543,-0.6913599318,1841.4632397069,2199.8070462276,-0.1001478791,-0.3142861369,-7186.9351519716,7248.0073949205,7259.3001847485,-0.8778587765,0.6343948833,-3.1803333705,0.3878431758,0.5664028618,1063.9912008733,1145.1268757614,-14902.1415588209,0.5764266175,-176.5834539896,5.8047651096,-1778.9652354769,8.7364684669,-12357.9250993786,1207.0541019908,823.0126346317,1361.1757356022,-220.1318360092,2460.7726753764,-2987.1298546949,1.1700091825,-6940.7791482335,1103.2566215257,7345.9750747098,-5735.2305280282,-379.7771089799,-6159.7078463635,385.1085031829,6987.2598356339,-4285.7906573443,-8095.596637156,-7507.4885222161,-21.705939475,-4227.2396581237,-4075.8864027454,-3325.0815670002,-2579.295425397,3.7298414849,3733.3030282395,-3856.9912228576,1.0053062959,-576.7875666587,-0.3427171045,22635.3120250473,0.3039746277,-0.3173930653,-15394.5803240546,-1.0230737648,0.1673015532,11.4259587603,-0.655522951,-3.2605919445,-21563.5738627167,1825.4882335585,227.8373051363,0.3622792266,223.8695034586,-4997.0818242001,0.5802911776,12.3406241129,0.3820364309,81.2532731053,-1755.0702469941,184.4853729715,-1407.04360541,3902.5160752017,0.2877393185,-0.8412713995,-2160.6046398425,-0.4474987023,0.2457388439,-27.8350777914,-5.0080861761,-183.5143687708,-0.6427020757,-1221.1939999969
   10162.9210846536,3645.8260407717,5.9495205673,0.0672944241,-436.6828828485,0.1839747389,-2787.7787993102,-0.0498832151,-0.5020977854,-0.4866121995,-0.2157478797,3379.7714244871,-0.1304927708,1631.8899524381,0.735683298,4060.8998133312,1197.7874159317,1333.1666759527,4715.3953193984,-3557.7276585852,10086.1686401106,-16004.6978368577,6279.9053801011,-2186.9056962944,-13.3821418723,-2870.4560588517,3147.8569334842,-2521.6736836208,1.1679797949,9398.3474394181,2609.373816423,-9094.5817881959,2738.062926073,684.4469011325,7813.1854604776,-0.5399446965,-5302.7657675603,-9117.008737253,-2931.2485444999,1795.7696699043,-73.8065810195,1137.1097135806,-3400.3659872713,-847.638911211,9.6118651801,1422.6496613741
##end
biasActivation=0,1,1
[BASIC:ACTIVATION]
"org.encog.engine.network.activation.ActivationLinear"
"org.encog.engine.network.activation.ActivationLOG"
"org.encog.engine.network.activation.ActivationLOG"
