encog,BasicNetwork,java,3.3.0,1,1425324745941
[BASIC]
[BASIC:PARAMS]
[BASIC:NETWORK]
beginTraining=0
connectionLimit=0
contextTargetOffset=0,133,0
contextTargetSize=0,31,0
endTraining=2
hasContext=t
inputCount=50
layerCounts=50,32,82
layerFeedCounts=50,31,50
layerContextCount=0,0,31
layerIndex=0,50,82
output=0.0369165733,-0.0687689998,-0.0716079298,0.0939324713,0.3991436117,0.3779345319,-0.0205469236,0.249152405,-0.2780850497,0.3263935747,-0.0029482641,-0.1006229902,-0.0851185349,0.4041731157,0.3658933051,-0.0004813014,-0.1551929129,0.0288161562,-0.269552872,0.3605619605,0.1718315281,0.0875175363,0.1503889752,0.0012432723,-0.1082566819,0.0202620438,-0.0018756329,0.1350956869,-0.0501533328,0.2867758733,0.0677929525,0.1399125066,0.1246386766,0.0181766309,-0.0047285359,-0.1719386982,0.6507006452,0.1703561428,-0.1531408613,0.0371407189,0.3540192866,-0.0969971697,-0.0376477241,-0.0378332993,0.2446551708,0.1100716814,0.5146339849,0.4171781995,0.3397534381,-0.0470466923,-10.0665507438,10.0855796275,-7.9716013998,8.8314102909,9.1640056461,9.3093354704,-9.5624998176,8.8860931025,-9.6216482568,10.0491580114,-10.7011590726,7.5026054452,-10.0622412335,9.2727725903,10.1822135739,-9.1245224381,10.1689912603,9.5486307249,9.724696059,6.0671616567,-9.0377867293,-9.7406255301,-9.8476225955,7.9251297313,-9.7422454237,-9.184738223,-8.6363401975,9.8048554376,9.0574023038,8.7481292643,-10.3279951831,1,0,0,1,0,0,0,0,0,0,0,0,0,0,0,0,0,0,0,0,0,0,0,0,0,1,0,0,1,0,0,0,0,0,1,0,0,0,0,0,0,0,0,0,0,0,0,0,0,0,1,1,0.0369165733,-0.0687689998,-0.0716079298,0.0939324713,0.3991436117,0.3779345319,-0.0205469236,0.249152405,-0.2780850497,0.3263935747,-0.0029482641,-0.1006229902,-0.0851185349,0.4041731157,0.3658933051,-0.0004813014,-0.1551929129,0.0288161562,-0.269552872,0.3605619605,0.1718315281,0.0875175363,0.1503889752,0.0012432723,-0.1082566819,0.0202620438,-0.0018756329,0.1350956869,-0.0501533328,0.2867758733,0.0677929525
outputCount=50
weightIndex=0,1600,4142
weights=##0
##double#4142
   -0.0014372626,0.0026249641,-0.0021566563,-0.000961357,0.0044418055,-0.0002613861,-0.0019571012,0.0033477141,0.0039483763,-0.0019102112,0.0017059801,0.0068548678,-0.0037322723,0.0028930876,-0.0004987379,0.0022106449,0.0037203786,-0.0038986471,0.0033330497,-0.0034941264,0.0038277959,-0.0009779964,0.0031963941,-0.0003656322,-0.0015619589,-0.0011552124,-0.0005317032,-0.0042379761,-0.0040424235,-0.005451183,-0.0036021289,-0.008726215,0.0000061207,-0.0005226149,-0.0035613666,0.0020010714,-0.0031304052,-0.004381308,0.0035206707,-0.0013614722,0.0030603448,-0.0016973458,-0.001632022,-0.0014635839,0.001260026,0.007421396,-0.0005241577,0.0021394293,-0.0195384642,-0.0031020633,-0.0010905163,0.0003708931,0.0097319866,-0.0051971099,-0.0016551365,-0.0042533928,-0.0015484348,-0.0004093311,-0.0045657319,0.0098860466,-0.0007469447,0.0036852949,-0.003463659,0.0894284899,-0.0043748634,0.0056048607,-0.0073555628,-0.0095628385,-0.0014294469,-0.0032395393,0.0040589779,0.0017184339,0.0151177258,0.0024565814,-0.0059664225,-0.0005628565,0.000417238,0.0116618628,-0.0020419022,0.0041779617,0.0021433348,0.0023602027,0.0022144222,-0.0051313326,-0.000543755,-0.009098553,0.0058293488,-0.0087459719,-0.0063647776,-0.001128311,-0.0032252651,-0.0085435152,-0.0071249672,-0.0085012023,0.0092296263,0.1527764988,-0.0032353264,0.0084524342,-0.0029348323,0.0029394104,0.0043167964,-0.0045935017,-0.0006769594,-0.0018159868,0.0002197491,-0.0031852464,0.005953921,0.004241906,0.0016935526,-0.0002730366,-0.0012806831,-0.001997503,-0.0006257696,0.0042264336,0.0003284538,0.0007695627,0.0019851233,-0.0012042142,-0.0103588698,0.0035247616,0.007959129,0.0113707217,0.0046524218,0.0003065769,-0.0038819778,-0.0001768935,-0.0064249476,0.043939864,-0.000997313,-0.0003222055,0.004005094,-0.0008575035,0.0040318547,0.0023461796,-0.009497654,0.0045716516,0.0005150806,-0.0046427766,-0.0023224358,0.0094975817,-0.0015267125,0.0025900796,-0.0040022108,-0.0102726115,-0.0072744577,-0.0020535972,-0.0004682617,-0.00141797,0.0041471329,-0.0086646932,-0.000706834,0.0082943587,0.0028502232,-0.003431362,-0.0013118223,0.0066012105,-0.0034731689,0.0044605185,0.0051095618,0.0572937875,0.002532136,-0.0026700732,-0.0012447519,0.0047728169,0.0007403226,0.0160471049,0.0085426938,0.0027458407,-0.006660516,-0.0104554563,0.0034547268,0.0090114488,-0.0011891425,0.0027017721,0.0074858004,0.001782279,-0.0075839779,-0.0062760037,0.0027764247,0.0040075896,-0.0091944096,0.0056650943,-0.0016399853,0.0078628004,-0.0003516407,-0.0008349592,-0.0005046096,-0.0028673294,0.006956741,-0.0060214363,0.0003379242,0.1779358233,0.0038633971,0.002915661,0.0000445549,0.003679121,-0.0016794609,-0.0038990052,-0.0045896189,-0.0044912145,0.0024270013,-0.0013254488,-0.0035172989,-0.0010406353,0.0008606773,0.0076095756,-0.0020108107,0.0037576775,0.0021747444,0.0044464155,-0.0060761032,-0.0017182189,0.0005454005,-0.0045343139,-0.0092003894,0.0063465119,-0.0010486111,0.0089290094,0.0139621849,-0.0043744409,-0.0043654005,0.0037841971,0.0054111176,0.1266022873,-0.0014197542,0.0076086618,0.0078300823,-0.0034959845,0.0094817102,0.0069078699,-0.0026433182,0.0052417135,0.0036795851,0.0036323823,-0.0058369601,0.0034375686,0.0085999076,-0.0058628248,-0.0006632294,-0.000387235,0.0083380305,-0.002831505,-0.0099956542,-0.0033202089,0.0085862574,-0.0048981965,0.0040471928,0.0029381986,-0.0002843761,-0.0033167411,0.0006803878,0.0093118327,0.0036158928,0.0035104686,0.0024998199,0.0328832886,-0.0014174692,-0.0076362212,-0.0001924921,-0.0045096868,0.0023108941,-0.0008734157,-0.0001986052,-0.0018755572,0.0001558501,0.000575767,0.0009535881,0.0003213958,-0.0004191292,-0.0059223715,0.0008568715,-0.0001205048,0.005558031,-0.0065940724,-0.0079127189,0.0051386244,0.0051205716,0.0051846053,0.005189609,0.0022229787,0.0006873307,0.0011046497,-0.0035765109,0.003911382,-0.0026711355,0.0013081609,0.0076858725,0.0912743033,-0.011169296,0.0011685333,0.0004523965,0.0083568838,0.0006032212,-0.0049861603,-0.0055247056,0.0029884887,0.0039556485,0.0071123657,0.0058064062,0.0087579315,0.0008707732,-0.0018655092,0.0020065438,0.0002788136,-0.003481922,-0.0007282954,-0.001328401,0.0039200001,-0.0125977713,-0.0082607277,-0.0040612724,0.0022366782,0.0144696442,-0.0062954281,-0.0095862426,-0.0027485091,-0.0071085548,-0.0095674292,0.0003827589,0.0234623808,0.0002380106,0.0000514451,0.0000123227,0.0001934548,0.0000548592,-0.0001447867,0.0000650325,0.0001396436,-0.0001438442,0.0001240663,0.0003468109,-0.0000032687,0.0000545764,-0.0001141292,-0.000031723,-0.0006054616,-0.0002510147,-0.0000463524,0.0000106254,-0.0002108862,0.0001167119,0.0003230275,0.0001619975,-0.0001651991,0.0000191509,0.0000047739,0.0004470519,-0.0000590089,0.0000057073,0.0000256318,0.000640181,0.0173385368,0.0050667307,0.0016489767,0.0056770819,-0.0052747625,-0.0063869949,-0.0044719719,0.0016978871,-0.0044181193,-0.0013866409,0.0043396247,-0.0053653307,0.0040819002,0.0061581367,-0.0029451349,0.0030305133,0.0068731105,-0.0008035731,0.0000930561,-0.0030079962,0.0019142719,0.0012803297,-0.0072371887,-0.0029577223,0.0037521315,-0.0028542953,-0.0040711764,0.0067288695,-0.0041900673,-0.0002790829,0.006570632,0.0022181839,0.0664731681,-0.0052271285,-0.006186285,0.009615888,-0.0052973132,-0.0023631194,-0.0152236559,0.0029433428,-0.005372545,-0.0028419664,0.0045870888,-0.0084289181,-0.0011847021,-0.0051343198,0.0026902982,0.0023327025,0.0077439539,0.0007052199,0.0015346452,-0.004570599,0.0041232824,-0.0022610473,0.0084810717,0.0003802977,0.0070429454,-0.0054299202,-0.0009493719,-0.0066759831,-0.0046187658,-0.0029767845,0.003856333,0.0030313961,0.0611588398,0.0036013333,0.0070919414,0.0109486659,0.0069251036,0.004770246,-0.0024509986,-0.0000192122,0.0002897044,-0.0029785992,-0.0011020114,-0.002232335,0.0081328766,-0.0022985123,-0.001345772,0.0074995649,-0.0050033085,-0.0012048441,0.0028984941,0.0040651741,0.0044387587,0.00391527,0.0024714285,-0.0040528177,-0.0048037547,-0.0025578951,0.0022637124,-0.0009145211,-0.0007938888,-0.0054107053,-0.0065029105,-0.0034558247,0.1779009499,-0.0011564364,-0.0027541555,-0.0137256007,0.0057006667,0.0016438634,-0.00886606,0.0120881375,-0.0025427221,-0.000084428,0.0012913917,0.0043992793,-0.0138610569,-0.0075764659,-0.0040011462,0.0150022753,0.0021905363,-0.0016040436,-0.0075159627,0.006170523,0.0082862965,-0.0020512651,0.0003814885,-0.0042144277,-0.0019116482,-0.0004234447,-0.0022218727,-0.015267056,0.0019679687,0.0024819707,0.0050008082,0.0066331172,0.156530157,0.0000639746,-0.0000904969,0.0001376328,0.0000386697,0.0001062414,-0.0001419943,0.0000708582,0.0001674437,-0.0000862909,0.0000665826,-0.0000944146,-0.0001875485,-0.0000358142,-0.0001801887,0.000063766,-0.0001760762,-0.0001336101,0.0000912752,-0.0001154057,-0.0000640866,-0.000013367,0.0000730656,-0.0000284131,-0.0001953264,-0.0000096493,0.0000041829,0.0001497635,-0.0002013516,0.0000870049,-0.0000284464,0.00006765,0.0065498513,-0.0058887807,-0.0029657405,-0.000410223,-0.0036861686,-0.013318873,-0.00095223,-0.0009933261,-0.0141861968,0.0004273492,0.003518444,-0.0057799052,0.0012376504,0.006077775,-0.0032222137,-0.0124745103,0.0115926142,0.0049382513,0.0058409647,0.0015350662,-0.0121327863,0.0009675472,0.0052543197,0.004348404,0.0056602583,-0.0028204455,0.0002843585,-0.0161144365,0.0112467319,0.0092355078,-0.007617564,-0.0051298198,-0.0200680297,0.0041921329,0.0056328768,0.00690725,0.0085290872,-0.0018857168,0.0077981038,0.0020863863,0.0020314683,0.0032515076,-0.0056484562,-0.0014142646,0.0032401665,-0.0029680953,0.0011718512,-0.0004699058,0.0019334802,-0.0096086614,0.0001087146,-0.0049853383,0.0024518689,-0.0014649911,0.0029073702,0.0037282808,0.0062718933,0.0028544328,-0.0006196441,-0.0055956297,0.0028096812,-0.0078741208,0.0016689293,-0.0059672032,0.0445249808,-0.0006954406,-0.0075292466,-0.0011659665,-0.0029920259,0.0029206461,-0.0020239891,0.0016526698,-0.0011180473,0.0007677582,0.0014761598,0.0009659747,0.000892523,0.0014265931,-0.0045546457,0.0001366168,-0.002076631,0.0065733991,-0.0085655806,-0.0066473182,0.0048391377,0.0079727878,0.0056386536,0.0042471571,0.0059145765,0.0020829687,0.0032861294,-0.000862799,0.0062585219,-0.0028579123,0.0023939419,0.0087692811,0.1161022487,0.0004483915,-0.0037527113,0.0085998892,0.003988853,-0.0020592335,-0.0021780414,-0.0048967964,0.0003918685,-0.0015093526,0.0029276827,-0.004440891,0.0002653202,-0.004734059,0.0064190811,-0.0036796443,-0.0027152939,-0.0006676702,0.0022885407,0.0105268277,0.0062180678,0.0003372043,0.0058277753,0.0001767026,-0.0008573245,-0.0113982238,0.005297057,-0.0007960728,-0.0005197062,0.001110434,-0.0014547964,-0.0010505753,0.0780037719,-0.0005374546,0.0042822247,0.004121325,0.0010385717,0.0071077403,0.0036450029,0.0013530861,-0.0013603993,-0.0007931167,-0.0054607162,-0.002902886,0.0017378474,0.0087834902,0.003470496,-0.0082102469,-0.0015789908,0.0048897267,-0.0012903992,0.007579779,-0.0016039752,-0.0027615691,0.0018215488,0.0028998627,0.001589733,0.0011812819,-0.0049652162,0.0029500664,-0.0009932118,0.0067060729,0.0027688962,0.0014997553,0.0404152658,0.0009577779,-0.0015464003,0.0002367811,-0.0043184179,-0.0050805502,0.0026541945,0.0001392929,-0.0016156561,0.0084216439,0.0017302081,-0.0003377496,-0.0036833978,0.0002795544,0.0026688378,0.0051520387,-0.0059239614,0.0034674337,0.0017721582,0.0022762204,0.003999656,0.0032248315,0.0011467961,-0.0026692963,-0.0002756401,0.0051706399,-0.001861443,-0.0004384233,-0.0004679763,0.003016929,-0.0001252606,-0.0051641699,0.0216791692,-0.003653596,0.0017475076,0.0023380846,-0.0044391724,0.0068192469,0.0022032798,0.0005753144,-0.0015729073,-0.0013289393,0.0057418883,-0.0035259047,-0.0061323101,-0.0064737075,-0.0004767535,0.0065731875,0.0035661637,-0.004893232,0.0011354215,0.0006461693,0.0024939977,-0.0040076714,0.0021806389,0.0020435363,0.0013753132,0.0062681139,-0.0037177816,0.0083226291,-0.0001164531,0.0033817801,-0.0125516375,0.0046854824,0.1722328274,0.0024243543,-0.0097841942,0.0026667938,-0.0095963499,-0.0028175958,-0.0006167672,0.0110107984,-0.0035240654,-0.0020419865,0.0030164887,0.000842429,-0.001572542,0.0045920846,0.0022263268,-0.0014195506,-0.0037703289,0.0017253825,0.0009417647,0.0057799783,0.0118350276,-0.0015958842,-0.0000750354,-0.0015555813,0.0019357819,0.0051655803,-0.0074641751,0.0000209904,-0.0045187248,0.0017110732,0.0036964858,-0.0015486586,0.1370293278,-0.0019290737,0.0023849303,0.0016324354,-0.0054782062,-0.0045230099,0.0061114766,0.0033392275,0.0019995726,0.0114507493,0.0026803279,-0.0061290771,-0.0145783917,0.0054597144,0.0050608191,0.0057863237,0.0031641172,0.0109844619,0.0039745455,-0.0059118117,0.0005370641,0.005197649,0.000999045,-0.0031406021,-0.00164407,-0.0008457204,-0.0003394655,0.0010099646,-0.0079902077,-0.0033979533,0.0027807795,0.0168427583,0.2128710073,-0.0040169319,-0.0050959311,-0.0072015425,0.0080271728,-0.0050743052,0.0069561422,-0.0011372558,0.0014563911,-0.004150317,0.0059397445,0.0036180137,0.0013503423,-0.0022264376,-0.0021336098,-0.0026456113,0.0057086751,0.0045528123,0.0034822482,-0.0019947431,-0.0053871084,-0.0002472278,0.002317734,0.0011989736,-0.005715024,0.0049580728,-0.0008377379,-0.0029448562,-0.00603731,-0.0035885496,0.0000393548,0.0024651677,0.0481862457,-0.0034336188,0.0004763716,-0.004959968,0.0060471409,-0.0028414841,0.0046383347,0.0017148068,-0.0025936728,-0.0024156342,0.0023114077,-0.0014794237,0.0050717491,0.0013332751,-0.0020520996,0.0001619257,0.0096489333,0.0041224975,0.0022389229,0.0017492158,-0.0051192788,0.0041353686,0.0046410163,-0.0009273899,-0.0028794348,0.0026017658,-0.0009459895,-0.0047666768,0.0003897527,-0.0006198231,0.0000206631,0.002423868,-0.044244808,0.0035448846,0.0029428092,-0.0063622389,0.0025631708,-0.0034299687,-0.0029296226,0.002868313,-0.003010498,0.0101093703,-0.0010805503,0.0110859196,-0.0093640155,0.0006708544,0.0085989012,-0.0003616065,-0.0054471366,0.003757368,0.0015658782,-0.0041678872,0.0066079356,0.006871811,0.0036028079,-0.0137368667,-0.0036483384,0.0043930789,-0.0045062888,0.0003878,-0.0016106291,0.0080968516,0.002106842,-0.0055761172,0.1679500476,0.004294558,-0.0071450105,-0.0012336105,-0.0100653535,0.0037689114,0.0026794836,-0.0030485992,-0.0012126996,-0.0099799127,-0.0043229353,-0.000966576,-0.004529991,0.0040651753,-0.0004897616,0.0050321416,0.0041771395,-0.005566936,-0.0078719066,0.0030560796,-0.0045390761,-0.0028287864,-0.0034421621,-0.0033100096,0.0012919459,0.000120404,0.0049404739,0.0097349673,0.0014988622,0.0023725147,0.0001855504,-0.0139507704,0.0461219905,-0.0012585528,-0.0080482674,0.0134206423,0.0048562278,-0.0076966729,0.0015290341,-0.0083598392,0.0038257837,-0.0079138172,0.0015857137,-0.0024393512,0.0034451261,-0.0008050703,0.009785863,-0.0004900934,-0.0048673586,-0.0053701902,-0.0116199159,0.0011584407,-0.0045915213,-0.0069438679,0.0079451019,-0.0019987036,-0.0053958185,-0.0029111391,0.0053254948,0.0046817157,0.0052778723,-0.002279711,0.0053270722,-0.014322636,0.1346676465,0.000640544,0.0044102208,0.0002248447,-0.000291488,0.0113083805,-0.0102412908,-0.011357697,-0.0012679894,0.0066407862,-0.0032311137,0.0025007211,0.0007363638,-0.004027319,-0.010096284,-0.0088541579,0.0026794814,-0.0059672567,-0.0009441311,0.0004461649,-0.0118298804,0.0003401969,0.0024573202,-0.0028666332,-0.0043278238,-0.0034586632,-0.012799614,0.0032100787,0.0001313181,-0.0036189943,-0.0010822803,-0.0037729217,0.2624689602,0.0038433654,0.0082966261,-0.0031977867,0.0093451931,0.0057113076,0.0032788958,0.0011453679,-0.000583895,-0.0054310734,-0.0066029775,-0.0010218024,-0.0029758347,0.0156009267,0.014919992,-0.0061882924,0.0015902635,0.0051564826,0.0047940667,0.0005333188,-0.0090020764,-0.0020336364,-0.0026681394,-0.002200513,-0.0044047913,0.0074394269,0.0109156097,0.0131794921,-0.0019207994,0.009007507,0.0012387294,-0.0018742345,0.1555220109,0.008006818,-0.0032655809,-0.0031492527,-0.00329042,-0.0078430342,-0.0097181881,-0.0070946319,0.0068261886,-0.0015581241,-0.005509346,0.0034430581,0.0001448859,-0.0037498033,-0.0064802484,-0.0026705418,0.0015557817,0.0028845363,0.0038343016,0.0040295047,0.0018754515,-0.0033622497,-0.0026057367,-0.0035760659,0.001851512,0.001888102,-0.003021618,-0.0045172112,0.0089820003,0.0015674657,0.0020506605,0.0058834061,0.0858706906,0.0042270381,0.0060818247,0.007247134,-0.0005350853,0.0023816836,-0.0007886888,-0.001649018,-0.003662449,-0.0010903373,-0.0011549957,0.0077909322,-0.0095119541,0.0106350156,0.0050558811,-0.0030490236,0.000737942,0.0082915942,-0.0022365018,-0.0008408432,-0.00544739,-0.0053769903,0.0005030907,0.0060901562,-0.0012814286,-0.0012811114,-0.008117038,-0.0005786981,0.002804079,0.0095392952,0.001014559,-0.0044492434,0.0618857345,0.0006694994,0.0001006155,0.000013178,0.0000766203,0.0004477078,-0.0000050673,0.0004368859,0.0000840944,-0.0000426431,0.0002385203,0.0001923615,-0.0004403175,-0.0003084879,-0.0001844217,0.0000899672,-0.0015294394,-0.0003732809,-0.0005313456,-0.000107328,-0.0008968869,-0.0000042598,0.0006038397,-0.0001614404,-0.00028078,0.0004969721,0.0001774874,0.0002133582,-0.000736281,0.0002270839,0.0000638985,0.0009186978,0.0303283871,-0.0025159189,-0.0018102961,-0.0068792771,0.0001997878,-0.0051124241,-0.0004830024,-0.0004736502,-0.0061148307,0.0053773219,-0.003977763,-0.0060178343,-0.0046339961,0.0049024502,0.0027932368,-0.0004728342,-0.0051890646,-0.005428269,0.0022880172,-0.0033179374,-0.0043752472,-0.0003746002,-0.0071761339,0.0068973627,-0.0027538683,-0.0029830635,0.0075491184,0.0039813587,0.0010550429,0.0008616217,-0.0050228896,-0.0000720713,0.1168530456,-0.0011666914,0.0110603786,-0.010722859,0.0022527334,0.016022541,-0.0030978968,-0.0002684411,-0.001351841,0.0022122557,0.0017159143,0.0085349818,0.0037274541,-0.0040815533,0.0021270273,0.0001779708,-0.0119122828,-0.0035765072,-0.0007290238,-0.0023625965,-0.0017774872,0.0051147994,-0.0005349204,-0.014797834,0.005752815,0.0022986356,0.0112768227,-0.0030571486,-0.0029920396,-0.0007457839,0.0098594279,-0.0061907785,0.121857162,-0.0021542491,-0.0095509315,-0.001027843,0.000137222,-0.0109374173,0.0014222596,0.0034244397,-0.0011255331,-0.0082641813,-0.0088034056,-0.0043892232,0.003094067,0.0064785797,0.0016691329,0.0010200722,-0.0085395621,-0.0102156237,0.0015609393,0.0010860021,0.0003955603,0.0020634326,-0.0086069858,0.0002757294,-0.0056309832,-0.0136001956,0.0092169625,0.0053709201,0.0131364662,0.00001262,-0.0035984621,-0.00905006,0.1313127482,0.0032309992,0.0004886447,-0.0006343463,-0.0006282399,-0.0010524663,0.0077897665,-0.000730873,-0.0032655704,0.0008517048,0.0130799489,-0.0034117366,-0.0000872663,0.0005159345,-0.0109120122,-0.01119934,0.0010530033,-0.007231998,-0.0050566058,-0.0033556934,0.0088537074,-0.0073263793,-0.0030818441,0.007457023,-0.0004998441,0.0025741815,0.0047561836,0.0045103499,-0.0044938898,-0.0071967645,0.0026076635,-0.006807809,0.1107618393,-0.0004854668,-0.0051563236,0.0027560704,0.0041054719,-0.0012614749,-0.003620032,-0.0041975807,0.0019401157,0.0010875183,-0.0036593118,-0.0004489339,0.0059607887,0.001314664,-0.0030987771,-0.0040906435,0.0023313078,-0.0031638726,0.003623079,0.0015271,0.0012095932,-0.0008487086,-0.0063062951,-0.0032691199,0.0005191282,0.0018759623,-0.0076963417,-0.001021417,0.0040626718,-0.0021929689,0.0000014338,0.0057601231,0.0087062567,-0.0003788378,0.0003906373,-0.0055983372,0.0015375986,-0.0006257924,-0.0022443196,0.0004790473,-0.0001765399,0.0001227107,-0.0027443789,-0.0036501124,-0.0089045896,-0.0116579346,-0.0032813218,0.0130345313,0.0001375838,0.0022206057,-0.002639727,0.0041835768,0.0053007297,-0.0083965543,-0.0025109727,0.0033883467,-0.0004979369,0.0044946118,-0.0036918727,-0.004119577,-0.0042957031,0.0059174622,-0.0022649886,0.0029172493,0.0385151604,0.0023898788,0.0019290736,-0.0000635451,-0.0044556252,0.0004679011,-0.0036027474,0.0017678378,0.0006972891,0.0025081774,0.0029665201,-0.0010939447,0.0039155049,-0.0013330632,-0.0033240984,-0.0006682107,-0.000221738,0.0015441737,-0.0056382237,0.0049247933,-0.0030650883,0.0033237612,-0.0057796019,0.0050283968,-0.0033856759,-0.00187544,-0.0051209377,0.0061628615,-0.0096809643,-0.0026045888,-0.0007418136,-0.0029384283,0.1033401174,0.0012216707,-0.001149152,0.0041818027,0.0034948821,-0.0025799665,0.0012706733,-0.0014346506,0.0034906324,-0.0038996883,-0.006678612,-0.0020901582,-0.0040238895,-0.0002643814,0.0052085222,-0.0008436889,0.0017727048,-0.0081880534,0.0028295987,-0.0009613471,-0.0014808428,0.0032655227,-0.0047166349,-0.0001222233,0.0029351267,0.0046768411,-0.0023923813,-0.0002828439,0.0009636655,-0.0060487744,0.0009772649,-0.0041266571,0.0160104546,0.0040317711,0.0093947292,-0.0022345502,-0.0105939148,-0.007445273,0.0044618428,0.007021402,0.0009125214,0.0005692134,0.0080190049,-0.000999626,-0.0051385015,-0.0052769496,-0.022119686,-0.004354678,0.0126120207,-0.0031530631,0.0037602671,0.0070089867,0.0096236551,-0.0085135735,-0.000273041,0.0059758805,-0.000224964,-0.0032739313,0.0052394216,-0.002408883,0.0056270383,-0.0048120198,0.0019863538,-0.0007142444,0.1433711799,-0.0046669225,-0.0155262584,-0.0017751982,0.0045104511,-0.0009461217,0.0051806069,0.0066227758,0.0040273657,-0.0068443421,-0.0013185054,-0.0019993758,0.0093754955,0.0024149451,0.0043132466,-0.0025452055,0.0064169941,-0.0017191665,0.0008919055,0.012506935,-0.0027943263,0.0012127269,0.0095213042,-0.0076515656,0.0045018461,-0.0030796509,0.0016127238,-0.0000178098,-0.0055509832,0.0054905663,-0.00413451,0.0019771546,0.1556095254,0.0029916931,0.0089165772,0.0057696949,-0.0010837799,0.009816987,-0.0067102818,-0.0028083343,0.0013947596,-0.0023343949,-0.003487151,0.0048765933,0.0091226345,0.0004839669,0.0031875413,0.0076195146,0.0012813541,0.0032742743,-0.001891969,0.004336511,-0.0090344406,0.0018786754,-0.0001094211,0.0050558666,-0.0062348584,0.0041580506,-0.0001258391,0.0013036238,-0.0042761756,-0.0019864093,-0.0046788595,-0.006253087,0.1442303684,0.003042348,0.0055751268,-0.0043689426,-0.0062429496,0.0040327498,-0.0004230138,-0.0034785169,0.0069022471,-0.0038648829,-0.003747318,-0.0018762029,0.0016265325,-0.0060452704,-0.0021376357,0.0094024928,-0.0018394139,0.0079177632,0.0000784149,-0.0015267998,0.0036158208,0.0008234214,-0.0025691471,0.0042023141,0.0010752835,0.0005477501,-0.0024256406,-0.0050597166,-0.000535587,0.0071339872,0.0011809404,0.0008207982,0.0014490585,-0.001663523,0.0019712276,-0.0027772699,-0.0051749275,0.0050185807,0.0046818408,-0.0022939344,0.0005920561,-0.0057494395,-0.001053495,-0.0000468989,-0.0018893115,-0.0001980773,-0.0007748441,-0.001308695,-0.0139513157,0.0050947336,0.0022527486,-0.00779885,-0.0037078657,0.0012073864,-0.0004806425,0.0044356567,0.005225254,-0.0048823222,0.0048249627,0.0000959278,0.0011367852,0.005778135,-0.000317405,-0.0017001873,0.1003355457,-0.0020693084,-0.0048985574,-0.0009704543,0.0078822682,-0.0005696409,0.0178187957,0.0015569348,0.0004154397,0.0092137145,0.0042877708,-0.0058699894,-0.0001612664,-0.0012468525,-0.0061378202,0.0059244404,-0.00265885,0.0089101925,0.0036716031,0.0097273558,-0.0006702719,0.0108891154,0.006890864,-0.0049171477,-0.012168607,-0.0003160694,0.0072367167,-0.0000979635,0.0035036889,-0.0054713824,0.0037304342,0.0080312061,0.2106684786,0.0070986561,0.0032701196,-0.0002198464,-0.0017703897,-0.0060406563,0.0082995817,-0.0021370325,0.0037037389,0.002584981,0.0049122558,0.0070847346,-0.0023029109,-0.004166826,-0.006000754,-0.0108155427,0.0017267213,0.0055531811,-0.0008210417,-0.0149984021,0.0008768518,-0.0121173155,0.0063594268,0.0015955716,0.0003493439,-0.0001132278,-0.0029619201,-0.0154041331,-0.0084223389,-0.0013652073,-0.0021131726,-0.0071578923,0.0736991031,7281.6147186416,-0.5938976984,7510.0786147598,-6.5211468194,-523.9257965682,-0.0733863515,1949.9328977457,1588.3378398006,-1.6736446392,-8252.0274735775,-0.0928002434,102.8889712881,5128.1493284048,-2447.2170727954,-0.358691797,-0.0253261039,7584.1985251747,0.4221077748,-2.9506048954,0.1543680737,30.6014037914,-5163.1254359162,-9865.5710774973,0.9319162905,-10169.6698602735,0.1686091933,8539.1018449402,-0.5076042413,0.7318457106,-1849.8007674302,1.1002967939,-8001.6468826711,0.607868509,12885.332542634,0.3685186694,-13530.6508152202,1630.3004236023,0.7555531121,-18346.4860792711,-0.7197082572,0.2815206567,0.1299840774,-3386.1239334825,-7362.0991288088,0.8798925861,1.0788087147,0.1123854925,-535.9959912462,-0.2274109139,-3861.6035713928,0.1353146005,-4411.1781639618,1370.0574156319,-25437.0358772704,15817.5717562135,-4389.6602171927,-3322.3076771013,-5822.4976330251,-6516.4168206724,2281.1654273651,6207.9671725372,2675.1971968856,840.0230303292,10464.8315298603,-14785.9824205569,-2836.4710136102,10073.5138745533,3416.4917383832,-31718.5390618326,-1047.7842521247,-582.3702819301,-10998.7011614317,-438.9437948779,-6478.2567386701,4831.9155197941,-3480.5274968635,-15952.8215047068,-4556.6466578721,-0.9286688719,-3961.8593166641,6432.5383890732,-8722.667493517,-762.8487013683,535.652150365,13878.9014317078,0.1070795898,0.3904533083,1051.0439461107,-2.5062868478,0.7795972277,-0.4375003298,-3113.7288941614,0.1691112336,-2311.0731700413,-0.3829183185,-1338.3428938533,6202.5974076552,0.8640721853,13.5270829339,5874.3914746693,0.6417811663,-0.8889172012,300.5136751771,-5650.6996610376,-0.4808775107,0.459939568,-3596.6452287563,-4.4766100399,0.6675296859,-5639.6999305705,-3211.4834306622,0.1643144312,-4762.029405603,4029.0950277985,-25878.4504479159,8983.6512942185,0.3646072332,466.5550548159,-0.523827254,-0.283893809,-9602.5159629198,-10992.0690419587,-3507.0362558639,0.0171402361,15518.7919170222,-2493.8130825407,-0.2092582961,-0.6786869988,0.0386653823,437.6039978513,-1505.7385405074,-1.1421005295,0.1181141604,-11.9897784625,0.6420253912,1692.8390885397,66.6762077415,-12.3268649735,-6567.4189718023,-1683.7775811791,2656.7781345573,3493.1776466686,-6350.7414784579,-3072.9338195819,14223.8225374213,30.8086243931,8817.0579788302,6096.7841324543,2.4053316117,-1980.5560757348,2058.3776163069,-11743.8249538093,-3963.2139506423,-8747.7989288531,367.8556299693,-1310.8180395398,19716.7406608056,-1011.3792740191,7051.0135257123,12712.3547371417,8640.2552277871,-3261.7144000118,-5382.3364412111,-2110.4854395792,-21100.0003522649,906.5480470278,-6962.9581258089,0.6629020252,-1797.8392824682,-24.2222636049,-156.0842308798,1715.8226370854,-6569.3698412661,-0.3841602477,-0.0495582675,9816.5182016869,0.0236332292,-0.0389201453,-24.2627534822,0.6537401441,0.2045505794,-2619.5348172606,-6568.9487686909,0.7028494885,25434.8205183036,13251.6661671506,-2.774801084,8450.6270926072,615.1704968208,3084.1013712671,-0.2264143199,9807.5247502266,-0.3785209891,-0.2963174925,0.2225895475,-14779.7285135314,0.7799310539,332.6078752236,-0.250681172,-26744.0324870572,26.2701013277,-1694.5142541102,12757.6072304008,-5385.3852309475,-0.4166112211,-2059.4914441622,3537.8702443449,-0.4848136084,0.0593219938,-4112.4375708994,0.8987182541,-7114.9614997013,-0.8383244114,-0.258311994,-0.3276757008,-0.6147465187,0.3287229664,4089.092968162,-1228.1511138534,19582.7582597787,-225.9932531421,-5064.9850530282,-5203.1934737749,-13438.8643697841,13397.3657473894,-967.5482625316,-3291.1556889147,-7783.0809962723,-11.4758861917,-3279.5191117814,0.4135840489,5364.5228902862,-1437.5753678015,-4059.472571872,1227.4275609663,10961.6938389338,-10279.7690083267,-682.7197135605,-0.0179427355,-4755.2728393475,-421.0849280418,-3969.7734737565,-7.6381346282,3422.2274140385,-138.9564959562,-5181.4681367121,2586.9682900686,1745.0696565586,-729.1947040926,5719.4391249076,-0.8036942225,-0.0276387034,2221.2444560565,-0.7893391358,4896.1984811312,0.6120277827,0.5227246967,-1403.4851975035,-25975.9298532541,-0.370785116,-11880.6087656996,0.9456641795,-2001.9515797037,0.3623963675,4896.440386755,0.4967419462,0.2917621032,1992.1089873427,1.0549320431,0.50805709,-0.6507064443,-0.7990243251,-6309.6577694633,1936.2242109041,0.822455241,-0.6802819601,0.4304055589,-0.0516583189,0.5388389083,0.2825415612,-0.797005207,6510.048010567,-1408.9979180559,479.500593114,0.3365505197,-887.2203795277,0.4223015901,0.5131661378,4707.5849123492,1.0817877971,-13.650352988,-0.308347543,0.1162548756,-19655.9243411755,7712.0898254673,0.2131082169,-0.7048062613,-2240.4455966943,-3722.2915621384,4324.3948776649,180.7341560064,-27.9127205187,0.3043245408,-2027.3220766906,3293.5468063238,2120.1462567419,-11507.4431192529,3152.5614345055,-2946.8938745138,-6079.5992318005,-11446.8591651194,-13383.5349985579,-583.8064607787,3650.6705926963,-6739.7154099773,4492.5842141464,-2861.1395272811,5.8481336017,255.7731737662,-1216.4805054027,4143.6456167952,-0.537146208,2985.0162129449,4648.7608312426,-767.4306118689,620.2197544631,3229.9706764281,358.2525313772,13409.9426471464,-0.7221012354,15278.6176792648,-0.9876898061,1.0312192626,-0.2721501277,444.994589736,-0.2757519365,-691.4148733,0.5617472869,0.9946403159,-0.3170906723,-0.1474963108,-1.0110447026,0.6434749179,-0.6219173902,-11.178278428,0.8119590812,-690.5865655965,0.0742073176,1241.6502619069,-3096.178128742,1042.8241869312,0.7943989458,0.2961868522,1180.5903303919,1430.0336623378,-2530.2540097168,-1.9089745661,-1.3905142116,-0.1527126868,-69.1184485673,-1905.6770011397,8.3026948429,0.8028120377,-12077.3311829961,-0.4632462328,-30.068914983,-17.8128340008,-0.1083034973,-1533.4262885952,1.7509105941,0.6169667382,0.1950846874,0.6109965232,-1.1865589786,-0.9581174521,-1851.4713540322,0.4074504074,-0.4624583296,0.1939355324,4919.8398802575,1501.6866532085,1024.3208854266,152.4442891646,8639.731392894,1375.9556646896,-3782.0265941456,-4591.7597336551,-6481.7989562907,1673.1736964174,-1477.9186922693,-4981.480414227,-3044.4410305875,-1081.5542998544,-2773.7724102213,146.372563243,-2877.7196446119,-2811.6011978586,-49.7258600679,3225.7879751555,5617.3251518353,-3154.0725317448,5639.9903925503,1133.9259755941,3169.2674014812,-12323.2876033129,-6586.2557254178,-5178.0185223976,2076.9284432311,-479.2859308788,-831.2589615029,-1355.8516125524,-1014.455510958,-2276.2625645609,1309.2145808999,-22111.1483514881,-1130.2418229196,379.5820143836,-0.6288395364,1682.0010874986,0.3917155254,0.8311965202,0.6985142306,-0.4647861964,792.8146855922,-1.3057716961,-0.121123786,1.0866156116,2665.7861164229,1680.7464091534,0.7420099087,0.648454195,1665.6545145148,14059.9673459014,-2046.7403060403,4539.9365921617,23.3613708386,15261.7309842863,-9.5931280883,-0.2577059732,-574.9787205028,-4962.0921200395,-1.8812268719,-6393.3288272538,-0.5565816629,-0.4328049674,126.8086894854,-6013.5301798429,0.2875720643
   2600.339111167,-10492.0147190293,21012.4886918711,-0.1286273423,0.0425015453,21508.6684800451,-0.2837870753,78.5440741147,0.0266612445,2673.3508200194,32217.3495319869,0.371772457,0.2871547386,-2819.7902304712,7.2996233425,2170.8525799721,-2567.0621944211,3654.4291892094,3561.9335362833,-5495.636035444,-5586.2763347373,-4949.4854759069,8568.4071493951,9743.6827463546,170.1457856288,9304.7499292778,-322.6347979208,-838.5894428672,-3487.0605925904,-2551.350459912,-1650.8932055247,-1586.9098257775,0.4937261944,6483.387725632,-6116.9528712974,3804.8408689197,-1289.54445831,1917.2844219203,-2578.9827201097,1.5631995099,7125.7114034074,-1226.1753278003,-6150.8709277369,4610.7611325711,-0.8978184416,-2387.2133424123,-0.7809689204,-2307.2272891345,-1.1581991235,0.9364479112,-1.4070005622,0.3552284672,-2861.9874106444,0.2635656144,0.3787913555,-1941.936615911,-0.126086682,0.149962525,0.1462578463,0.2964879459,-1714.4946398545,2.4626043767,-2860.7246129106,11446.6250555131,-5390.266116087,-8305.376590054,3562.1080603998,-14484.1849534386,365.2686712416,5.7514132848,15923.3569266014,9.6731175563,-7418.5056583703,-0.4826195011,0.4708242522,2170.6408857822,-1278.8812871866,1.0594189983,-0.1293970419,6694.8637427248,-6.704714636,-57.0117942777,0.1189431879,24.5862999482,5253.3023887136,-0.3445282755,-1.2893292988,-0.7842566041,-1.0104929464,1566.3595217183,-0.1105520561,-156.6048016082,3550.8351746065,-64.7722037156,0.6079790024,-11.3836080099,-2386.2064902465,-1487.9369956444,-3014.1599958119,12671.342677912,-7532.1990070813,-1818.314830356,-5576.3457641295,-4040.1168920559,3078.8516513844,8848.8557128191,-12679.880744813,3582.6191461066,5813.9951526719,94.5520492294,212.7951708375,3217.154582712,1353.372363675,816.8493766434,-2607.0170371789,583.6806411778,11008.9678130705,-224.1283196798,846.5541357106,-6531.8461441553,-2427.8744593399,-8350.3101942729,-4867.0199544478,-3299.7346705481,-6368.6710676982,-4003.8235978862,-1545.3241500859,-7002.1707273041,0.1536837343,-1228.1545060812,-1.1553886881,938.8997851529,3504.3950525078,4136.2220224033,-3023.8418853571,-845.6241985263,0.6060537442,0.4739029685,1.1638630438,-0.6335689281,-0.9224395303,0.6137570613,1.1091687528,-1.2267195541,-3024.9511425803,2537.8521040189,-4944.8258776953,5.8928930907,366.3803464822,-1753.2906575725,-0.6723513523,-1348.1583739541,0.8072008064,-0.584324824,3237.0001951318,9.3781238765,0.95295746,-71.1491048048,0.4442766465,5736.337169098,0.1400366242,-16451.8194406647,1718.3604642333,-0.8298068425,1.1886780243,-13414.8398528414,-0.8381194638,1.2073400603,0.021701265,461.2674293105,536.5274553133,-1361.4143230213,8.573229357,-891.6749213872,-0.8849148358,-0.5893954196,-12.4972613489,-3592.2069259343,-7848.598608924,817.0311108072,-9123.331188765,-13673.636438913,3750.95199678,-4831.724547441,-3649.9857474659,1522.4929291102,-4552.1801579533,-1238.8578137472,3857.7852559692,20.0771866678,16261.2512393322,377.289982417,-0.8294339905,-4573.4814363801,-3841.0355991596,6979.2070530032,-8755.2678635228,-6161.1014787965,541.2938840661,12.4532132558,310.2859877484,1697.7046692691,7510.3599273846,7266.5110082946,3956.2775631279,14737.9291347615,-939.5510042936,4843.2489121316,33.1453411845,848.968423569,-0.6172351679,2224.2881522833,-1.0588866681,12803.177891949,6428.941351954,0.3621021993,-0.8052803247,-0.2739296928,-0.6011202233,-0.7456507053,-0.0258544996,-0.720961206,-0.4800963327,0.273927602,1305.5872370749,83.1259021019,0.3489165438,-0.3011016327,-6014.2421794205,0.283934942,27945.2217921118,-1.0013032002,-263.708552466,-4554.0604605542,0.2748125206,-207.4176683469,-0.2750458136,-12434.8077282753,0.4166690777,1318.4432709973,-4.0985240884,-745.3152098079,0.9129614908,2922.2117723421,9354.4861753866,-1876.3184604347,-0.7281339882,0.507348636,-0.1032840497,0.4962049732,-0.6428768305,-2280.032805482,-0.9166803436,-0.2967403986,-6143.7989263076,12320.7979691964,-4636.98845178,-236.1824887994,-48.7859926915,-2.5724294045,7.5875429313,-2458.2788708054,-2134.9838518519,4085.3388715838,14424.2349845013,-1992.1253310264,-14929.588693753,114.3941311351,-244.049246929,-2694.2381763925,-5841.3924709733,-1.2484543956,4076.6411270208,-1527.0329550679,2972.8882228168,-3849.502452885,-4272.1988180649,-3367.5743754449,171.4732216754,2653.256424775,-1.7563414537,-6422.1219904085,0.5999385684,-12380.5294020638,18391.5500010941,-75.6949781463,3206.2413934791,-404.6745842197,10296.139378656,-1324.2483156294,-992.2653311375,482.477706102,-123.3370427369,-1.2147410581,-0.535012669,3.2259873726,221.648673016,-0.5267874013,0.8113168834,3248.7196596024,0.3902410064,-1.2560623626,8215.1740715185,-2.7707501895,-0.2689048169,-0.3443375572,9475.5747828897,0.6173237911,-0.499974989,3.2077810973,-815.6273864762,-961.129649546,7557.006139246,-1.1687919233,0.2259075927,37.4109584896,-0.4161001133,-27.4985778948,-2461.284413337,0.0618329445,1192.5108198853,0.145358512,1389.7127470606,-9379.31106236,0.7321864081,-845.1066607774,-0.039178584,-13930.8126666065,-0.208578662,0.5181148895,-0.2729311311,-764.361058064,-0.2224550078,0.748437651,1390.953464367,0.2635654582,-9233.4496593584,264.2060228971,-301.1320106697,14852.493605542,-3.3752222943,-197.7163164054,-1127.5265215052,3798.5549819457,-8259.4976222415,-1.3193803116,-6399.7898003454,-5416.6065162819,5762.4409785576,2074.471454331,-13186.2348899278,3630.3419738011,6.6334490978,-316.9651630255,-8577.7057003096,-3913.526148242,2662.9099443378,2085.7481281115,0.1995137958,15835.0990777719,4337.41694591,-3725.2843934213,3140.4887364889,-11479.1536629548,-7835.6880959252,8356.2303677292,-7036.3941130824,-9670.5003893564,3547.4101606049,96.9984434212,-4510.0494952025,-1270.0637602638,-0.616597036,-330.8583084393,299.4511367599,-0.9386382139,9355.0359830037,-2.2225484655,-124.8149112878,-0.2023891692,5694.76835995,1766.3835742314,-0.7831262756,-6520.9284226967,-0.1540386302,2.5744605985,0.1597552005,-0.8647335317,-13.0449252433,2739.7691813554,5693.6637113315,-0.4104581796,-0.670093234,-5028.5942895568,-0.9189227766,-1.1801041173,-4520.2526986222,-7.0743385876,-0.5671195651,-19681.4779723215,-0.3773666098,-0.8245751227,2927.1171157962,-2.180002688,4033.7039857097,-76.0921081408,0.843869748,-4829.1256968262,-0.7744194289,-131.4580502218,-3432.4694872166,18295.9577559912,-5.2669991304,0.214031089,2561.9574284912,-2279.0774847666,-2.4793437612,-0.1810145741,-6.9180274543,-9016.8176567201,-494.4053035146,-0.5327917646,-0.3393056812,320.9749898478,239.6858334962,7591.6569054947,-1954.3560909431,17618.8703837248,-1025.4631765341,-5485.9975464979,5972.9054387288,-11601.2439131381,18887.4395151353,-3531.9701039258,3.0224680928,3076.588143653,-1863.4839217386,-2911.8912200291,4070.2163663935,1591.382751286,-1615.1933788711,-10091.574920915,2.0324717802,-1059.455008254,-5.5838951396,-4095.7279346035,-4294.0405884567,-16114.3443057079,-2742.1852976008,661.8537366657,-14516.801410114,-3444.7062726068,-2952.4592347327,296.0924205904,-0.6834799337,-46.4851260811,-417.9686322423,-921.2184465132,9925.2179220715,-7143.6109394191,-1664.1410270454,3344.3207753336,0.6959351835,-5645.1554348439,0.0478590448,-1935.0992601469,-0.513297562,1.8992135712,0.734637815,-0.8835603971,-0.5657340684,1711.7936684931,0.9003709177,374.3109723504,22.2804160127,1176.4420073776,-3301.0077408623,0.4086219973,-0.5254029175,0.2460890399,-0.4939597608,2.6039800429,0.5088199007,7602.880103369,-14.2736799834,-0.356265498,-0.6107749971,-6748.9653955519,0.7309045132,3220.7604847901,-0.9740414307,5763.0021516514,-0.7835767995,0.0013512662,1.0154506685,510.0393917556,17447.9707154248,1.2824562435,3106.1382951136,-3201.9376321625,18857.572202317,15327.9275135732,5974.9681874318,-1.1651308485,0.2223972507,-9519.4728874506,7256.6317174945,-493.4895780819,-5548.4358442179,-7598.3516901684,1133.6367556385,-15833.7007547595,-1468.0386492749,4077.9207754514,-2190.6854307546,-2824.7196766778,-1647.3966325663,-1.2422502462,-13999.3725528316,244.9128571877,-1160.6882755665,3692.4019717447,0.3873937817,6310.2537003548,2585.5291053078,-63.3050305469,13.9503683813,-2526.251792863,-8525.6098531362,1880.4634714717,5474.828918081,-281.1794204328,-3954.5504268209,-5480.7745880518,1882.2941428736,4283.4573808432,-10245.5541140698,276.9315726384,-11366.7895749595,12272.6412783235,-8306.3155715081,0.2036163109,-1606.2368544523,0.3434104834,-1.0616165178,-0.9084592693,-0.2650137036,0.8467921338,-0.6082216802,14577.2677715116,-0.2398914365,0.1779134524,894.0596373207,0.2832246772,-1.5057986973,5299.6890371373,23294.8700384939,-1806.0112026208,-1.5339063207,-0.0446604562,1.0018048659,-0.293434528,3.3535968093,0.7951105041,-0.0162987118,0.1407620381,0.5550540651,-4.1853114766,0.1698170631,-160.3979718899,0.1243192679,4893.0568230083,373.5386114287,172.2276008616,-0.002295858,-0.2163323138,0.0004443986,-664.5617371557,-1970.0431883782,1829.9182017567,-0.5424767774,-1341.2604176132,0.3163448573,1608.7752761842,3894.836453275,-0.5531215178,3.1250631487,-10970.6391259154,4299.5601292413,-474.205785007,12309.4246637785,5363.43296875,-1040.0197206696,-398.5592617808,-17603.5513878294,4407.4799420989,-14.9001904116,9994.5086799112,-16792.8350175451,-257.5711983071,-975.6232577939,-1562.5191499269,16083.5079834617,-12510.043356836,6961.5498942612,3553.2448028736,4719.1693752198,5.7605986825,-939.0860711981,-360.9145609706,-6315.2155756912,-1594.034955113,-801.2933434669,-6228.5076162118,3406.830783953,3.8111832132,-1.7656427807,15161.3695237903,-517.4132213618,5226.4298271586,-1462.7262085681,27480.1155491271,-2854.7397299258,-0.6344279617,-5103.4321796382,1842.5180462632,-22.0842377654,-0.4408149807,-0.0239842363,-0.2389393124,-25855.3253497657,0.6825066528,-0.6678828317,0.8773101266,-1.0937530831,-0.3997146195,-22.3128474749,0.9086225687,0.4532687362,-0.9627894972,-0.1088267691,-3213.9499894388,-555.5532460611,-94.8803302733,-431.6069237966,16725.3697679114,-8470.3306898795,0.4054793794,0.0902191793,-0.4202776083,-0.5203295763,-8084.2589200459,0.9235820026,2435.9852072464,13721.3446677485,8042.7375027342,5017.7450549423,-955.0714192331,56.2807542952,7954.4515634766,-0.3683944188,1660.1646964956,-9040.6077936104,-7696.6386354986,8.9263211875,295.9104379337,33.2551685779,-1782.6443865326,0.2643939232,-2097.364536198,-14438.3121245757,6002.1737053912,-4249.998105432,-7673.1829621775,-948.7002693479,10627.4874563047,-2249.8648754628,-1152.9387597571,6072.105050597,136.846055265,5805.0109350907,2073.796193091,-8000.3542300906,-193.700653096,-5234.2654625285,5235.2879683318,6217.2060500533,3.910130867,1805.212981202,0.9169372642,1507.2426634845,-5033.3797339025,416.9042978902,-2677.3382456113,-175.1250305738,-4562.9814917657,947.6451299623,3478.0963112763,5200.0883223407,9426.357325901,0.3954439055,-211.2483517744,1770.6991651253,-1700.1585818743,0.5158133824,-59.0485724708,-0.8429300312,0.587332452,0.7508338594,-0.2645080797,-0.0293808987,-164.141977073,-8664.9511005994,-5684.5755488886,0.5916435382,0.9687837697,-6863.9368495796,8333.0312980431,-0.0866725353,-560.8364885642,0.4074852178,1991.2807857521,-687.6649745833,0.3844376257,742.058087693,-7024.7927071214,-19881.243761137,0.2035439922,-0.9673540898,-0.5302522619,-1.7931520723,-0.08003669,0.6693131284,14942.3777331948,0.9944003556,5619.6220738197,-3.0564335567,-3483.4124430374,240.388157401,-1.4720119403,-0.70356844,-0.858656448,416.5312441971,0.8026975872,-15199.8608145532,-0.9742501685,-0.7396353089,1743.206718842,-1.7201097523,0.7214000726,-1.029179192,-1999.1156260583,-1646.2795889198,-6147.0445160722,1590.8351249135,3437.4493445871,5684.5083825686,3658.3373664979,-13235.8178917165,2.182470911,977.155320615,12629.5059345835,-8086.8735477244,-8231.7792242945,-22724.3211615428,4648.2306673034,498.6019257806,1588.9669782632,-2249.5526032043,4315.1151881444,2263.4215232524,84.6314001268,1939.5994262999,-544.1175769359,-4454.0737029463,5141.4095282045,810.1808833309,-6730.7704349074,1178.743117749,-8222.8151782719,2946.392913274,6948.4889958438,9.333251647,-0.6346494577,-0.7143150298,-768.2237558077,0.0750676806,0.8392337222,2842.4348007625,8986.2953239855,2590.9496412938,-0.5244773518,0.7362909937,25.9328511189,25540.4618891042,-0.0116900553,1.0050578653,0.8012664332,-0.6125152926,-1042.7939285987,2591.8411489179,-1.1180704568,739.6381570732,-1559.2540698297,6306.7184530891,-0.5138648012,0.8020082649,0.3459816236,3258.7302132777,720.0424948718,0.3066036484,-700.8375565923,0.6918404836,0.3202268171,0.2338679585,-0.3311501827,0.4281677716,-6331.4766056452,0.1957008021,-4734.2103675151,0.5307535923,0.0614917562,1.0779129035,-846.6064745314,-7540.0913622677,-4198.0218400207,1.237855555,1.5739288891,61.6413552454,1741.1525260182,-3.1175964197,0.7100947662,-0.5607630199,1906.472505854,-732.8049400774,2991.7794143479,1016.1433815778,-3524.8499646748,1054.9546564041,17810.6994833772,5095.7711139325,-1590.3809914016,6296.5583147841,-9018.3404349896,-1471.4249766269,2730.3932400141,475.9571970967,1385.9781640403,1118.7913029259,6695.1239092058,905.062893864,-292.886958255,7626.4196536739,3564.4139197456,1946.7115035599,13642.7937736697,-5559.2332046341,-7410.8176964749,7816.981584787,-9746.28285359,-1786.8607504604,11323.9372978184,3952.4921738759,8664.5508127332,-8540.4837572467,-7807.4724402219,-1029.6870000067,933.0548640508,-0.745262442,-0.5728126738,55.4055527698,25767.6684991809,1623.8805146939,836.450712858,0.0816745144,-18057.9996872746,-5448.5500772008,1934.2313253837,-0.3995845067,0.4787556909,-11.5904574109,0.6269451207,1623.5935755954,-1.8631968097,21172.2788993614,0.2932982175,9004.9420049791,-2924.9649764836,2.8404713121,-0.3135402837,-6340.4040036824,-25.3542867901,-0.8431657774,-2081.583602909,911.5336658362,60.2572235297,-0.3823360132,11169.960778488,0.8111040438,-9871.9354018069,-392.9944471348,-2620.1013529792,0.853400841,-0.446730786,-0.3944852978,-23817.8793269081,-4176.9353153806,0.540583143,-3728.5109379037,-1570.3804923762,-0.7949605504,-5074.7055391579,-0.2275850439,0.1671429237,2.8143409558,6619.4705041354,18969.9360244375,4001.1309575743,-1509.3819082263,3187.0057086476,6095.2728138872,4839.9490466895,15562.5991745594,2401.9104843598,-2115.7094077326,-11197.7814389773,69.2788095992,-8.5231335264,6529.8941862962,-1195.286370549,-2742.6371742296,7958.6767453712,-2105.6966695275,-4611.8250037265,-0.7486629928,-6153.5778859257,3695.1221664032,3021.5057993164,7421.0676287915,2333.6414493844,1614.541073567,-8105.0543555081,10851.4188247286,132.0992925103,-1786.9291047211,1802.3765707019,-5226.6919244691,2407.4785087529,-1.7100490127,20.4748471479,-6599.8697449479,1726.4724437313,-827.4697616709,-1004.3739138582,15527.3830993452,-0.0559408132,0.4978870144,-0.0589522005,1289.4139497172,187.0620737232,-3.8037998714,-0.8226525643,-1.0898916993,5388.6901273717,15526.9666996336,-1.4537733185,320.4139192359,6.1208070176,4913.8067521745,0.1916070496,3084.5994222457,-2510.700661301,-0.96987273,-0.6069217554,0.6281788846,-0.5948196875,-18180.6407304691,-0.7010317998,-27865.6033272215,0.495735701,-0.9120088927,3795.6420026945,0.8689858789,701.5809175059,-0.5303698016,-8158.2012415479,-17.6427431168,-22822.9135989106,-0.0944978368,-3470.250023562,0.7397127077,5577.6728557858,-9349.2505074705,-1681.3319423691,4462.5768004845,-0.3917713138,0.7237269805,-1355.5715578364,10484.6991514495,-4522.8460341745,-11494.4846553461,9311.9663469761,478.3498526546,-5027.8986775376,-10225.5461291032,13.6861808205,2570.0255427135,-793.7699969703,-1098.8484643258,6.1860954395,-2958.1595855133,7945.3516439011,0.7448509914,-2428.7091813411,2223.4398820768,9307.6016682035,-20066.036839108,-1792.6960420369,-17223.4199259416,-21592.6243258846,-7.1508076205,-328.9758878478,-1969.2752998122,1599.6763631311,6110.2023050134,-16013.9487145141,9080.3376226654,30.4391352714,7310.7642028989,-5976.9277211585,-4036.7046556928,-22065.4224897236,0.1411316877,0.7502690087,-949.0164327871,9250.2625549334,8.8983533761,4098.7608548666,0.7590729981,0.1043553053,81.5427293157,1.185893198,0.0152507209,0.4065001897,-10065.7789270551,-0.1016596995,8.0554168866,10834.6989903464,-2589.6907774398,3439.2026221095,951.4123657514,-0.1970000875,4469.0748184877,2034.9012723351,-10593.3566409445,-2045.9969162918,-0.3019120536,9201.1576241886,-3834.789928107,785.3213235764,-0.8303260684,20310.7883231347,-0.3105130622,-5058.1064450459,-6614.7107091298,-3475.3160542984,-0.6492895408,-0.2376489004,9328.9513085545,0.8407253933,0.9974964873,-3070.7544185224,-0.6037591946,123.4853183357,2030.0625169407,2225.9325266434,3691.361087805,-0.0948405151,-0.5338488795,13370.5976789605,4255.7574594332,-3409.1061116149,34.941538538,5083.9572805726,3352.5554100989,18405.4185344337,-10.3871442687,-1834.8907715193,-157.5955480869,-12915.3678853439,2.2035029702,-5952.615541591,6247.6025202576,-4989.6451274878,-718.9386439747,2042.2268600634,3693.4518915006,7817.5217648399,-921.3309427304,1450.6742056588,1463.3895026734,-2844.3206565753,7198.1116234193,-2112.0920519657,-3847.896410982,1521.5550268891,12542.9592439734,-2360.5899140234,5214.7211698886,-15616.0309199202,-7425.5651100986,-1119.8189058786,2.1943147144,-177.4019814002,-0.0019379437,9.1271364205,1825.3196937689,-18246.6365651571,-11515.888391675,1858.3097202987,-0.4697320768,-114.0176732497,-1751.8571389407,-0.595380855,-1.5763063759,0.0556009183,5.0598864877,4.3033302865,-11515.3261375274,3356.1732177171,-27508.4996638163,0.8861747709,0.4714236465,-10.7226902643,1.308929882,89.6768383192,7303.6608176197,0.3088703326,2242.1770407458,949.5472772329,-0.2208108078,298.4150044492,-0.832554426,0.3741730174,-0.6026052646,9202.4478624419,-50.8441725925,-0.3882258573,0.1775825891,16932.7400193796,21.6160951221,-197.4545640827,-339.5268258157,0.0545602928,12.8103462171,-188.7377374356,-925.4937283074,-16393.8689137659,1101.8076143762,2.7943318699,-0.1454235634,9315.3905573754,-4980.7042677289,-863.4295389067,-9596.6504290026,173.8192757688,-5540.7375726925,-228.0262039592,-7294.1398716158,-3915.3403728025,2505.9937914296,-5940.4933387094,1870.3848859629,8589.8861454091,10358.7165393735,-379.0305664614,-0.5240236598,8078.4105142231,11066.6757371905,-2357.2127625086,-6687.7588602142,17500.6832665572,-2778.7693432907,1128.685699668,-1405.3087266094,1215.0117858608,-9740.3087431279,13381.6498480231,4183.8253453937,-2877.4098677201,1797.7075885292,6848.0349062956,16380.4579653172,1179.6007293212,378.3699421515,-3079.2598295272,-0.6392241393,-0.9310827553,-15235.5500830367,1385.0866557937,-1307.0316854385,-1047.6519098722,0.5796024865,0.0445666561,0.2032986739,-4444.4092079733,-1851.4132551605,-0.7132370706,-0.5014118538,-0.8895382837,-1308.1689681882,-0.5417477638,-721.0613520616,1.4795604205,12012.5771186321,-0.3056994827,0.7236854624,-10883.6386235218,-11560.6196400895,0.2600345934,0.2823192549,-0.6487801434,47.5132195061,-5397.6069288324,-8753.6469820765,-12058.8324533514,0.199381965,1123.8001934466,0.740295444,0.4945190391,16335.7611744825,-0.0467443809,-10185.5953346636,11296.872913048,-499.0232362192,6739.0392388152,-0.0682391104,2619.9905132618,-33.6535524987,7767.873177745,4498.7156146564,-698.6621375909,0.7681028824,7369.3741947944,2783.1747195132,17.9795950386,161.754314248,7901.2758217088,-3.6833732301,-2126.0039853511,6174.7322439529,-2076.9416707199,15939.6983196835,100.0090164233,-4847.7555932903,12232.8695269061,-2424.9980082741,-11477.3768827449,-1039.4801801038,-4142.9774480233,-0.6383098894,766.6083891275,-16771.7730097136,7511.1615529519,-4681.809542676,-6096.7907582293,1503.0533049004,5387.4063727127,-6056.0892351615,4673.5777393988,-6496.1244231278,-9302.2204469554,-105.9409205114,-7175.7261231922,7339.9326238935,-8163.7789183461,-2082.3450373453,-7349.5229825968,0.8489216428,-8669.4158122993,0.2141006575,540.250037259,5151.5286401596,0.7665082194,0.4512139702,0.4744968226,1.2103629333,-0.5269388695,-1824.4786153489,0.9913199646,-1350.3395693428,-12.9756193066,5150.6490270894,0.4108593104,1673.4446824084,9482.6569601139,3133.2215034104,2.1916110323,0.1770336986,6974.194051506,458.8636632468,-1319.657209312,-0.8953001594,0.2263940787,536.2958563225,-6841.5051283627,24.854713406,-8896.9625120329,0.0157832766,-14902.091806122,-2109.3760333539,-14485.711046501,1206.4939565194,0.1164397128,0.3438608007,-0.0121564673,0.368775887,-4.2433526008,1778.1692976713,-0.0633208823,-0.347929055,-7541.433764405,3487.4071492903,5124.144680348,-1.3292605565,-6071.2066123328,-5299.9460078145,-2981.2154223001,1311.7802503033,-323.7762542919,0.4258127666,13104.1499861872,-6255.4286454478,-6855.1661735228,6168.5288340117,0.7483517335,-1516.0261137865,-665.1587633768,1259.2852972317,1144.8454139997,5253.4476132003,-13173.5267349338,4350.5801815402,-1989.9045641224,-2330.9793556752,5278.8183455256,-6451.9380238688,-8650.1164236064,-6394.3485887782,-4444.6088547198,-494.5162270987,4687.8295602624,2991.8398403013,13.8903515852,1940.7141588372,533.0991486005,-11428.1444193802,-38.3948710503,-19.9491110626,-1086.2529387372,-0.5922115739,-0.2266961376,4755.3046037378,0.0810418963,-856.0977399929,-0.9886190644,0.7034105392,3723.7813842028,3896.454908464,0.2923700943,0.4587430808,0.2643095991,-0.9289002058,-640.5123984202,-857.3445463614,0.1912418691,2931.3076891974,0.9057862876,-0.0871709386,0.5695561459,0.5500580161,1084.3283776021,7588.4820264084,-1.0037966241,-1.0770955692,0.4522858477,0.2680286432,260.6555917244,-0.4479843899,-0.3780108289,-0.4536107575,3723.34388119,1360.9919455358,-4823.4343640652,-3081.0765962228,386.6530414186,-0.6153067396,0.6266527347,-3273.2597660302,-814.7852095197,0.2632104844,5.0188152422,741.2621950985,24060.9690941191,0.0970078908,-0.710871253,0.7700521649,-179.7861894653,-7606.9607452814,-7055.615241883,2687.317867363,6020.8649272645,272.2972858197,-4366.9112622642,3861.6978294985,3662.0845315694,2141.5322140313,-2674.9269875519,908.344864818,-9332.6588458758,-709.8399666916,-11017.5111028391,50.1270445141,2759.671915125,-1833.9538661789,10249.6215393653,4919.7748517712,73.3642704832,-16183.5830557496,3453.2410434122,-280.8947341006,-2729.8856587757,1895.9711808968,15499.0657139674,-4750.9043163522,-1487.0198081632,3180.0772065933,3559.491690728,-1.3459913065,4187.2278297169,35.0745477485,0.1799764006,-0.4909582463,-2489.0950441154,-2.1407312503,-14298.8595916877,1311.4787810682,-0.5049174396,0.3591859271,-1.2382217184,0.0690669678,0.0432617437,5111.75434821,0.7207439148,-15.3374010408,-1.121423731,1312.6041334503,-282.257889858,-47.9599617988,-21682.0701302183,-2158.0778984642,0.9257626366,-0.2295621206,3752.5989127721,1.1270010394,-0.0795497907,1184.1425483558,285.737382208,-196.4228016645,1530.7209804445,-0.2501571847,0.7491250458,-0.6326069182,-767.4788945486,-865.173479933,4467.7972718763,1.0495540475,3390.400136231,-6140.3903311521,-0.4575577163,-1.1624959564,0.5029366299,5945.9345439869,-4.5165986968,-1003.7461355167,-10001.8109240302,2105.2226997,0.634565319,13.2609388678,-1843.5252183457,-4.3365604077,-306.4733844036,-77.8242277328,573.2003522661,3821.8540349162,4801.1467015706,-11426.8495314596,13708.9241062272,-7679.3493554681,1486.8318445911,3471.2273005985,-1878.7053016721,8.6632723573,-3.6562712996,5816.3126335451,-6216.6186557696,-0.7870136848,14217.7011405658,3200.4268098573,2228.3326004129,-2240.905894184,-1934.3949812293,777.6850429143,5.5886428888,9076.9452888859,-811.3465280532,-2501.8013756298,0.5486705867,-2301.8566561297,483.5025066236,-970.088452863,1460.4568096449,1191.518370365,69.9615396231,4167.0842559858,1779.111445087,4210.0210608761,195.8349444743,7.0168004417,-2856.4922254618,-0.9802375722,-0.5197662817,4.4109359865,-0.4134007395,-8893.513197982,0.6274330364,1116.5074503614,24536.4631325034,7.8156524606,-1.488735934,0.4274684929,-11356.8247415857,-19.0196400592,-369.813160268,-2332.3482043993,-2408.9699586266,-64.7683689289,-16889.4058254901,-0.295706417,162.4693047104,-0.4433943483,0.6778784904,1.5103331896,3655.1893912523,0.311869398,2805.1187132683,-1303.9930869558,846.4797290308,0.4594267481,-1.5541870247,-3877.0811177639,-2.6594447953,26049.0739543806,3698.9362515606,-0.8059877845,-5895.6450178881,-7233.409597733,-11738.2700686256,-1301.6983669899,7960.9529568394,0.015441221,-3320.5525589443,2852.4047030857,-3176.4865175118,-674.7352487713,2983.0843199759,7623.063223268,-10.6407030267,4154.6557197315,5812.2385303997,-8200.4180304089,9778.5813418449,16848.808522397,-19.766277424,4619.4600173032,-751.052146406,-3.7015531715,6422.2934800573,5523.9843255907,6845.6155343101,-3664.3192216473,2242.1418948213,-20782.1157395146,1995.3262806336,-8650.9075643699,-262.376286175,-4144.918129106,-4383.0211745855,-13116.938702749,-4099.4053588665,6794.8432436057,5342.3099142558,3823.0123602636,15508.0157055723,-1.3186257762,3794.1140498732,-5.9982826226,-10819.4391975597,-670.9345006057,-0.6901569531,2.8998364834,0.4864149765,0.0962693341,-5906.1652056831,-8345.2934925106,132.9769891553,-0.5706407528,-0.2868814183,55.1929190068,1.2302923126,2.9008458101,1.5638369817,1274.2147438062,0.5007825026,5301.8749903619,-0.7441023423,0.9545444084,-2589.5157509075,-2879.7409392967,4423.250924155,-1265.8778734527,0.5037857471,-0.2111251113,-0.8684742191,-0.4212865788,124.1416438205,0.8462346858,16881.5451087511,-1717.2585215002,36.1212426584,21.8219687348,-133.1869620255,-1.2096342,3.0315958828,8959.0653036256,-0.9320375794,-2200.3207691363,-0.5692453317,-2207.7127227009,-5560.5584391456,66.1983850681,-531.3240755378,-0.3036463822,3021.2402112286,237.9034119644,-11881.2910127491,-2797.0580684226,10475.5021142613,2.610083175,-3640.6795919825,328.8179757038,6410.6274682485,4733.0614160878,2696.1002475506,-3101.4041019638,-9169.2458407287,-11483.4711749902,242.7602836139,-98.2623052917,6192.3292568515,8078.7015774325,3529.2640526598,9138.2500727775,1.1043530344,-8212.5671770748,17081.6391901873,-633.1888063765,-8685.0705880654,-20.5482852828,8535.0377929048,10581.5602873382,3533.7623926552,271.9056499481,108.6336829682,-689.5113050137,7257.1960705756,2547.2324206319,-215.8367121735,-1029.529762445,0.3181407701,11482.0607295583,2471.9757094798,-7711.8681904101,-25148.3138638762,0.4691954266,3865.323470497,0.2489606294,-0.7372311454,-10.3295109937,0.6186674678,-0.1631552118,0.9622247518,-7710.5312897304,6661.7839742232,2343.627839771,4532.1517202373,-4884.7102399999,-3.1741892443,-0.0118729634,-12545.0803664889,581.3190797286,1860.680109414,-5.3912788762,0.3541588892,-1.0634805722,-7295.1469854524,0.2341215801,-0.1477068583,-0.2208184469,-2517.4219766955,74.0516201653,0.0764154943,-0.1295491793,-15308.2207080765,-0.5530148394,-0.8814862115,-40.4054994515,0.046341514,-0.3289199212,-10903.4070232016,1648.2181941511,-530.20955004,-0.308257254,-4991.3867814662,-0.7387108626,5103.2838945526,-1741.0333052164,10.1921470991,-5248.788981078,2680.5916702103,962.1929324894,7341.3618482453,1015.629497978,-2773.5805378978,42.4449092007,-1365.1132761202,-10757.7916333073,2610.9482552329,4160.7849127621,350.7364277788,2981.0250947094,8342.7539175568,-8848.2293964427,-5281.5550779698,-1697.0369301671,-6540.103267209,1478.0255002517,-12558.7767164749,2484.1577314601,-5037.0119497221,-954.7043560452,1324.870631781,-2973.2120118549,1221.8789387542,-9769.630834552,-5796.4374535289,2015.587124461,-1580.1240258213,-1506.847558761,-2973.1890935152,-0.4390183032,-16.8628326492,-0.3958790365,-10799.9947066356,0.8159902891,-0.905054598,0.7468334682,6770.5067021127,0.7144791726,-6045.4156789516,-6761.7695035576,-0.6558505227,-3309.0524443701,-1119.7324147539,-0.8723153617,-9103.103365606,15346.3176462897,9259.0646534085,-732.9529494638,22915.4226845003,2040.3353615135,-0.1979459307,-0.9365862214,-1914.3004755104,8205.4453690018,6.6621714056,-0.7971917485,12660.305615147,333.7726062311,-11.8540324058,-0.9172924287,4768.6715862792,-28563.913159304,96.0016755869,0.0848083384,0.4842435937,-1.1385702623,15351.0572953627,2363.5564762512,-1.620370662,3614.5383743807,18.746000523,-0.7556268615,989.716354637,0.4288434485,-3044.5847507128,-1.0702250996,-14198.2090529695,-13514.6160645067,12906.8415195502,-7215.841121485,680.0219184819,10252.5880757565,10312.7260773749,1003.096791597,-5.8293036393,-3430.5549137906,2.7875238739,-3531.1696755567,-9625.6792273086,4208.3489426226,9016.9057000333,2991.7807501146,3548.6154136894,-54.8115996624,566.6533449307,-4061.3471685785,-2861.7306337849,1789.9395765641,0.6786983885,10235.8493167214,4431.4330171991,-9114.6353268422,-3422.8574186011,-0.7197892671,2882.7773590051,-248.8070680318,-839.5975280114,104.6010865429,0.4240432198,5440.8624095845,0.6962742089,-2969.1132829652,-79.3210215892,0.4176995449,-4375.2882339012,-1067.1283804525,-0.7608062678,0.5952835671,0.5148588142,0.2510364017,12774.1177759619,0.2936406178,0.2773430533,-3561.9419789862,1.1369164145,-1066.8794072787,2367.3151297365,15433.1153946377,-0.454234962,-0.3796727497,-0.3777704028,-0.547097175,1954.014631969,0.3717018303,0.1981297729,-6.0790262723,0.3076387854,-0.5242125998,5161.7543093503,0.6661347677,0.0436385562,0.335743841,19354.7010069416,-5.6756459164,899.6272651518,-0.0210650471,0.0940390259,0.0650174155,-824.2535289958,-602.4596848957,-0.3932579045,-1918.6141830256,-0.285231108,-0.9089934404,-3384.2564148162,119.8386890364,0.8906517659,-0.0856161146,10904.1661583232,-2225.4163946855,730.1675133794,-4131.3182869047,-827.5787594217,2828.6774315167,-4865.889104697,1384.7576153984,-44.2416830745,-10249.5062346046,7348.0110670365,-11434.1946711248,3015.1632406941,1935.9438862917,-149.7765048315,-855.4643821918,432.5253481993,1348.803599623,5001.4998277522,-3348.297522375,-1067.5498132735,4816.3006505875,-10162.0769579953,-178.4659950033,4876.4015109241,15600.0540846079,-3003.7804494978,-13948.7082386033,-1.0213460456,-296.6385056821,-1413.4876432313,6076.7587379569,-1236.2968330913,2255.6699978926,364.5753686247,-2.4904571094,-0.5628391022,-10389.5066201468,0.1182877788,0.9799855638,0.2184657922,-0.8882744301,2.6363428177,5.6474211422,-0.06946565,0.8192907832,-0.8319718274,9342.7266599331,-1505.6906425601,1.1063596008,9514.6819666085,4.525686096,-0.5041321323,-3.0685743326,-0.7763825416,-70.4973102528,-0.6628935317,-2276.5105731608,-0.9385094622,0.8110938392,-0.927974437,18011.6180600916,-914.5881189838,-0.42904812,2283.0453556137,0.063016284,-15275.1383157236,0.8542475824,-24.7699439715,3544.6514097999,7598.9954329733,-57.1547956206,4787.2455985898,-6017.3531067492,1513.3457640782,2.3755625932,68.6227897449,-1472.7843277279,-10425.0330153527,-0.6019376464,0.3860154331,-1.7047084269,6200.6187976869,340.093559671,5258.8599320763,-10911.6324221873,1415.3551786139,14962.095193607,-9910.8774278016,3937.7586220294,-1.7838696741,1986.3446212975,-4808.2993377358,6034.4180432344,1545.8626169097,12991.7931307592,-1163.54619635,-14923.5406100578,12576.1480994261,54.2306557276,4896.9374717013,5410.9842532685,0.8910779577,-2526.7141148355,17028.6527147015,-8352.9387374063,1061.9877223683,6266.183407349,11619.0804560309,-2160.0593514715,-2028.3815890583,360.4021144177,24.1156036345,-1483.2616895723,-384.5239898405,5.2529172431,1.804879534,0.3580850195,10249.2775873401,3105.8388396425,-167.4122387211,3394.6484899303,-0.3473255692,0.7894612423,-22580.2444018373,0.1636936319,0.2913347337,-5.1652872769,-0.7633568455,-18092.7880097983,903.9671397898,3395.3930518314,613.2076666216,-18609.3143194487,-5675.2869838867,27181.7370233594,-11365.7181025089,8060.1549065775,-8830.8938558386,-2.537512151,399.0110543339,3982.7912967321,-0.1585695125,88.1946110622,3756.8061526775,-1266.7611344811,-6573.9944240316,-0.5274012085,10463.927457366
   1764.2730393039,-0.1015111757,-0.3306569179,2773.5069594962,-5092.0424174735,-13578.4617851291,-9085.1647187144,-0.5878219027,797.3608508925,0.2159111685,-20169.2913930854,5359.8678145064,2259.3029132007,-9994.6526516615,0.2337185451,1663.2808686518,-0.954128923,-6442.7226439258,4124.5705889722,6643.0640374932,-15985.8654746146,-602.0244888516,-7785.741747336,1.8305719989,-7178.0018999509,5588.2434877702,319.8372354452,-6279.7084802037,-1756.9402304171,1463.9278135801,3812.2722110275,-90.54630808,122.6798324897,-10230.0834559449,3.2057977716,120.7339821335,-0.6382757905,158.9410071008,35.67382493,-13741.8530468997,-8151.0632175261,-2.3738420048,8790.3555608451,3311.960185308,1188.9402653885,9.8542810683
##end
biasActivation=0,1,1
[BASIC:ACTIVATION]
"org.encog.engine.network.activation.ActivationLinear"
"org.encog.engine.network.activation.ActivationLOG"
"org.encog.engine.network.activation.ActivationLOG"
