encog,BasicNetwork,java,3.3.0,1,1425320769592
[BASIC]
[BASIC:PARAMS]
[BASIC:NETWORK]
beginTraining=0
connectionLimit=0
contextTargetOffset=0,134,0
contextTargetSize=0,32,0
endTraining=2
hasContext=t
inputCount=50
layerCounts=50,33,83
layerFeedCounts=50,32,50
layerContextCount=0,0,32
layerIndex=0,50,83
output=0.1196035633,-0.4920956896,0.4960418395,-0.0154719742,-0.1432871148,-0.0695972142,0.4713377087,0.2465738028,-0.2833233473,-0.2623705514,0.0000276634,0.1970067016,0.3322361564,0.4954058482,0.1027835522,-0.0000629096,-0.207022307,-0.4072018633,-0.2174907133,0.4887220625,0.1046482536,0.0946457806,-0.0247031983,-0.1489332832,0.5871167359,0.0123931117,0.0447652439,0.0099643543,0.2543035306,0.3695120194,-0.0628176751,0.3298028431,0.1634459205,0.0229475734,0.0000084769,0.1024823328,0.1965222142,-0.016222617,-0.128271198,-0.114050232,0.209970122,0.081164126,-0.3223789937,0.4331311252,0.249959158,0.3888461897,0.5937293586,0.2947335217,0.5689545229,-0.3252327932,-8.4048360955,-10.0142618551,9.3171184607,9.7464348766,7.3718282464,9.271252143,9.5391289728,10.7234416964,10.3779116617,10.1455533716,9.0137846067,-8.2733339299,-10.4889327563,8.4778655797,-9.9226625634,-9.2800940726,-10.1923930887,-9.8482288463,-9.1558359567,9.4699279398,-10.7098841855,-11.2459087964,7.599263276,10.3949735481,-10.1618582236,-8.2104145233,8.8886780181,-10.246446742,8.7129628916,-9.1747780832,10.190447902,-9.4295821639,1,0,0,1,0,0,0,0,0,0,0,0,0,0,0,0,0,0,0,0,0,0,0,0,0,1,0,0,1,0,0,0,0,0,1,0,0,0,0,0,0,0,0,0,0,0,0,0,0,0,1,1,0.1196035633,-0.4920956896,0.4960418395,-0.0154719742,-0.1432871148,-0.0695972142,0.4713377087,0.2465738028,-0.2833233473,-0.2623705514,0.0000276634,0.1970067016,0.3322361564,0.4954058482,0.1027835522,-0.0000629096,-0.207022307,-0.4072018633,-0.2174907133,0.4887220625,0.1046482536,0.0946457806,-0.0247031983,-0.1489332832,0.5871167359,0.0123931117,0.0447652439,0.0099643543,0.2543035306,0.3695120194,-0.0628176751,0.3298028431
outputCount=50
weightIndex=0,1650,4306
weights=##0
##double#4306
   0.0002549658,0.0061381264,-0.000496517,0.00127191,0.0041194272,0.004280396,0.001358597,0.0031638834,-0.0030987741,0.0029217826,-0.007027155,0.0052436689,0.0029780723,0.0061108559,0.0023260763,-0.0014250281,0.0037639365,0.0029127216,-0.0032045938,-0.0007416298,-0.001407677,-0.0001161516,-0.0024265868,-0.0024333979,-0.0022130881,-0.0052962646,-0.0006315371,0.0017232278,0.0032052686,-0.0054251741,0.0022659171,-0.0042318115,0.0457147948,0.006074144,0.0112276737,0.0048523797,-0.0027191247,-0.0007664391,0.011622489,-0.0081172491,-0.0043837961,0.0023048011,-0.0108943003,0.0039085775,-0.0073609026,0.0035350028,-0.0127998673,0.0045440269,0.0128400637,0.0053466863,0.0041139656,-0.0027879335,-0.0002630423,-0.0034652552,0.0039297972,0.0018393794,-0.0017973016,-0.0018775241,0.0072703127,-0.0087989566,0.0038633402,-0.0010156467,-0.0028106881,0.0043924682,0.0009076891,0.1643721212,0.0021646798,0.0166783833,0.0010591436,0.0011869615,0.0004060881,-0.0061162046,0.0094370291,0.0109877896,0.0019852905,0.0028422942,-0.0063762988,-0.007654929,0.0103659227,0.004712168,-0.004155223,-0.0001884243,-0.001068219,0.0064948369,-0.0037497021,-0.0045599339,-0.0010062231,0.0094473408,-0.0031520022,0.0098251905,-0.0004103813,-0.0015044564,0.0017007866,-0.0080154003,0.0034886215,-0.0102991323,0.0037576817,-0.0021711202,0.2579756195,-0.002247593,-0.0059689469,-0.003652306,-0.0039025956,0.0062888956,0.0092144591,0.0054246591,-0.0029780592,-0.0026576642,0.0008391373,-0.0018799009,0.0011090201,0.0006084668,-0.0012346166,-0.0036106445,-0.0012981921,0.0020223915,-0.0006153679,0.0004514001,-0.0036649438,0.00361971,-0.0014722504,-0.0028046841,-0.0019078429,-0.0016262051,0.0086175649,0.002171183,-0.0062936317,-0.0079729238,0.0028414928,0.0019546321,0.0039369503,0.0404218618,0.0016313915,0.0054731737,-0.0012716772,0.003470969,0.0127602831,-0.0015700326,-0.0009305548,-0.0079640143,-0.0056550879,-0.0046573305,-0.0024481927,0.0037802249,-0.0041753253,-0.0079144983,0.0074991063,0.0096362501,0.0027657677,-0.0023376686,-0.0055824938,-0.001689796,-0.0037916238,-0.0039259858,-0.0005901643,0.0071109771,-0.0014130113,-0.0051080459,-0.0003224664,-0.0039060535,0.0067293515,0.008038116,-0.0044418896,0.0058239603,0.1021502713,0.0038832154,-0.0065775553,0.0068480184,-0.0025014107,-0.0116522256,-0.005700247,0.0030322294,-0.0047513816,0.0072622534,0.0114595218,-0.0002436941,0.0031624411,0.0028726008,0.0012341867,0.004024736,-0.0047998172,0.0030898588,0.0065661667,-0.0008564282,-0.0092211656,0.002323544,0.0004434394,-0.0017030866,0.0009061663,-0.0046913678,-0.0071234841,-0.0019971551,0.0035116989,0.0096993619,0.0021808777,-0.0047685913,0.0035549719,0.0445357572,0.008203338,0.004222629,0.0011291477,0.0011139918,0.0068244536,-0.0012516013,0.0062437194,0.0112689865,0.0050740688,0.0001050157,0.003199926,-0.0009236212,0.0012541626,-0.0046552918,-0.0021214363,-0.0035408916,0.0001503786,-0.0032617209,-0.0045806891,-0.0009106954,0.0015679702,-0.0039385486,-0.0004284505,0.0027069072,-0.0072551954,0.0086090293,0.0087295503,-0.0046295872,-0.0064243792,-0.0036491147,-0.0065775025,0.0031727689,0.1256706577,0.0040025009,-0.0044013705,0.0003023156,0.0062413488,0.0125225251,-0.0057620974,0.0008350419,-0.0028119175,0.0037211402,-0.0000409231,0.0016844534,0.0037562124,0.0017136405,0.008200726,0.0096054374,0.0013460366,0.0041122688,-0.0025557351,0.0048169396,0.0032177083,-0.0082859239,-0.0014710446,0.0012146434,-0.0008063176,0.0038113369,-0.0005762319,-0.0030035615,-0.006441163,0.0038856259,0.0027406458,-0.0066401984,-0.0023194174,0.145754541,0.0013572406,-0.0039500365,-0.007291237,0.0026760459,-0.0025735458,-0.0000449968,-0.0048400804,-0.0049365884,0.0000354032,0.0007268434,-0.0028664355,0.0022228101,0.0028039699,-0.0020180095,0.0029190313,0.0013510543,-0.0039226474,-0.0054438961,0.0000063717,0.0080720176,0.0033536108,0.0062151318,-0.0072515004,-0.0061370324,-0.0020612815,-0.0003009478,-0.0048334229,-0.0042454721,-0.0010898591,-0.000490961,-0.0069232391,-0.0018892935,0.0618888474,0.0015060112,0.0001523248,0.003594897,-0.0032920245,-0.0038329051,-0.0064535668,0.0026810691,-0.0059471645,-0.0136685091,0.0000596612,-0.0063991192,0.0041162514,-0.0107451643,-0.004696311,-0.0058343105,-0.0028727294,0.0113393178,-0.0046396611,0.0032917213,-0.0031406424,-0.0083938692,0.0046613156,-0.0071958515,-0.0040993696,0.0025409975,-0.0026548507,0.0043492723,-0.0028268172,-0.0001335532,0.0018978677,0.0013514865,0.0014367505,0.0965636328,-0.0000009113,-0.0000009834,0.0000015509,0.000000976,-0.0000015723,-0.0000004259,-0.0000009692,0.0000016515,0.0000007073,-0.0000025479,-0.00000246,-0.0000009513,-0.0000003048,0.0000002248,0.0000007835,0.0000026516,0.000002026,-0.0000009477,0.0000007066,0.0000006984,-0.00000029,0.0000001422,0.0000013979,0.0000010175,0.000001611,0.0000006859,0.0000012805,0.0000004923,0.0000017169,-0.0000000798,-0.0000011215,-0.000000454,0.0000489464,0.0007367136,0.0026875912,0.0019156342,0.0076988697,0.0049648099,-0.0049224157,0.005029249,0.0061481714,-0.0029118175,-0.0010048064,-0.0049495681,-0.0036369354,-0.0046829235,-0.0008183584,-0.0004908421,-0.00656571,-0.0104888612,0.0015617786,0.0043518263,-0.0041084823,-0.001666735,-0.0001616496,0.0045233958,-0.0013753621,0.0036448516,0.0096827933,-0.001414867,0.0015760166,0.0056356763,-0.0060929702,-0.0054484312,0.0052903605,0.072462627,-0.0048843708,0.0054851361,-0.0010580957,0.0049636483,-0.0059959941,0.0028317012,-0.0027811236,0.00618041,-0.0001745885,-0.0008661925,-0.000640142,-0.0023182385,-0.0035731738,-0.0028841305,0.0018089253,-0.0031577776,-0.0066676476,-0.007743313,-0.0052350621,-0.0014800067,0.0036998902,0.0001562182,0.0014978869,-0.0045317402,-0.0060457409,0.0073030045,-0.0016163513,-0.0086680826,0.0019573432,0.0018379303,-0.0113711812,-0.0099580817,0.1034377862,-0.0047349558,-0.0079481373,0.0009725931,0.003004918,-0.0013828551,0.008235643,0.0040666438,-0.010844671,-0.0062122746,-0.0074036615,0.0002039431,-0.006957951,-0.0059965103,-0.0033308347,-0.0039357297,0.002432875,0.002210455,0.0016213457,0.0026486382,-0.0016162871,-0.0076615527,0.003427528,0.0005899472,0.0061548067,-0.0090376232,0.0056217216,0.0032920305,-0.0019161901,0.0004057512,-0.0037292938,0.0087267189,-0.0020361565,0.1036762877,-0.0020063271,0.001818878,0.0024332263,-0.0040670943,-0.0123203579,-0.0025099246,-0.0037040337,-0.0004011124,0.0022368343,0.0068988302,-0.0106454865,-0.0072686137,-0.0029627665,-0.0018340825,0.0110257674,-0.0003790648,-0.0101861206,-0.0046631133,0.0009078709,0.0005003504,0.0056630954,-0.0037194914,-0.0063169981,0.001308615,0.0038125071,-0.0016627485,-0.0040198836,-0.0003153585,-0.0126041326,-0.0039895259,0.0056223878,-0.0093181249,0.2005064261,-0.0000016775,0.0000012971,0.0000025184,-0.0000009733,-0.0000056131,-0.0000051692,0.000002632,0.0000011977,0.0000002377,-0.0000023445,-0.0000037357,0.0000009835,-0.0000002306,0.0000027043,0.0000016836,0.0000104894,0.0000052799,-0.0000027292,0.0000021184,-0.0000000647,0.0000037915,0.0000004955,0.0000006034,0.0000029281,-0.0000010338,0.0000039213,0.0000029035,0.000000033,0.0000023764,0.0000000528,-0.0000010165,-0.0000012244,0.0001580993,0.0037489212,0.0011811864,-0.0030961091,0.0009064856,-0.0033561058,-0.0000148781,-0.0107103056,-0.001101867,-0.0025401037,-0.0042858186,0.012208422,0.0068662835,0.0033550665,0.0075681165,-0.0062539021,-0.0072896955,0.0099073325,-0.0015778182,-0.0017015422,-0.0012107984,0.0114760016,0.0037966414,0.0085372181,-0.0009111004,0.0099684749,0.0065283697,-0.0059682815,-0.000870521,-0.0023502222,0.0039790435,-0.0037869945,-0.0162134671,0.1863636624,-0.0016814118,0.0008951759,-0.0022506399,-0.0034892791,0.000907083,-0.0009880843,-0.0042958024,-0.0039810877,0.0024648741,-0.0057325971,-0.0030478317,0.0032845823,0.0052151004,-0.0056189909,0.0044055949,0.0069315219,0.0036420386,-0.0024192574,0.0027672606,-0.0058436746,0.0032774745,-0.0006237267,0.0074496891,0.0006752931,-0.0073454464,0.0001082278,-0.0037961546,-0.0005116538,0.0061630101,0.0002308466,-0.0013694408,0.0069459534,0.0674012007,-0.0000357781,-0.0054837194,-0.0041218906,0.0051839327,-0.0020151496,-0.0006964023,-0.0028918047,-0.0055541727,0.0011900549,0.0003489603,-0.0015172579,0.0042079108,0.0046275915,-0.0044030357,0.0032253396,0.0000841131,-0.0054306193,-0.0047242439,0.0009741327,0.0078271783,0.0025487516,0.0046962807,-0.0053065023,-0.0082501721,-0.0012574262,-0.002096684,-0.00408319,-0.0037453857,-0.0012463743,-0.0008039306,-0.0063139568,-0.0022922464,0.0281318761,0.0007151982,-0.0032558017,-0.0022431614,-0.0006262261,-0.005149587,0.0071061783,-0.0028515688,0.0025683043,-0.0069213798,-0.0012336684,0.0034365079,0.0029350917,-0.0060905884,0.0012999678,-0.0068390659,0.0003827116,-0.0048947087,0.0009332296,-0.0008453443,-0.0051721418,-0.0031217046,-0.0021351031,0.0046705005,0.0027778339,-0.0079883105,-0.0004591839,0.0023092244,-0.0061683855,-0.0033771793,-0.0009854646,0.0024757922,-0.0088904098,0.020684109,0.0012775066,-0.0046205512,0.0037122148,0.0043709296,0.0004989135,0.0016580993,-0.0021331649,-0.0041722955,0.0106786804,-0.0042315372,0.0111515445,-0.0079959553,-0.0018568018,0.0046935637,0.0028332409,0.0004198128,0.0108335316,0.0061111547,0.0046011975,-0.0030879763,-0.0041506513,-0.0008071401,-0.0037567583,0.0033412932,-0.005222929,0.0012737041,-0.0071181671,0.0053474048,0.0032723765,0.0026348815,-0.011509179,-0.0049399019,0.1002163855,-0.0028413226,-0.0036757044,0.0020392417,0.003281272,-0.0001248137,-0.0040273386,0.0022808243,0.002241326,-0.0030047446,-0.0009779887,0.0040347752,-0.0020779293,0.0052307347,-0.0009968507,-0.0042540877,0.0050152233,-0.0012623384,-0.002545277,-0.0034599551,-0.0023242311,-0.0006196571,-0.0024413098,0.0053013681,-0.0003460574,0.0029575261,-0.0026842087,-0.0029686232,0.007339979,-0.0038110785,0.0026999576,0.0022567899,0.0015707906,0.0716539378,-0.0013685968,-0.0045275028,-0.0040502745,-0.0061307667,-0.0092743355,-0.0054399302,0.0017518741,-0.0021066399,0.0023470253,0.0005669316,-0.0016649847,0.00447962,-0.0015237383,-0.0032633527,-0.0007140634,-0.0041192222,0.0017600734,0.0001459292,-0.0081438501,0.0012549814,-0.0028943505,-0.0041467882,-0.0011389561,-0.0030000376,0.0022735418,-0.0006712603,-0.0027141033,0.0022098751,0.0000403713,-0.0103597773,-0.0033331277,-0.0015348421,0.0125481959,-0.0046576588,-0.0083690518,-0.0003567441,0.0112589102,-0.0035357312,-0.0011092332,0.0006086989,0.0063944508,-0.0035786826,-0.0036408248,-0.0044880725,-0.0007282608,0.0016433342,-0.0050721094,-0.0018470408,0.0049505247,-0.010840496,-0.0008397344,0.0013657471,-0.0009644814,0.0061219247,-0.0025197976,-0.009493085,0.001431086,0.0035702306,-0.0052081009,-0.0104050699,0.012244188,0.0004148528,0.0029098021,-0.0104064455,0.0021960397,0.1387016332,-0.0024366946,-0.0022450182,-0.0043545047,-0.0030267358,0.0048629309,-0.0181207976,0.0072854784,0.011440915,0.0027139248,0.0037428977,0.0145527496,-0.0103072067,0.0053592656,0.0020061937,-0.0015659602,0.0055597948,-0.0040114294,-0.0009906121,-0.0018918226,-0.000493572,-0.004230457,0.005998486,-0.0002648408,-0.0032669408,0.002764249,-0.0007247584,0.0027623976,-0.0032315607,-0.0031190658,-0.0101595036,0.0015570693,0.0047197335,0.2687796035,0.0099888944,0.0004895257,-0.0006763843,0.001341975,-0.0025307602,0.0004746933,-0.0004537576,0.0113899562,-0.0050364775,0.0023152056,0.0010891378,-0.0014022403,-0.0021453051,-0.0000559491,0.0005809123,-0.0019373754,0.0100008829,-0.0054782976,0.0090718802,0.0078548953,0.0040070175,0.0051027251,-0.0005198668,0.00103794,0.0029810028,0.0002930492,0.0010654003,-0.0002109334,0.0008553235,0.0056750279,0.0029815861,-0.0022243544,0.1284762878,0.0009791974,-0.0006302971,-0.0041061046,0.0035986452,0.0001661316,-0.0011847911,0.0026655765,0.006112624,-0.0005424244,0.0018388331,0.0035971945,0.0021968018,-0.0024399381,-0.0021444365,0.0032063411,-0.0012547684,0.0027742771,0.0008701039,-0.0001010356,0.0054531479,0.0060658128,0.0027954556,0.0001336629,0.0046533126,0.0016385996,0.0038483418,-0.0033819958,-0.001236237,0.0006561211,0.0066697413,0.0040216205,-0.0022544276,0.0443059568,0.0021559375,-0.00363888,-0.0027592274,-0.006245487,0.0070955249,-0.0059561125,0.0019759566,0.0115109439,0.0010068504,-0.000484486,-0.0013415732,-0.0075579049,0.0028611762,-0.0056507916,-0.0062768572,0.0086897867,-0.0039793059,0.0083259356,0.0006616335,-0.0044801859,0.0047198349,-0.0095680637,-0.0024883231,-0.0068323192,0.0030835792,-0.0000827442,0.0021215374,0.0041529368,-0.0090757147,0.0093798034,0.0103690795,-0.0027857847,0.1895079937,-0.006495884,0.0041925746,-0.0026487326,-0.0039855905,-0.0117315605,0.0022067026,0.0028983214,-0.0033006814,0.0052185223,0.0022514953,0.0039611199,0.0003842818,-0.0046066877,0.0083998679,0.0047343594,-0.0044235225,0.0006570651,0.003207995,-0.0075984797,0.0066674292,-0.0003900915,-0.0030347888,0.0008598185,-0.0031730321,0.0010965508,-0.0009923652,0.0071567945,0.0042489981,0.0045039406,-0.0009402291,-0.0014487908,0.0137712313,0.1292486882,0.001909454,0.0063012549,0.0019303302,-0.0075000112,-0.0161874397,0.0133519625,-0.0003815027,-0.001719255,-0.012699419,-0.0061123742,0.0084367496,0.0016295271,-0.0048635935,0.0100716627,0.0012350479,0.0033877258,-0.0018598571,-0.0007899574,0.0042414236,0.0002062038,0.0005442389,-0.0055473861,0.0029218335,-0.000585439,-0.0096621206,0.0004375382,0.005755428,-0.0075272765,0.0063226952,0.0047094098,0.0015956496,0.0040853435,0.2849007163,-0.0031959289,0.0145917215,-0.0094924137,0.0013425454,0.0072235992,-0.0008245544,-0.0093487814,-0.0011660978,-0.0013044399,0.0054103197,-0.0079083479,0.0032427405,-0.0070062659,0.0034493424,-0.0028544527,-0.0006507935,0.0136082488,0.0089765388,-0.0090461859,-0.0009864765,-0.0065850002,-0.0055669582,0.0051157463,-0.0088321031,0.0055398329,-0.0086670029,0.0089337756,0.0106385597,-0.0068795691,-0.0053376412,-0.0080126396,-0.0075901811,0.2167519916,0.0084093094,-0.002932907,-0.0023755621,-0.0057374562,0.0033629882,0.0063830363,0.0025606595,0.0040591213,0.0137037528,0.0004521323,0.0085080227,0.009006181,0.0021774571,0.0078703517,-0.0050337052,-0.0020100182,-0.0030826429,-0.0041166381,-0.0045171404,0.0021822082,0.0040169851,-0.0033926849,-0.0161664167,0.004927184,-0.007271769,0.0022059006,0.0072273557,0.0069867878,-0.0056130158,0.0056139679,-0.0069551642,0.0051557902,0.149761071,-0.0064675093,0.0068970158,0.0040279531,0.0011138393,0.0064390856,-0.003900543,-0.006352274,-0.009742,-0.0035638117,0.0126109099,0.000946525,0.0030806874,-0.0031524531,-0.0049078195,-0.0096659608,-0.0002157356,0.0001922802,-0.0033157455,0.0016862786,0.0030165004,0.0051618054,-0.0058938461,-0.0001465287,0.0040578496,0.0031675661,-0.0070724527,0.0080053945,0.001589187,-0.0074360896,0.0004153298,0.0028668342,0.0018700061,0.0005316168,-0.0055700249,0.0029883486,-0.006925178,0.0005539059,-0.000906305,-0.0049653223,0.0081474634,-0.003175599,0.0051381341,-0.0070899346,0.006335282,-0.0032192982,-0.0002819344,0.0086864743,-0.0012314938,-0.0065918496,0.0033622066,0.0020093498,0.0125693747,-0.0032526288,-0.0021953149,-0.0049019951,-0.004499147,-0.0031460294,0.005120155,-0.0013386595,-0.0000554856,-0.001349701,0.0033250617,0.0063476472,-0.0042837216,-0.002017746,0.1289019796,-0.0000017682,-0.0000028608,0.0000005319,-0.0000009771,0.0000000467,0.0000005413,-0.0000019217,0.0000003965,0.0000010902,-0.0000005923,0.0000007897,0.0000009479,-0.0000024216,-0.0000018995,-0.0000006382,-0.0000029482,-0.0000006224,0.0000025849,-0.0000004334,0.0000000727,-0.0000012421,-0.0000006804,0.0000011481,-0.0000024299,0.0000011175,-0.0000013411,-0.0000013283,-0.00000052,-0.0000002921,0.0000006226,0.0000006689,-0.0000000346,-0.000051346,0.008670437,0.0017515728,0.0090113646,-0.0023892379,-0.0016918471,0.0027240898,-0.00542946,-0.0052878928,0.0086246718,-0.0131446215,0.0068092476,-0.0032551771,0.0049261737,-0.0029745499,-0.0058357768,-0.0025167727,0.0032691092,-0.0029042163,-0.0078587434,0.0035295076,-0.0041643527,0.0116208296,-0.00074162,0.006549147,-0.0032663207,0.0003642177,-0.002596466,0.0047985955,-0.0015749855,-0.0038396611,0.0036158326,-0.0019163731,0.0677162994,0.0016515603,-0.0018545587,0.0006513249,-0.0056442893,0.0138278415,0.0116127941,0.0081913673,0.0004780625,0.0018117827,0.0026247543,-0.0093166857,-0.0058061392,-0.0021024478,0.000078786,0.0036348681,0.0119417446,0.0008397173,-0.0028145372,0.0013292122,-0.0023252574,-0.0002310636,-0.0012671941,-0.0001854392,-0.0004990098,0.0038358714,0.0090618988,0.0015568527,-0.004488126,-0.006099542,0.0085717971,0.0017072928,0.0002865186,0.2381364591,0.0113345792,-0.0014932136,0.0004944474,0.0098779793,-0.013862365,0.0009048133,-0.0045088083,-0.01469227,-0.0028036153,-0.0046648767,-0.0010186078,0.0023920003,0.0013637812,0.0024304147,-0.0043280732,-0.0048878773,-0.0072588232,0.0071231918,-0.0085231779,-0.0067268425,0.0030055323,0.0048646927,0.0069278172,0.0009347117,0.0041202115,-0.0011861041,0.0089505433,0.0006999037,0.0067699368,-0.003669457,0.0082608186,0.0058054555,0.1123786822,0.0009034978,-0.0039705324,-0.0006578246,-0.0044846994,-0.0048135039,-0.0025594479,-0.0083440994,0.0088291209,-0.000376042,-0.0034741904,-0.0164481198,-0.0009726686,-0.0010929141,-0.0002766529,-0.0060100892,-0.0063788747,0.0016299621,-0.0018326878,0.0108404741,-0.0000175705,-0.0062284986,0.0026049055,0.0070005917,-0.0038183909,0.0031566568,-0.0017669651,0.0017929404,0.0036141884,0.005866968,-0.0077348084,-0.0019258065,0.0113142029,0.0749020974,-0.0004991626,0.0025432854,-0.0004470201,0.0044236102,0.0029880471,-0.0072024988,-0.0041922291,-0.0029110495,-0.0046378586,0.0017061536,-0.0013643644,0.0032570496,-0.0066411924,-0.0044126131,-0.0002617902,-0.0017575882,0.0034450018,0.0041167595,-0.0043470192,-0.0004861358,-0.003197149,-0.0022587983,-0.0044606202,0.0008452788,-0.0016765026,-0.0037715776,0.0046380097,-0.0013832735,-0.0001617873,0.0059153797,0.0003573723,0.0026435762,-0.0173699494,-0.0019620397,-0.0010973426,0.0091668479,-0.0017773873,-0.0041922468,-0.0061079134,0.0031855899,-0.0041755384,0.0003308258,0.0051123503,-0.0007071181,0.0044876052,-0.0018940767,-0.0007999662,0.0040410361,-0.0053599818,-0.0033739585,-0.0043825721,0.0035558321,-0.0005120095,0.0017875466,-0.0087402953,-0.0028931819,-0.0002030747,0.0034382863,-0.0028137562,-0.0046162167,-0.001446102,-0.0024851619,-0.0060672926,0.0069469483,-0.0028895194,-0.0073974469,-0.0019998328,0.0019795149,0.0034432581,0.0033838966,0.0056438973,0.0033531561,0.0036565447,0.0074636883,-0.0078446789,-0.0010837322,-0.0134291781,0.0062111312,0.0011983623,0.0064575958,0.0025104274,-0.0044890906,-0.0046664811,0.0074985417,0.003310616,-0.0014225913,-0.002234656,-0.0013800122,-0.0015875996,-0.002683804,0.0012589212,-0.0025536275,-0.0031626192,0.006297222,0.0016870693,-0.0085156808,0.0005163583,-0.0015579567,0.0796803107,0.0004249609,0.0028024709,-0.0034828914,-0.0031194991,0.0024659098,0.0044845213,-0.0011544941,-0.0026980617,-0.0028274567,-0.0069610871,0.0043769485,0.0012133646,0.0007261156,-0.0051423309,0.0044026592,0.0054924448,0.0000704831,-0.0000204609,-0.0010698525,-0.0027292939,0.0024764034,-0.0020456029,0.0023453615,-0.0011742055,-0.0029202977,0.0019719026,-0.0044672797,-0.0010262433,0.0005471394,-0.0022555009,-0.0030650106,0.0036702622,0.0392806029,-0.0109392295,-0.0025825161,-0.0015089943,-0.0072617683,-0.0001760806,-0.0033322755,-0.0098777403,0.001865301,0.0019789951,0.009504617,-0.0150044485,-0.0073451778,0.0048058902,0.0027165587,-0.0062592788,-0.0066752463,-0.0091293256,-0.0021307192,0.0081978879,0.0020492303,0.0067006321,-0.0054592455,0.0122561377,0.0103413127,0.0050537592,-0.0004392132,0.0026881659,0.005865126,-0.0037756962,-0.0139108781,0.004881758,0.0099996372,0.1525280616,0.001224671,-0.0037792522,0.0020003689,-0.0033232172,-0.0054633647,0.0063137885,-0.0002831317,0.0083227419,-0.0035807203,0.0102219545,0.0182589958,0.001888798,-0.0053707642,0.0032689469,0.009422643,-0.0080733984,0.0025302835,0.0100221679,-0.0089905437,-0.001392521,0.0086080176,-0.0011296022,-0.0055310852,0.0027097775,-0.0025259687,-0.0022099662,-0.007109742,-0.0018743123,0.0053727541,0.0113905043,-0.0024411783,-0.0053354739,0.0315229384,-0.0125837009,0.0042288752,0.0014702787,0.0019883747,0.0028196211,0.0137614131,0.0103562509,-0.007192511,-0.0005437926,-0.0043747031,-0.0017555417,-0.0002133835,-0.0009040839,0.0062215063,0.0055367544,-0.0034280954,0.0065695392,-0.0002491862,0.0032352781,0.0005893446,-0.0101970066,0.0042466994,-0.0062566752,-0.0025355774,-0.0061667878,0.0045365397,0.0011885388,0.0068765886,0.0030335064,-0.003024854,0.0065653398,-0.0000167873,0.1615349639,-0.0022239823,0.0025720486,0.0085429169,0.0026972968,0.0091102208,0.0018386772,0.0035017104,-0.0012285201,0.0033991201,0.0035130161,-0.0032502208,-0.0020881839,-0.000818552,0.0019631632,0.0055067974,0.0046167483,-0.0029322431,-0.0094081721,0.0033692091,0.0026261642,0.0025717173,-0.0065518916,0.0009818103,0.0084062409,0.0056908276,-0.0062320596,-0.0027502647,-0.0036790732,0.0048525772,0.0017487729,0.004391025,0.0007244036,0.0755489009,0.0059208369,-0.0043256573,0.0011319754,0.0016895471,0.0099882047,-0.0008399072,-0.0020750065,-0.0064324654,0.0047867177,-0.0041102462,-0.0036313094,0.0007650918,0.0004204608,0.0044326387,0.0029083276,0.0001700931,-0.0053444601,-0.0069413328,-0.0055211648,-0.000158122,-0.0034336715,0.0015331404,0.0017040953,0.0025697763,0.0060719319,-0.0030717914,0.0017085345,0.0018235789,0.0107820073,0.0044223429,0.0011253737,-0.0007654934,0.0622897106,0.0021718979,-0.0149977061,-0.010999452,0.0087499834,-0.0027558479,-0.0073407192,0.0013310742,0.0090819167,-0.0083213345,0.0078149817,0.0096064714,-0.0005848679,0.0037700213,0.00147571,0.0011172548,0.0067994671,-0.0048697256,0.0030739492,0.0004851584,0.0042630342,0.0000403302,0.0029734955,0.0033979984,0.0045772383,0.0003682745,0.003227373,0.0013289126,-0.0021337575,-0.0071933185,-0.0028326926,0.0131157681,0.0007376417,0.2610962693,0.003886274,0.0037681576,-0.0017869326,-0.0121141457,-0.0004657176,-0.0101262424,-0.0006191093,-0.0027815849,-0.0013109383,0.0063567767,-0.0072710409,-0.0047930858,0.0103153571,-0.0039780131,-0.0143215364,-0.001182838,0.0085785914,-0.0041640869,0.0186058777,-0.0006361732,0.0019833818,0.0057214471,0.0042938872,-0.0004533114,0.0005044616,-0.0082078093,0.0064350704,0.0056914392,0.0073708307,0.0038171587,-0.0011759372,-0.0046401429,0.1351228407,26035.3715987694,-2584.2084031229,340.4115294949,4989.5108434937,-13638.176121882,-0.19897121,-3523.9282598903,0.4049655447,970.2793015796,-1.400242769,0.4926058396,0.6296694713,-8608.2952779938,2304.3453770733,1.3698001149,-0.1590894037,-2.4002725221,-24221.848367908,969.4648433277,0.3698282205,11284.6335369133,-5264.5976062216,-1.0091276149,-5881.7076925591,0.3650397064,-0.7541131247,-1091.8927337559,11767.9591780662,0.0790685076,0.7896599212,2.3951805303,-3.2051765282,-0.4634368733,-23109.1509317487,0.3079970238,20459.0034123203,-1.1424048773,4807.7606723467,2000.7921080823,0.1329881191,0.2427632458,3693.3177970462,-42155.1081181724,6599.5392111331,-0.3777057765,96.2972537412,0.1435388799,4587.3777042502,5433.3881602314,65.1256502985,1.0205810226,-450.390677154,-9316.3457593477,11136.6499396668,-0.4738942598,-6754.1049655196,-0.5775002423,-7950.2502808735,-12528.3849024868,-35.2999627984,-8225.805557841,-17642.7125616433,-505.0955632659,-2481.7839707344,302.840407769,-1305.2189851332,-8183.379540517,4542.1705503722,-366.9364137767,1646.9971534365,-2256.8200575598,-561.5594542077,-86.2496450699,552.3388990603,-3450.3743010922,4265.9417302378,1.424188116,-21992.3526844291,-744.0396940997,-1413.5814428527,-9772.6714109997,-2080.0664701374,-4171.3963811273,3274.1085907402,-9791.0995754309,-2731.0705437749,-3740.3162534656,-873.396902185,-0.2586532547,640.5150825599,37929.2628142301,-0.4470761347,-0.854676789,0.9851198775,17939.0124115619,111.8078021389,-26875.8024121811,2.0348894061,-0.6988218824,703.2625617569,-49348.8287234714,-0.048246192,-53071.346592019,3268.6288117286,-53433.4708713646,-3046.0432531972,1231.0226660284,-3742.1061611859,8578.4695966149,3638.0820954959,-10378.4784149199,0.2783336661,-97.9378080393,-0.4595878324,-4399.2238786303,-1.9674550072,13488.9159690161,-0.2756616133,-5241.4609852699,53359.3492736583,0.7467687445,-6648.3334682297,-6208.3919229817,-786.6739979489,30761.1035316103,-32716.3841565766,-2070.686003965,3.5859645658,6135.6778014885,3544.405845685,53905.0124706609,-51403.403248817,-589.1279774032,-0.6501440845,2056.8990372403,-8238.6581031722,-4555.6696591815,7608.6832538392,-73.3948791897,274.3410416607,-9610.3269519839,9776.3348497354,-704.1898844684,3397.2762275136,-247.1152706519,-1650.3762014028,1.1486432009,15248.6875125277,-3278.331894139,-1934.312385096,982.5273848802,-1927.8973419083,2594.0064631064,6759.1163202537,-3749.5601016142,6353.0082791866,3667.1228342461,10726.358656586,-6953.8836980621,-7836.5883415225,2844.1179706491,-9322.1143707895,-1107.9514576236,-56.2270140372,3979.6837045854,4071.795881475,-226.0347314462,-721.6896881797,-4624.3133560064,-20354.1577934966,846.3763046603,-5826.836511504,311.7307557236,-1470.3840840435,-1630.5078562725,-0.0240148562,-0.0520001446,-1.5398704974,1.3695940072,1069.7863379387,-0.0424612756,0.798394183,-0.33257101,-0.359037616,-1631.172004582,21441.5878431975,-10702.8184025182,-3987.895509477,-25374.5077688737,-1.1925192611,0.7330771466,-0.2253321661,3854.4777993394,-0.2904351999,-1.0205676012,8893.11906291,-1.532256225,41395.6296858067,1339.292817378,22915.7530100396,0.2954904425,9234.9465953034,-43.8260090652,-464.4412030069,-1381.3737102813,5034.8934701395,8.2766291585,3225.6957792291,-9606.6907128102,0.6034275085,-0.2988024737,9395.8289562064,4653.2712726907,787.4206549438,100.9804123113,-4.3047426987,0.1010035992,-12036.0889401873,-0.473530846,-1455.795185815,-320.9863119005,216.3599602958,-1683.7843475509,-5731.6607219082,-17155.0830584687,4325.3380442863,-5752.3103778872,4.926210213,-6446.7656595677,1178.3865274518,2892.1087727817,11324.155086094,3324.4079819295,-4262.629539055,9970.1318070549,-5331.1247026298,4978.2256477491,-8372.7387572339,-2982.904533095,4228.344489659,-13241.6735383611,1.5436923356,2033.8856717799,-494.7394004225,81.4303749924,221.4444172775,3880.9249386026,4035.0946368833,-11358.2385162487,-2860.7286915737,0.2800192051,-15492.176212775,-3693.888842026,2540.3485331101,743.2154947172,-38730.5440326376,-0.093036455,0.1946920749,-2899.9805014141,-0.4980168474,-37551.1560303661,-2021.5927911272,-14384.985519403,11.3137582256,0.2914329451,-613.424919317,4130.9860066833,0.0365062817,5967.3955256632,6516.9771726007,29368.2776910496,-4410.817695282,0.3655183816,2553.5043545992,-22234.6825702961,-34284.7785246711,28007.5483151464,2445.2068009445,1560.6622365127,-1.0388806828,0.7566848922,0.788455234,1718.0801292157,-0.1588821404,4350.45231093,256.5004761588,1949.8566852119,-0.5134290022,23620.5581310998,-0.0859583221,-16562.6201505325,-184.0077780409,-0.9680231645,4932.9738289963,-1078.0540242998,2.346912433,6411.2162774524,9862.0907986193,-23.1275360375,-0.6927955558,-1695.1039980963,962.1709494449,-1031.575377763,-129.8543241898,-2782.813680877,9169.7594504012,-28.5703314467,3463.7509270113,-741.4432456969,-208.2047180234,10580.0067072299,-10018.7032644901,-0.2827877694,4197.2891475667,-4600.2665369749,-8483.450391847,-8816.1679914709,1460.8420072666,-10077.7257400699,342.3139066907,5.9109035304,3317.9809707996,6797.3740754109,-426.420490338,1018.1801627642,5387.5555318845,-2654.2464277358,3.7682709388,-2565.2626137874,-6793.8093830868,1067.9137274036,2698.5535126018,2476.307912192,13845.7605776491,13306.4353449482,-0.389473194,0.5196444617,4294.0905576825,-9291.5941932058,2306.4856782724,2736.2936840396,-413.7713315935,-0.0586821635,0.7305525221,292.8410082933,-1891.1604979927,2306.1415235829,0.9430515465,-3141.1864435841,0.3010881987,2737.2284069255,-4.6800439894,0.8920739929,-25466.7013970983,3249.6578567196,0.941235253,4.4667985222,-6886.1035787495,-12.3580111088,-93.825727722,1532.3224294273,0.3831510806,-0.9972225965,0.3043407254,-34164.8977929016,-4539.4598275415,-0.648406469,-10852.8407186046,10085.6391013409,254.0361857138,-0.5834507864,-14884.5586090697,-7298.8438446454,0.1841332054,0.6547886616,0.8069683542,-0.484022078,80.1798712501,-13915.8035860832,16024.8336540402,-0.1933020053,-1281.674497928,0.6428970547,-13613.1007554298,1.1658690209,-25.1995676115,-1799.5008582732,5618.6208551593,-5444.3940236863,1026.7681405797,-3920.2119800826,-452.5770655471,-5213.2982935703,-10588.6187083552,-1958.8548872344,190.8278575956,3022.5522541019,8614.859039816
   -34.8485091042,3996.7367821174,-794.2509827906,-1340.9188180314,-0.8924564177,152.8897871907,0.5348925105,720.1579508423,6699.5647566062,-6975.481709794,3521.7768741265,105.3166157994,7862.6571805425,10467.3458011957,2003.2475277909,-5446.4597689002,-7842.4124370885,-5.7634794097,-376.1510020466,-8506.1371954663,-37325.1584640607,3637.420583675,-12820.3482270094,-8755.197602085,13176.8217631124,-2989.4538757547,-1431.2355965773,0.1782287621,5464.4966288375,0.1922714735,-8308.7633921699,-6446.1144960044,0.6089918386,-0.2022282065,-85.994300952,-2990.7319442274,-5716.2783608875,3369.1945219801,29910.1459608728,-28240.7136856463,8759.6855151643,5313.3704789308,2244.3119638892,-4.1864424832,1.4079770776,-9061.707493556,12619.9555949673,-2577.8804452239,-0.1368150081,-0.0513457329,-0.5095678669,-0.0126575436,-5881.5215247373,-14738.2598668598,8816.5589988711,9.4460608715,-1716.1771536188,-1.0138365655,0.9554628063,26111.3762678132,-834.7835504813,-264.0994416844,-132.4730544796,15383.1413877217,4114.0309001428,0.0677623404,9.447175374,-1.6105767169,0.3449717869,8728.5482744754,10937.1298754579,677.4144898292,-1748.0035897789,-4495.3550621747,-2345.6870307819,-7885.4393252063,2.5111932641,2404.8255070262,-1943.7101746445,-1260.4108017101,-5.31336009,4206.4954326661,0.6632160329,4138.8155229958,464.7349593459,413.8859406683,6309.1831819889,1584.9975411683,-0.5063140615,4698.651562364,2642.5330875617,-3318.1864411446,5074.9187114359,-1213.8624709385,-589.4818983373,-370.9833605047,-47.1961719005,-1017.6920146066,5597.1826717428,-1971.5200508037,-3998.4337511343,2291.6830630333,2946.9316232613,7615.4001763206,265.6058221791,-0.6051009878,148.6558241057,5401.2159317631,-1811.5372303972,1178.5035709914,-0.7667976826,-4.9743984111,-24523.4980290169,0.8815387844,0.5725609533,-0.9914019917,0.4181182825,13180.6281308642,-1810.8672023604,-17930.5464479419,-0.6305370921,8194.1583065815,-12.0934074763,-4233.6224628532,8482.6366809772,-28309.4079503838,-33416.2003933797,-0.5881342547,-20342.180535292,-3659.5162154738,1.2558584666,0.3281005911,-0.1988833433,0.5955815845,0.4990990787,-5160.997445065,5666.0744027095,3858.076412453,-1.255066716,-2206.4933973117,0.7294246435,-3833.2278516403,43459.7706533273,-0.192701022,-41908.6872541143,-2039.8320072028,-0.1936073275,-405.7373213724,-0.7036912805,0.4486861906,-0.6045711501,7383.3472568738,6106.3634426405,5587.9803095071,-17.3092835034,-4093.2794461177,-10433.1237807539,5169.8753974454,7555.6571019927,-9118.8177656127,-5346.3327120296,9238.206744629,11965.6602101356,1609.9361395834,-8398.9808677989,2134.6278571868,-2260.5390558202,-169.0286365012,-2346.6090593739,-2179.5864792476,-24458.1555028029,2343.4001938811,-1291.7079580539,-310.4253799847,-3134.955654744,-5155.2172262846,-14771.9779585177,-7.5917035894,-984.1183955546,-10840.7435249683,-2744.3107750712,-4276.4429015118,-4861.0388877477,10504.3871289483,-0.6677917421,1.2446146689,68.7943011762,-2800.5592136218,1523.8110767855,835.0721723872,3876.6616501636,3.1877566143,3384.4175993885,0.2045840585,0.1372100965,-0.4680859575,-14018.1036568196,-7.3511290292,-0.8975310346,3167.0078430669,2008.9367861709,2.3731900573,35449.0503257953,-12976.4931197748,0.2083533108,-69.0099639072,-13620.4918118839,-0.8294000261,-2445.6655682072,-3252.2882447,14553.6711555864,-21504.9465917553,367.2751939092,3583.5290540104,-10909.9486639417,1.2885676118,0.5313597457,0.140711412,84.3474719913,9932.3272328815,-4498.0874506883,6375.6676125923,-0.141909975,0.633233595,0.7798230561,-20152.7961598459,0.8461064865,-416.4202479526,-0.3593941232,-0.4361900281,-827.3552976012,-654.733583941,31134.7477614972,0.5960610935,-6549.0184826762,5510.3316283027,-9922.6778738533,3934.5355667722,-208.2713437375,-3499.7605501609,-0.3133135206,-6717.8507757935,3281.2712745555,0.926275834,242.5586365078,1214.1963628399,-2173.5099750764,1823.9545737133,-6517.7397318364,1340.3906394082,10313.1962537489,6105.4762947465,-1135.2391394982,2571.74129401,77.7284589045,-8141.7777072917,768.6258267896,-5129.7132498488,12188.9578008324,3206.8497331084,-1856.766493914,-4682.215994501,3386.5717937173,-4492.8182636001,-4320.677758562,3319.6183634858,11823.1648192452,8.5191982753,28857.4130829967,22809.7853815798,-0.7623185,-3089.4975035596,26802.3673837284,-108.5994802278,-196.2317080618,0.0069161664,-0.8824836135,-1783.3931021851,-0.5539418439,25968.4426977963,0.0989120066,0.4738129909,3.4282405975,-6.8578256285,-195.6933939677,3757.8113623314,14997.9799711456,-2021.3604368831,1401.9468997376,-0.8609946285,-86.8977758741,9.7453597726,18864.7101555884,0.161835152,-205.7678183909,-7448.3167967031,0.4226303276,5464.9550280317,-0.2678636601,52.9732607504,-0.6298535246,23482.0809370336,0.0214473232,1365.9515095053,-1.6648686471,0.0481976065,9.9527869465,0.4456794161,-14115.0628427821,-0.7804983663,-0.8605160759,18837.6416172854,0.5571745046,-3305.7208753095,-1182.0535038253,-8564.3801391915,0.3628846875,9201.0736558977,1951.6174743015,2918.2473720429,16.0388671445,-3177.7693776751,1687.6861811874,-7198.6389012889,9830.5647128108,0.7499979447,-1310.1864946734,-9800.9297071815,5798.9297106002,8823.4626199574,4478.783392875,-6199.3905608925,9228.8479782767,-2245.3545863165,-16685.08459954,493.5379345591,2190.102523109,13466.3269269197,-961.4366341726,38.8872790661,-9525.9817794865,513.5680030061,1837.1346742589,16820.1906382433,7244.4962943212,337.3557967973,-1166.7569026902,-768.0333132864,7325.8859940639,-83.9072397987,-1924.3279122216,798.3890582446,715.0160614238,0.8716913994,0.133716894,1110.0385935429,-0.4907663189,16257.7526951208,-0.6943839217,0.9118429281,-5161.7052800905,-8.3632176867,0.6640868258,2832.7126107939,-0.7898294774,-0.6000035697,0.5400715249,16257.4003721096,1.190811632,-31678.7275384721,3314.8135057011,11865.4109078444,-1626.0897326173,1.0773461125,-3.7363368244,-0.1541506961,-4.7229315123,21952.9508437739,2711.3724187435,-1.1571297298,-284.737038347,-0.5513539033,13686.9189187136,-0.6790871089,-7260.0823023586,-0.9627641825,-2.0232985401,-711.0119487338,-5.8881555352,5186.3772862048,-13502.7139880212,-0.8019511636,-2242.4351084042,-0.2821968717,-1621.4666271855,0.872722682,-6981.9785459348,-0.4801517761,-19.5495977285,0.8409726081,3973.6335585519,1993.9169900196,12228.2201701263,-11280.4017508337,3145.2640958442,2471.5085534483,2.4900377165,5774.4329824834,226.9736945932,2014.9734531932,-1895.7514654569,-7998.7911276571,-222.633643898,210.5924965642,-649.0605573237,3440.3304643206,-4074.9127071938,-2846.734939941,-3.7824054735,2508.7968688868,-3560.2729976235,-1754.2389035962,3929.0091292503,-3142.9271262067,3289.1911468554,5577.3700333583,8778.8579333397,-3475.3526317229,3980.3264353222,-761.3325077944,2387.6555477186,-3131.5295240873,-24.2202389226,-3914.0194184042,-10563.3166554679,6529.0967641572,-28270.5048571472,-1.074527787,-1021.4442548156,5239.5822059314,-0.3255703648,0.1108363531,-0.8940349892,-7919.2829214407,-9041.1056501288,224.2908446042,166.2177867871,0.5205995677,-3978.9028784772,-4751.6017921485,-0.6789153796,-3881.7790061688,5730.0115201372,11647.9342622676,-0.9944246568,7612.0609724636,5769.4452248256,174.1268110573,-32068.5535034536,14666.5196337154,-0.793872081,-11.9659963494,-1795.1576657928,999.6498259085,0.9006431546,-78.9148577813,0.8375572984,-574.2376453897,-9467.0322976428,7425.3300926495,33973.3261670634,-3383.3119945019,0.0079516653,0.4546537441,-1265.8968149522,1.9139067824,-10413.5255127332,-4414.8205541863,-1968.1374432089,-7635.2805287938,290.5190296509,4.4550696536,0.6485690328,-629.6865921618,11.6686921506,-9049.1007104623,336.0418457543,-5141.8883473869,-9768.8801644978,0.8698160506,-5409.0045081852,-3452.6981434401,11798.2664979526,-0.0042384731,-1838.7464178395,538.2148578738,1995.080661868,3519.5895652285,6206.4598026159,6284.9947794828,-1096.7219367417,-169.8668144114,9172.6184791376,-5.3027493054,6805.608047613,-3350.4181931588,5206.5685519799,8100.6356322794,-112.5022023601,1514.1102923108,-343.9472289534,3866.9423864215,3654.1622565367,610.4423651008,-579.3007727442,-16053.2965270106,-1842.0466676454,-95.8016602634,-2.6813364943,-0.4593134531,-5.4765457481,28783.2815778639,23793.5856334134,131.5659344958,-2004.4906467838,-0.9511839501,5001.4772085428,-1400.7948957242,1144.8872659951,-213.4975264859,0.1495945797,-1194.4840977786,-6440.5545416188,131.5639021011,-0.713073819,20610.9082444965,-3502.0638299688,-8990.5036654633,-28.0918718822,4308.7847847317,0.9082464482,0.9478727177,-7570.3910050628,6125.29614827,1.1211644136,-0.6698207135,-7145.5580302556,704.0773202808,27.6726555688,-0.7245772728,23336.2447483714,-110.7639864652,-5230.8865738761,2131.9031318295,0.1626271813,-3.1175292249,0.4084858761,-7.8571180455,38.8701104421,2.4605554338,-1703.607829725,11322.9365768564,4.9342740637,304.3460727743,0.5627813582,0.1618510125,-16336.9202821539,4593.2630683234,-3537.6215151499,-14305.4813764192,-13595.3801606509,-9061.4651514376,6973.8993374263,3642.9691427862,16008.4077989351,-77.377827545,-14419.4837091287,4598.6108172676,630.9824464441,10240.4662702225,-10061.1819861857,-5352.9621614826,-6.2198104231,6081.6674507859,-3049.8687407941,1.9592976905,7459.3609579406,6234.3931791397,7878.9879000593,8568.1094653147,1994.1472454229,14160.1766734613,-3620.9673172713,5118.1169229428,9480.0102079679,4526.557873909,-1994.2761849705,-11646.0770590463,2064.9922691156,1295.815535694,-10058.8713078513,2880.4543352005,-3161.5224604573,-2047.1346009938,-5378.4507591035,334.9532104439,6769.3355343656,-0.6176929673,0.2160407779,-197.3530137774,-0.1235571941,-67.9153815137,-0.8456215199,-0.1904194693,3.8349646737,0.3938117426,6769.7481823395,-0.8265057594,-4952.6487010824,-9681.6032131979,24393.4520111873,-0.6304792322,-13352.759688139,14.4926463184,10463.0486726471,781.005832005,-10791.9210157903,-38625.128722082,0.5184531377,823.3387828825,-3132.929185608,-1210.4575275446,0.896208974,6393.0758904342,2667.3300012217,-127.7581304285,4.8968935819,-4009.5250925808,0.0204168648,2537.5373308593,-2861.7935170192,-0.1624181544,-8671.3661604497,1772.5422390132,0.9450994447,13155.344077078,3498.0796042763,-0.4813968435,0.2167228072,-3096.151915089,-9.1158070123,-6750.0185817366,-3270.8048714051,17189.1603579378,9616.185413498,-1692.0238654104,-5057.0452500555,-24630.8664706603,19257.0037064129,-7.9075528108,-5985.3855416492,-1365.7299270411,-8445.9351725405,-3912.2926681185,10898.6583843278,8766.5683459731,4927.4820688837,-4516.5025113938,-5665.277659301,-0.8450037338,-8762.8777209206,-8791.7251293237,8889.4095081676,-6640.9287038097,-4317.4794165468,13470.9406337278,-7447.4720616069,-0.2930837169,-1322.3667447285,-4560.1043938965,-2371.6596573356,-38965.9815934201,-7065.6793950588,-2600.1157898389,2561.9098128813,-24.0484844034,-8.5171366521,1637.9636448478,8265.1893982116,-6535.2317883129,4686.2653311772,-0.3652453443,-21692.9557559921,4.2677948925,11031.3197133442,909.117055561,0.1189134765,361.7436261713,-709.1195461263,-6536.1123942508,4687.7798425954,55194.3574934852,5.2373153346,3310.2745045898,-544.3334980355,-0.9383893493,-0.0660847131,-23671.7434227705,-3457.6820849008,-2225.6777150434,6.6608701997,0.7285910186,-0.2582152213,0.1169236867,13259.1781208839,-0.2879516942,-24689.5663481241,1.0536862181,-27225.0606239751,-2.0510826554,-37867.5292512048,4405.8313003335,-57998.8380944444,97.7827278615,-0.5585952538,-0.1734555807,-16669.7684309322,4332.3350039936,6006.2801138445,-2.2891270966,-0.4823705936,0.3252410006,2817.9475743397,1894.0504694427,-1604.0837149016,-436.6299230738,2213.7000715327,1926.0902315533,-23.1344298915,-4113.6186936926,-7969.9275856287,-12655.4198265494,2486.4486832672,-10464.9086181612,-2568.0076719592,1916.8236592255,-6064.5678626743,-1568.0869499143,-8307.3088101727,-28.5797749394,3790.8512229003,3250.4015574411,3347.6332081165,-3910.0260262589,3678.1784193219,4016.2965074358,-2731.9837019319,4494.3168409724,-11073.5739223429,8198.4932171408,0.0585915196,223.9195906576,-98.5865260453,-2701.6267338435,2.6403690571,-6568.6076726932,2337.5256835217,-39766.7490427005,-0.185396942,-1.6972506347,180.7145844332,0.6327065917,-6338.6774264692,-0.8427386545,-0.4562489354,4992.2087508682,-15990.1739492703,-19278.0471494935,0.5218104214,-0.8803266405,-3370.1622915021,0.0207086677,-6338.9565747983,226.2454241916,-175.1505141921,-14252.7532207097,-3.3180818088,0.0384541832,10610.7392160862,1475.7691126309,-0.855420415,-3444.5178343743,-0.1647189842,0.6270333047,0.3722001787,-1735.5281752899,9.6031029171,820.727435041,0.8317946499,-7838.5227066033,-6910.4264940649,-2773.3024632105,-2.5434568815,0.8716791951,0.8887289646,5338.3143398365,-0.5077432859,2534.3150168008,-1.3415304174,-2357.8613677883,5125.9251244512,-0.7489676591,5039.4225411335,-15881.6211344455,0.2144740017,1513.2770183928,-8023.0989724144,-3829.9575664893,-8541.1756828344,-2180.1365923471,-1281.0254561319,22.6684205056,4603.5019534676,36.5176799104,1299.9689451734,-1405.7316613005,-2706.0912339345,-11.2699236428,7883.2190258654,3335.2614527064,-3338.7310505513,-5722.3027443398,-7579.6705528522,-1555.5611355837,-9037.1159611178,5764.8737007821,-6642.5039980275,8874.3997229474,-736.7041131834,-5842.7980719905,-3773.3006955896,737.6651061355,-9437.8031343122,4335.0547096565,-7901.2900434371,387.1780552577,5634.5740260466,0.6119590531,767.3307448206,40.0090971124,11388.0630392111,153.0975914268,869.3935790868,-13662.4687897026,-4517.4073597849,79.3380070181,0.1581175974,-0.2152939655,1922.5381738499,-19450.6304280116,7.6767740915,0.5709096206,0.4311686405,-8924.0958030024,1470.1528570297,80.836471421,-4056.1467547331,-25282.5800419903,-24.7780990468,359.0652153472,10715.5597937712,0.4812908132,-1849.9932353654,-168.1035322911,-292.5054298149,76.8946498327,-0.8103404684,-2226.7751703081,106.6933331056,-3004.0071124917,-9308.2722405387,-0.9343514541,-13345.3564660924,-6386.4279590771,16515.9309770355,2770.1344680904,11338.4715862167,-0.9758586452,10718.3013844631,6159.8086392219,2951.4138048692,-1050.0270051776,-1.242841098,-8664.2849941131,-3071.3328236731,0.1915597515,-0.5946618749,-0.894523084,912.8719262448,-2.2605227177,-823.7903864664,-2193.2647924546,-17239.0809481912,3758.3283964356,-7.7046545119,-1966.7756781857,-12021.887139609,-5363.8890548882,-112.3776132416,4312.1362654434,4011.6775673212,-1076.3561762524,-0.9366532766,-3370.7597128107,-16923.3288633585,1989.2824423766,-3256.5354090573,5922.4849002185,-549.0904002949,-4081.3519181745,-19.1513609851,-0.8234030058,6824.3880841244,5267.433157723,3565.2228060081,-2229.919464887,-4954.4979104567,-18298.0198641377,-1.5679032471,0.9051573084,421.4142570452,-20.0383765792,-4376.7739774593,33.0069812947,-1.8072716196,55.1366608108,2615.1923690832,9164.3291350332,1337.8494756001,-13194.8647689419,0.4810696364,2756.7159517112,-216.4112297023,-2590.7337632148,-3195.1534396617,-0.2449381714,-1876.3070075847,0.0797151778,1337.1538912481,-20389.9797132135,16403.904205835,-25562.7118747861,-25355.9358795317,4844.7454621806,-4.1168009038,2074.244298609,-18.1986785641,-4003.5690557918,17.8409273853,4959.8466792009,-3392.4561460726,0.242710998,-0.0407175788,-29765.1583087212,0.2854634983,-12519.6307050362,-1200.7714383153,18203.3350869786,-0.6658577051,-37237.218563917,-1499.3059311457,180.7075402044,36214.5867698814,-0.3055878729,8703.2960109861,-1840.4346036971,1321.375508435,796.7009631655,-1.5146203117,3032.6534325295,-1.6328368541,-4705.6344506306,-0.8954897229,12271.2613653684,2259.6493744584,8135.5495299701,-4396.7274237953,22.9031091128,-1037.4658948708,-9.1065389708,-8033.420605169,36.0269766507,-1369.557918614,-1887.9595905743,-8074.7915992406,-1417.6940794567,6794.5111603572,1793.5819241582,-3161.7688731688,9975.0919660921,-783.5341367254,2644.4110490931,-3719.7948323593,-3601.913874509,-12572.5808267587,3061.6880335177,3202.9541447045,13579.0420806676,-9352.3711656148,-6697.5728470619,1342.9740154894,-1685.9620131367,6646.0188948229,19402.538321471,-4585.7133439885,-5377.2191266636,0.9563700927,-11276.8243420051,48.7899548691,-2295.399151782,14664.4252270171,-6906.2803136501,-8745.4375455583,0.1443516514,-7524.7962028444,1.5563259305,230.3547954808,-0.1813317461,0.6664650609,1.7379096104,1.1724683896,-6906.2566340813,11833.7529517902,7171.0981465926,3.6849116088,0.2738851281,-0.5606349401,-0.2213946833,6158.7884082105,2798.3501515437,2581.9657162244,-9594.5618894682,0.0904946747,-3758.6909027126,2715.2551888511,-9343.3673362961,-9857.8313882629,-0.144774055,-2492.4746510652,3.5643644324,23007.7224844366,641.9088854878,-51005.5597687505,16423.2070716858,-0.8475712959,146.0236361514,371.9406533201,7840.2768658038,0.6906656854,48936.5930941418,34488.7018364617,73.231265459,-1699.1719918957,0.8425653814,-32.1244314138,-7051.0146518935,301.9089352122,-252.1173917883,3688.7349804609,5.4844162838,-300.4450048434,-11022.928017985,1.4065510633,6331.1112511888,0.9529127674,5682.1242104818,15891.2370976029,10408.8840203693,-1440.3014848205,-3932.8732004595,-3339.152847347,-9511.90731902,18707.2216890034,142.7515066151,-4966.9313989793,1579.766446524,-9436.0726810253,9656.7448701278,-5226.8014687611,-18047.4709207288,-4378.6021267219,3791.1610627232,-7268.3786219645,-4714.6910658023,269.798574052,-2039.2090723617,-1303.6187185338,-3223.7040767839,-0.354894814,-22.2324970532,-0.5553513759,1.2053599535,-16622.7743033392,0.1240757781,9.5161862445,-0.7238585827,0.0659632052,0.6676581719,28.352954642,-3766.6171795236,1.0432701415,-0.6523471936,26527.9356977037,-1197.3557745839,10.3511396096,-201.3635252224,-8397.0211914747,2.4802200054,-0.7622014984,19396.1574875012,7.7687667979,-0.2478716603,18633.9810310022,-20644.9162907502,-1.0643084067,0.0157998563,-2.9767673317,712.1487014653,1.0241405092,14540.7463401044,0.8252790296,-20395.4337167536,3748.6568466106,-2500.5028933538,-3431.7796559371,-5835.7607790282,-2580.7231671433,-0.4226490969,7751.3415987906,0.4973628369,425.9323129645,1935.9709458657,-4295.1983269196,-2471.9043132144,-0.6893959539,0.7032342066,0.9976885774,-6309.3894386534,1.8793803353,218.9753978976,-74.8204216047,-4402.492239753,-6549.5559506425,34.3741246615,-4751.6311640412,6773.2054041922,8107.9280143548,-3598.6200715724,2655.2827592703,494.8841770894,9103.4503565141,-6156.8804557424,-2832.6484925585,-7002.4936535647,-17200.0468915857,737.1592666588,6760.4093001473,0.0987829281,8354.2720622076,4065.0940250998,-749.3876084498,2803.9511716903,1.4041504266,2650.2086922822,-6775.462985282,10054.1189194437,-6997.621211778,1068.2897938395,1397.7905786187,-0.7555140456,-13440.6273535824,-0.2318577925,-2397.5599937124,6.6910338668,0.6143052366,22579.0292880736,11256.6547999241,36683.5999605882,-2056.0289012926,0.173725313,5102.1126697271,13022.4442591169,-36862.6395067488,-2451.2365196824,-0.8888531538,1.3452249769,-4803.5640304776,36683.3381387127,-16519.0728070903,-0.6740309246,-1.4879194343,3408.9534953569,-1945.0402506583,9528.645901195,-28998.4553311176,-33059.7897470468,-2990.325375584,33485.8557169225,0.3760128308,11900.4429921786,-2743.4709798426,2499.3416494718,8228.5082732217,-0.2307859272,-29111.7145069861,-6997.7938904202,-8845.492240753,-3623.6000879891,2611.0977941753,-1200.4030381333,-7780.4954138733,-4.45052647,0.7183785218,-3.738720504,-0.8461748658,253.9667787169,4480.4688388068,-9449.8078317888,-0.7914520688,0.6306126709,1126.9112752546,-2.4954119257,2843.0971296338,-2827.5517982441,-2625.4836276272,5958.74706417,-1317.2086509578,-4313.1334201953,-1848.9363483584,336.9806801255,-8.6484754511,-9.2740887118,3967.679973149,-13121.3861314016,-3618.3314248663,2487.9982224809,9818.1321925289,-2782.2382265293,14362.8178875042,7016.6920633108,-12352.7954511025,1358.9499692114,-42.1085678368,12426.3941592275,-214.4511132074,-26003.0125346066,-3633.5589822106,2.7335866929,-26488.5315290453,-10081.163468242,-5599.9461155456,-5071.9190958246,1510.9449581623,-768.2708048325,-2104.5851896136,-20.5842519858,-1.9162805825,2.1024314253,-3489.0595129737,-0.9170528868,49316.6728349347,1.2366036215,-0.3170430366,-23.423574821,-0.2031871554,-0.0485461793,57.3610121142,-0.9015062436,-0.040023045,-3956.410784823,49316.5134618183,56.5535801165,-145.8705135192,-0.3774367336,-5885.3281929306,1.2564210653,-29270.9357728719,0.0282430821,72.6104682724,-3860.9401848854,-1333.249346353,1932.3403820148,-0.02690282,-0.7106733532,2.421032058,-0.6334386393,-0.3149217186,19222.0231760097,-4300.2418725768,3.1800713552,-0.1307393217,1522.3626694975,7.211340673,0.1787065522,-5857.0574787339,-10.075384205,0.5042562252,-14.9893973584,0.6739411812,-1.2763516426,2611.1592398833,-0.0363142823,-0.3509208558,-7745.2966995213,4042.9657115246,-3602.3249172735,-1683.9970580638,317.1215398157,-8901.0689538835,7836.2507090868,584.4543467347,27.2766335855,1.2823598211,-0.1183793927,-3791.55228116,-1.0246369775,10693.1567145017,11573.0621520283,-20546.3328209947,-2793.2611032265,6450.1938048103,-2640.3628498301,-5798.4085624101,21.3622830588,-2971.8589425019,-2222.1602188826,1924.021051052,-13653.9363434179,-562.1477130867,473.5663987423,3436.155674173,-2088.3466722151,1167.8585204927,-1754.6602815185,3685.3223220732,-13200.3452701565,21.0592432953,-41241.4613275121,2.6005668412,1.7210151486,-4.1403055203,-13031.2019323066,-0.3019944102,-0.5622501685,0.3630334536,0.4051467559,-4080.3333632711,-8.7681177175,0.126844006,1596.6548085188,-0.4560207231,0.5449854242,0.0603688669,0.1390647911,-0.0689136208,-1460.0641330254,-1986.5302109397,38506.2503718538,-13431.9121312788,1.046970908,-0.1620907236,1107.4948025212,1424.7348681354,0.4686061048,-1.6076194266,1109.6579314113,-0.5916584303,-0.9452327958,-34781.0774256813,0.5990830263,3202.9593926709,7.7004081312,794.8028728793,-0.6555030261,0.4567756663,-0.6674525862,-1.7174714703,21220.314849324,52.2676965576,0.3264578966,-22.543344923,-18422.0818129004,30613.8001811888,6055.2619325506,-0.9178848562,57.6923744242,-10980.1899473073,1812.6574314886,-19792.1106539369,872.8460991128,-4301.9228372875,-7880.9235851677,1376.3330117613,2963.6032170706,-6163.2728286899,2625.5104595449,727.2308803578,-1.3115534273,-744.3255737398,4575.207123878,21921.3748599635,-8233.7576245145,-1690.5387300988,15698.9878892488,4645.6104434485,1090.4477238996,-217.5693728304,-5425.0879415567,4581.1570409017,-10354.9013309733,3449.1066808054,-2487.5020720756,-2432.3628484733,12684.7050068432,9037.5941569735,-566.5079486145,6130.7445756055,2865.9360064316,1.5250731126,11.1684744773,-7.8531491168,-14076.0204305978,-6325.7675539321,0.6928781422,-1454.5407563998,-16220.2898671412,9281.1981946009,-7111.1942847462,-0.7773870779,27052.9166255572,17745.0031148884,-35618.9847627849,7879.5892531224,0.3981683139,5804.3097446456,0.2555022876,9283.0036556281,-40454.7714281179,-11145.2869129036,2988.1999578786,-1.036443171,106.1721653196,21.2315343643,40080.7791384138,53687.5641483319,761.2322866899,5650.902484245,-4.1062366764,-3577.649736018,-2.4895512354,0.594452963,-9.0606013712,-0.104804381,9177.7851111628,-3446.829083725,-36827.906717412,-35.5863086401,-41144.8312381106,487.1820261359,-48.2638646826,-0.081114094,1175.652067673,23936.210985742,4667.0287416979,-1.0198280456,23902.1711740891,-4217.0979822724,0.9344821307,0.0778727241,2485.9781087232,0.2754160715,-3740.2951645818,6741.8274050222,2868.4046708775,-18.2708243863,-3313.3482235718,-146.4942634497,5162.7333785835,3.1830826843,-1383.6313400001,1105.3955933935,15.7911919125,6254.9350058701,1.717315203,-8841.8344081617,2755.9789054191,-3412.5338617647,8948.2179935142,-5818.3130107821,5241.0832290539,599.0342128496,-3941.6290671369,6626.4700855706,9168.2033582404,304.661668396,-24.7946242178,-500.486182011,1466.7150087376,-6810.4260992259,-2779.4461587862,-12499.2141506888,-17820.0047118475,2804.5321401564,-8.3433295574,0.4495775276,-14680.8234610624,43.0429895375,-143.7990987566,8953.3627493976,-2.3639366926,-2174.0841514293,-0.7684221669,8839.9861175014,363.0848074779,-2354.7822386963,12209.0910235107,-0.3793243499,1437.5828315914,-0.7663231525,-1.1484961231,-0.2556414923,-3738.5663436756,936.5455580216,203.3981794034,-0.7130557511,-0.5514299168,-0.4483948693,-0.2692733963,8888.6208350393,-0.1850837764,874.4121491699,-30032.8190426356,-0.2038474217,-14305.8204310334,32752.333871517,-0.3623683599,-7218.8858926867,228.9314912702,0.6311597537,-8444.3302591209,-27581.4333013436,7425.787414394,0.0547538812,-0.1253913148,0.4127087448,0.0373154865,11.7371284223,-0.4214978473,-576.5384733003,8214.762628783,-0.2482990558,-0.1921487395,5676.5442907625,8874.3901835305,-9831.3808843248,-5514.0628811407,-8107.5992804928,-4335.4652424088,7540.5900864188,1271.0036964909,9822.0522832957,-5317.0057213839,3158.291480975,-1390.5820063295,5952.8167186266,6968.8760887145,-4391.1837042563,2537.9084688988,-1060.7002482963,-11937.2338548896,10850.7329866854,-5717.5687476785,195.6317097452,15600.2312529372,4174.7435630912,3644.8192627528,2174.5532890401,1.928213915,1269.0573280757,-490.6356305232,5276.340176362,4077.0301084012,-12571.715798032,10260.70252384,-0.7918404048,-0.0357773609,9026.5055767127,-224.4017344737,1.1860389122,5747.7805463819,-9933.4788812709,-0.1583504824,18539.0488036769,-18.20402744,-0.8745617097,-1568.9927124863,-0.2438931037,2.4511723873,8805.6133861922,0.869997136,0.865759262,24.6291957753,18539.9905957605,-0.8476114029,5613.5542723716,-16570.3477665147,-0.1472565452,-0.5519862656,-8.3266231416,-9011.944294651,-2715.6043007845,-37412.5615623123,0.5949773507,0.6329005348,-1562.6868882598,3.2192942173,-0.8334359724,0.0964063568,0.1971037083,4489.1090182169,-0.788549056,-5958.0925158857,-651.7085106078,-6.3502777211,-74.0858889057,-60.2163202957,-0.1293716515,-0.2082532488,24.460897509,0.5794437619,-1.1980134133,15216.6367791155,22.6242555289,-3233.8382380943,-0.1329433458,3566.7009097287,-881.2203166955,-3172.1914091733,2173.5984402983,-14582.6255613371,-679.8384916612,2735.6504314058,-10038.8194950298,15237.7328404276,-6853.6953827078,4154.4023283558,-4434.4473035983,12145.3671006496,6750.992582327,-7307.0426265521,9542.0535227549,2745.7883249938,3546.4889082075,-205.1071945301,-2543.1750105854,-7824.9596538375,3544.0330156409,-10104.6828590597,2392.1622929168,16952.1989228738,-8685.5377430293,-236.2577412302,1121.2461484136,201.2630329785,2860.4925991609,5576.5605119808,1041.5129596093,5917.8139726023,52029.6347316528,7578.1039457145,-0.7885717768,0.3404811454,-0.3929104529,-242.3102368426,-0.7728627013,-0.4209277078,1.0377924044,0.5645743125,-1.0818160702,-0.4196407077,-36636.3985916888,-118.9853599785,0.9806621441,2733.3302037576,2812.8535170163,0.5849229667,-1600.9561102656,-5.5933465515,155.8595651775,16945.2427818805,-0.224237481,0.5932844912,1.6741681689,-22604.3115662325,8595.5859355446,-9094.7469070676,-0.7282957631,609.1205431841,-0.4567989182,-5751.6185614221,-3947.0704268881,-0.7060190157,4284.8050983788,-10282.019666371,5087.2345256256,1275.6058750093,7.7222004663,-0.7044453902,-570.5397396389,24536.0483008353,-2866.1648879939,-3246.1990511692,-986.4208441305,-37727.5747445509,-7616.28952893,0.8904165605,-0.1220968694,-0.750804516,-481.2134241768,-8711.482208856,-7788.509530922,-25284.5303509386,6005.4673493988,-4564.4130630435,4039.8492132394,192.0974533226,1534.5623746378,-5974.9417737862,2716.3267173408,-13034.4276831611,3961.8139420597,324.2574919667,-5805.3534696901,-5810.972849991,-1436.6980072639,-3627.0871083779,371.2769919785,11276.5249376946,5.1614863641,-7370.7129807471,-12624.6693575195,2015.5870940407,-1981.3804080881,-518.645548532,-247.1496969465,-9265.5068417068,-6226.7762872106,1425.238085329,-402.8094224309,4384.9307821271,164.6202277335,4263.3498583328,0.4657728526,9372.0612626963,-6107.8415291849,234.6749621406,826.9176380232,3929.7930809733,275.4907336891,-1638.4483897568,-0.3493902307,0.5465994576,-50.3952243825,606.1983271653,7.2164815678,-0.6923797742,-0.3517727649,-1582.6379003351,275.7579409903,-36064.6133950099,-0.1643385175,22160.4669041503,0.7908018239,-23.9033571074,-1131.9134931101,1282.6864167511,-2266.1524672596,11563.8305611089,14631.7205418843,-1.1079481551,-1957.3699135182,-26546.2834701003,-1538.2178734089,-151.0710371108,-0.3906740988,-7409.0039248082,4745.7805716439,1371.7749229371,-21594.102134366,-54982.9280168797,2483.6963294229,-8049.5477246484,2326.0776439799,-0.6608766616,-0.3587361564,-6420.6311537783,0.5614402533,-0.6576692505,-113.1588486139,0.1490904082,-0.1302129707,-13685.799458307,8936.7491411501,-1589.7916069572,-4.9867279218,-675.3150938801,-8874.2105180421,-666.0675404593,-7320.4900639819,2032.7701849671,-465.0373574519,-2638.2097355019,-2990.3360956647,0.3243238927,380.5635778969,9875.3698411341,-6588.8207832674,-103.8243354008,-3779.8528811171,3530.1372161637,2320.2459943938,1750.8868631469,-0.2557045302,-10715.4436731423,-19.1152342045,-6646.4422066822,-7.1333582999,-5253.7933902204,3463.0095096705,-556.7208836766,-6866.1518017417,5693.446191506,-1614.441579853,3955.4428124963,-3961.6866018019,-1.4352939266,171.2109055642,0.4062918183,3990.808460373,-107.6769561401,-31.7634635946,931.6988324045,-19569.9812730865,0.3795634987,21.0593930029,15951.3853197079,12515.3902758626,0.5642124477,-0.6648549615,-1.2373129946,6452.9846819432,930.9841427469,18987.185701961,-24.7794862489,-14315.0760371572,-21355.1107530402,39.0312117973,-0.8765994081,0.6108739291,7933.9274388818,-22065.414413863,-2009.3533963877,-3794.0612178863,-866.1254110039,1470.9074724862,-1.2274094378,-729.5305079343,0.7489629124,-1177.3827315755,-0.5631008858,1.6551493785,-0.1193342314,-1513.350951874,-3436.9105411766,2696.9625627214,-2556.8411058328,0.5233007684,0.8389245115,12510.8879379865,-0.7733507907,-1363.6200981341,1.0297765864,0.528108323,-1.0470773462,-4154.5714356943,-5117.1063530938,-6472.1841399604,-9862.6125863676,2649.9131326252,2528.4552854657,3586.6982541397,1374.378890263,2347.5088649359,-3184.4860752616,-0.1840576537,-8230.8698950677,117.2866411869,355.1592653735,1783.8526404256,-5944.4062890777,0.5524825337,-6.3245990305,-1031.5512772081,557.0459524712,12157.578473812,-558.6745534864,-1272.6025360328,-13853.2572540526,-1117.5803509498,-3676.5257133986,-7919.1401758646,-4222.1632334209,-10173.4728394289,2772.8090939733,-1064.8123588528,-5363.82875437,-19379.0425306695,-4420.1092673804,-973.8520061901,-2572.1680285037,-1.5865061325,-29621.8149766303,-2047.2539659457,0.4440656381,-3668.4074991941,0.8779574924,0.7104557182,-1.2537089029,-0.1629470006,14735.7359276188,7962.9035117314,-0.2064968196,-0.268474157,-6164.1378456635,-3669.2086985371,25602.1595057216,9.8374355925,-5036.6685679189,670.2336681008,-29.3769629637,2159.6857430508,11054.0496006592,45577.9954742152,-1865.2073593365,-7019.6626642519,-2286.2916051551,4286.6579499646,2471.3806426386,-0.8696724493,-0.1153181799,-0.5597094296,-3500.9646554831,62.7690070096,-2754.148644771,1.014166733,0.8918748593,1691.4881003978,-2071.0110559244,-1810.8093738441,9021.6390616197,31.0135379637,-0.5663128729,6.6847224306,0.4223972045,28452.1388805847,-1575.1561814923,-0.5869820338,-2908.9402450866,13099.3070953133,-2599.963769526,-2978.3693473842,-1640.1815755121,-13991.5045840547,-8648.389066878,6060.7194348475,110.1035744568,3626.7873246925,2035.6114439727,9705.1473237262,49.5568698055,-954.6130054356,-831.5642395269,5012.7896471651,568.0177139687,-3767.5366677238,3733.8001586489,9557.5866580386,-6414.1461344271,5949.3114375196,-361.6714955824,-5634.7935904059,6824.9195798826,8957.9937749877,11275.9186287213,2298.7854119513,-3090.5753982894,4335.1839423623,-5971.8822393222,924.7725937551,-5240.9721343213,-1084.1763247849,-10.8882292152,-0.6758867181,0.5242654161,-3445.8041015532,-14264.131424322,125.1625071577,0.1099755116,3.6279015803,-0.3345407105,-4796.6275913413,-12449.1909056807,6280.2976524078,-1052.1391589263,-0.4906760188,2826.870988691,0.0250476094,0.9277949424,14.1695039708,1581.719353608,-4507.8939447739,-17186.2682901886,0.8130812325,-0.1541047255,33.1900385329,-10565.7202890112,-13756.3565197563,-0.0987793012,37.7392714099,0.9581065783,-280.7520146492,12614.7951508607,500.3918765869,-0.9994545352,-5778.7878895025,-0.0703464942,1992.2270439108,0.5741016789
   -310.6968649478,0.9319649223,0.5862157267,-0.6829207775,4390.8089477671,0.4279198007,-3047.6336960432,0.7729290555,-17540.2499702338,3293.68982897,3259.8177166409,-0.425980394,6829.9144578322,-456.5203838818,1017.059170307,0.60154116,-366.4322850657,12406.11581293,5305.1387285787,2234.4033126694,12485.0324282655,4.5209371807,75.1992912324,2450.4305088071,1011.6590841817,-254.4528981187,-6927.0464340555,2833.8353121632,3704.5722044254,3642.8540157589,-4887.3382156259,-11956.2544262182,3548.1765489756,12.7051649681,-10809.6227815111,-2700.037423994,-3166.3082905556,1480.9871907131,2834.0035592572,-3567.6756041143,-4914.4736679347,70.0730414372,8415.4824571851,-4826.9596973285,2656.151364281,-1963.076838602,-3799.7013113241,2280.4349620642,0.7849502316,-0.2579622125,-1018.7438184928,0.6976130945,-2.256913021,0.5365943421,-0.7345164063,2396.2404559185,-8873.9590356372,-13579.5276621122,-6.1836754809,-0.1867261851,-12.3343066354,15864.3628961043,-3.5622498237,-49762.7246672577,-24167.1627987335,24479.316992401,3514.5254012218,-0.3113541503,10273.8765345167,-482.8763217921,209.1385031962,-179.2089649194,3763.9311833521,0.7433889646,-9720.7805280794,3083.534680406,-0.1366724324,23549.5943690493,-0.6749500924,-2156.0841711644,-1.1976480032,982.4820759843,0.6157675188,-31701.6896211462,2298.1794984994,0.5758284978,31835.5856431634,-1.5819778951,-9893.4487558202,34744.3055024978,0.0625086329,6156.6487941808,-0.611343751,-2.6120257301,1.3824755775,1464.1087009363,7311.5531597277,-0.3468868893,-3005.9967677559,-1602.7444281417,-7004.0349086946,-3771.7100855121,14017.136863938,78.3284339921,-0.5342953252,-3269.2904720477,-8922.0796948969,-5981.1147676407,4672.3760367361,-7857.8952023442,14598.7264087494,3231.4402840544,-0.8887170883,-995.0768770894,-3146.4592065001,-1.8828953116,2836.0052881359,7335.5028849639,124.2601184259,-63.0305008895,9542.6102976589,-755.0165886157,-10873.6573441098,-3923.2274799007,-5584.4024432247,2300.6938447318,6810.1121393998,-37499.42085522,0.4017039299,0.5625730971,3173.5695188233,-0.6546246929,-0.61672031,18618.7157123594,0.8592324218,-37135.5968811874,-13669.4814762632,0.8310372045,36296.0434664003,6321.9039683148,215.5972016787,2042.909513409,-0.9042857074,25002.5309237541,6968.2830532139,-37136.0710713984,17559.9702116691,0.3828025575,3505.4214127879,-3691.1616904192,-4134.5339599517,4.5830672194,-29661.51296216,14682.9703035014,3886.8128894817,-675.4497805555,-0.3768004447,0.1080342937,-4160.5975154582,10568.7861895415,6280.8017376006,0.2679883269,-3517.4456759742,5.3523431868,-4076.1591061879,-17033.1162751514,-5601.5134063726,17760.612237281,0.2293513818,-7924.2317826811,18484.2185172553,10557.3108511633,-0.1201938907,10165.8567489341,-11927.2866753302,0.5244944785,-6856.2740560831,-1.2201419727,-295.6373577943,524.3742581261,-8842.9304047376,841.9314554256,-2192.6532424663,6413.3164991692,12734.4671281027,-128.9741039265,-4477.1715925011,664.4411556753,-6923.5330999903,-2120.874480458,-2027.179628378,239.4748362475,-7407.498842367,2004.5353994557,14809.5440453945,2128.0940055788,16914.7584421638,-5961.3909254943,-1574.3350288555,-23859.4760272141,738.8816680287,1.8285747132,-8635.9392806595,-8610.5888622205,-260.2053261306,-4371.1918512999,2124.0618621906,12543.4215777125,5530.7934386727,-16468.6950718481
##end
biasActivation=0,1,1
[BASIC:ACTIVATION]
"org.encog.engine.network.activation.ActivationLinear"
"org.encog.engine.network.activation.ActivationLOG"
"org.encog.engine.network.activation.ActivationLOG"
