encog,BasicNetwork,java,3.3.0,1,1425320887714
[BASIC]
[BASIC:PARAMS]
[BASIC:NETWORK]
beginTraining=0
connectionLimit=0
contextTargetOffset=0,38,0
contextTargetSize=0,14,0
endTraining=2
hasContext=t
inputCount=11
layerCounts=11,15,26
layerFeedCounts=11,14,11
layerContextCount=0,0,14
layerIndex=0,11,26
output=-0.0419625304,-0.0001212721,-0.345795462,0.3369183641,-0.000116035,-0.1006898798,0.5708855785,0.0817302469,0.599655924,1.1291107862,-0.2321902048,-13.9694527664,-12.2593434946,-12.6778587281,12.4740234765,12.9001108178,13.1782734741,-11.9294499267,11.7610427942,12.7983497907,11.0907960378,11.9302908272,-11.373484156,10.7093374075,10.581618894,1,1,0,0,0,0,0,0,0,0,0,1,1,-0.0419625304,-0.0001212721,-0.345795462,0.3369183641,-0.000116035,-0.1006898798,0.5708855785,0.0817302469,0.599655924,1.1291107862,-0.2321902048,-13.9694527664,-12.2593434946,-12.6778587281
outputCount=11
weightIndex=0,165,529
weights=0.000367327,0.0183708933,0.0244446164,0.0313565869,0.0153869776,0.0216719488,0.008893727,-0.0158969834,-0.0194820993,0.0102911342,0.0054638202,0.005424735,-0.0082697307,-0.0043409719,0.1823291703,0.0000025531,0.0000000618,0.0000009661,-0.000001236,0.0000000098,-0.0000012992,-0.0000010404,-0.0000010732,-0.000000789,-0.0000008574,0.0000006435,0.0000016081,0.0000002638,-0.000000956,-0.0000024674,0.0039998,-0.0001053622,-0.0088365857,-0.0038292293,-0.0220260992,-0.0085577223,0.0037890571,0.0060403397,0.0065504955,-0.0098383622,0.010069699,0.0047450735,-0.0111060934,-0.0131654443,0.2329645244,0.0005735499,0.0138352231,0.0121450017,0.0212765944,0.0146043217,0.0333772499,0.0001048292,0.0114944266,-0.0382815571,0.0088678894,-0.0069628859,-0.0027046438,-0.0048733754,0.0094141978,0.0373913941,0.0000020087,0.0000017689,-0.0000000624,0.0000004641,-0.0000007435,-0.0000012035,0.0000004608,-0.0000013015,-0.0000001679,0.0000009846,-0.0000000534,0.0000003256,-0.0000028159,0.0000001795,-0.0000027886,0.0068639799,0.0050383679,-0.0061377867,-0.0163624521,-0.0066612291,-0.0199891369,-0.0116395095,-0.0024432031,0.0132631515,-0.0066268583,0.0147442389,0.0067839974,0.0080238255,0.0050654965,0.0879637423,-0.0090378273,-0.0063991305,-0.0129735073,-0.0319977371,-0.0031950884,-0.0034553996,0.023128706,0.0258750987,-0.0078109599,-0.0055734253,-0.0017091884,-0.0091449057,0.0118020974,0.0235388744,0.3618857156,0.0227676686,-0.027439781,0.0114110882,-0.0325511553,0.0028730837,0.0108057854,0.0041031071,0.0018534252,0.0333282613,0.0182632623,-0.0303055987,0.0054125073,0.0010046502,-0.0261820126,0.5220871126,-0.0190302014,-0.0068320507,-0.0134927835,-0.0023837062,-0.0121713089,-0.0153750879,-0.0221131281,-0.0144133101,0.0073395428,-0.0091328583,-0.0114510375,-0.0207369582,0.003761512,0.0104587349,0.1312449463,-0.0212536892,-0.0086085962,-0.0079472466,0.0006470469,0.0070632018,-0.0017170801,-0.014209254,-0.0027195325,0.0236894011,-0.0137149108,-0.0036172754,-0.0125265188,-0.0088080609,-0.0065079295,0.3246372561,0.0003763277,0.0002409716,-0.0003881575,0.0134831796,-0.0183959774,0.0088759302,0.018403137,0.00607736,-0.0185007534,-0.0082934127,0.0127071245,0.0144120876,-0.0044330353,0.0044506734,0.2127696222,-119964.9489797289,-0.7131592263,-79247.2536184469,29624.6554289646,-0.2665330912,46264.8736173949,46855.3754188657,122165.7756300096,-54229.1417676132,-92488.4567323003,86955.1844861042,15871.7887634519,-22732.6593404876,38606.8721388938,12826.2074408397,28948.5320984124,12494.7868356821,-568.789895868,-43816.6598907808,-53677.2798496973,33321.7685941873,49725.3616558681,-49925.2367766004,-49550.7074302906,-2671.158879002,-36704.8959169852,43504.991820342,-0.3112370092,101258.8876320114,86578.1064533118,0.0917092819,-100433.3187654736,-30890.5671216092,-54043.2758431845,-56282.4159452151,77358.1580164418,-82781.6814150705,16991.0788936011,-37245.6070292148,-28696.6874393465,-2859.387508674,6613.7475629639,-84150.189171645,-81540.5884936482,22106.347490789,41488.2967715806,72675.8168172215,-8078.7779071568,-39847.5687348279,-2010.697795413,-28233.7670213235,18430.416623021,-91788.2158848892,-0.3775357205,76859.7819303066,212089.016913631,0.6613699379,-38219.8512613517,-42292.5042176654,-31859.4602127709,-130726.4475835782,2526.6965521325,66219.8197959273,-5459.0527278508,-38637.7979598248,-47503.0043860588,-9268.7708484198,-30528.4715470969,18784.9455800116,-55665.7490842492,-1888.8910850326,45586.7091317238,-22935.4464592619,46551.6671109117,-29463.2911676114,4211.6894796589,-3160.8359605551,-18853.6217290369,9654.0463222588,0.8329576813,-65338.4485713799,42701.4491163111,0.9070515773,-23568.9166043158,23986.4262680613,-104488.3398216363,66971.7899745864,69745.9413314247,9887.6978575365,-933.4682213444,55166.6026404572,11706.1003988925,-22359.5039895511,19895.1554722358,56908.0452575171,-102907.6141334027,35324.9094981044,46267.9714093882,-40074.1845776079,28992.1735350976,-6289.795803172,16228.2310515425,11465.9359571782,-11548.8857740532,240380.004574664,0.8594170914,-17743.7903419808,-69892.7228653523,0.5270384526,179284.3546238526,60858.5514214056,-17703.7525898615,-374673.1924961764,5112.3838333021,36348.5811630535,5813.9988091782,74537.9129416148,27574.7628582872,36022.37140181,-67584.8310054367,12011.9831282682,13742.9403382299,-69145.882054951,-7310.1352683813,-6806.003718335,-24245.8204739781,88325.6352542009,-1024.7887881685,-2975.5136787101,1794.2512979425,-17348.2559139644,0.1290932881,-34559.9892633652,167032.1723294009,-0.1263533958,-478.9569193046,-13504.5495146193,15093.7763056312,-155416.5423906927,121529.1299124527,-54614.1292533425,7372.2590364419,-33484.4723569049,-33465.3952585432,-5588.0400275056,28791.699307618,39097.9365170044,4367.6794005537,23707.2626656999,-15278.9019792801,-7392.1498981383,3840.5093080055,-10890.2845232532,25669.2076766629,16094.965367686,12485.7840915585,-64670.6072516938,-0.6011403162,123665.2648339013,110142.5395596691,-0.019822819,-243456.8081762695,69762.6251486691,27644.6129982871,-73586.1880841322,-9772.8502558713,-25407.1827163551,-4894.1641340834,-5694.6148722668,-26378.8612231688,18644.1745112366,-971.4708994714,-24042.5038346205,19439.6522641594,-52691.0034894771,-19479.4020872558,3457.8308166361,7122.0406869948,18989.9717492328,1583.1002330093,1050.7756431657,-6905.7796569642,59603.7191526165,0.581014913,-64082.7946953972,-231926.8833032482,0.1593658993,41874.7137135271,62640.5218701168,-62625.5511042301,171949.9359844719,88923.526029027,-90811.155251863,-5947.968473507,55209.8075791131,25183.262870441,-16528.0049733866,-2120.7761596607,-5629.585275371,-3247.9715915215,-17166.5160651564,28297.3077536409,-7218.7480510967,-3153.0649038651,42286.1373760184,5444.9722293158,6206.3008930526,-5737.1742339601,-123806.9165629903,0.1843274351,-6767.8756278301,-210815.6220851836,0.2749498868,216591.821121522,34949.9656908384,78322.902180923,134659.4546263407,-202847.7395809977,115939.4901042143,5182.586527561,-1204.486892592,-17268.2258397277,-20495.5061718209,45366.4257686521,-11859.8283239256,-28768.2884873047,13889.4291772364,297.9138467319,16127.0593477943,-15640.3674798244,1348.7780875863,29405.5582354782,14072.325093106,-10147.886879339,39568.9120623544,-0.7720494951,130053.7194798988,121816.7606225568,-0.5998309892,10224.0257563913,-58333.3266323327,75025.793423912,-66998.5377067007,-88066.1911185613,-174891.4702724985,12165.8402162576,-4709.499876296,2660.978007824,-6747.6662533752,8894.6092250604,7099.0566672956,21088.0588735544,35328.7847105558,-63207.1469372511,51309.9772176618,8829.2106466398,-11936.3566924942,-2745.5452837388,13276.8989946583,9400.6348042215,-25646.9219795693,0.1498806245,173654.6556953338,94438.3822125885,0.473664788,-302118.082748024,44097.3272947418,-186228.5883698492,193846.9221688856,65056.3489894307,-63152.9164467863,496.7523313724,-4807.0529347774,-12151.3842350758,-7001.6206746227,-18559.5951008961,-15348.2472154747,-50682.4920924993,-11953.2116875104,70048.3702407219,94393.9778232146,-6039.0446026889,8154.7852464689,2178.9389637661,12119.4493707973,4473.177515401,76215.1942548027,-0.6962534324,90274.7047937313,249097.1843229469,-0.0466599201,104671.5578651629,-149955.9628349971,-16366.2307907924,-102996.2122715253,-23133.2874898191,-65518.8538579241,-2325.1602981924,-47559.679638255,-16857.7518355189,15328.410200072,-78332.8858858428,17320.6072599039,29706.8905172652,19813.4424350568,-45813.9765977352,79875.2137144775,-21854.2348605934,-2168.9321185012,15759.5274486344,-2004.2155237776,-9983.1703032467,82789.2440298245,-0.6518553075,17184.6368323618,50537.858002046,-0.7877563875,-46540.4476794512,106441.4463372617,113545.7326963221,-139487.1095425927,-107046.7925695445,-99909.57988999,525.7297204044,28276.134063181,9013.9938033559,38459.5144876436,15422.4698714172,10342.8313171128,50755.6001781204,-35729.758273653,-64798.0147325287,53570.2057112972,40927.673308907,29103.6949452949,4083.1562739138,5278.7516262448,-4008.3852055402,58903.4674550824,0.8452028738,128664.6239484751,75681.3730273662,-0.426883483,-226062.2138082344,145189.5717729656,-155174.4928610912,-94849.9307392319,8798.1076611846,-60430.1136226785,520.9383135255,-20859.7293256555,23340.1452492541,46481.6722077527,50933.6630806456,2963.4140906206,-1970.7855508577,-40515.5689653322,52967.2450317679,-41410.628438133,2069.8421754464,-36386.1689299272,2598.8181422736,2516.937135198,-2284.4859553924
biasActivation=0,1,1
[BASIC:ACTIVATION]
"org.encog.engine.network.activation.ActivationLinear"
"org.encog.engine.network.activation.ActivationLOG"
"org.encog.engine.network.activation.ActivationLOG"
