encog,BasicNetwork,java,3.3.0,1,1425332127596
[BASIC]
[BASIC:PARAMS]
[BASIC:NETWORK]
beginTraining=0
connectionLimit=0
contextTargetOffset=0,45,0
contextTargetSize=0,21,0
endTraining=2
hasContext=t
inputCount=11
layerCounts=11,22,33
layerFeedCounts=11,21,11
layerContextCount=0,0,21
layerIndex=0,11,33
output=0.2692830521,0.5549035326,0.4243251823,0.3213239395,0.2389062919,-0.3247468328,-0.2359943655,-0.3520594235,0.5845545337,1.2122052886,-0.3891489076,-16.4975049619,-16.606595995,-11.6438499564,17.1917312118,-16.7714728437,17.1131772881,-16.4968288686,16.1868993379,-16.6050372778,16.8427838667,16.8798309292,-16.6329088914,16.5539760991,-16.2823866884,17.0788726149,-16.0952789104,-14.4714737438,-15.0463417306,16.297030763,16.5558894398,16.9434614146,1,1,0,0,0,0,0,0,0,0,0,1,1,0.2692830521,0.5549035326,0.4243251823,0.3213239395,0.2389062919,-0.3247468328,-0.2359943655,-0.3520594235,0.5845545337,1.2122052886,-0.3891489076,-16.4975049619,-16.606595995,-11.6438499564,17.1917312118,-16.7714728437,17.1131772881,-16.4968288686,16.1868993379,-16.6050372778,16.8427838667
outputCount=11
weightIndex=0,242,935
weights=0.0043488735,-0.0131807056,-0.008747346,-0.0086344307,0.0083228122,0.0118228052,0.0065247911,-0.0048323736,-0.0044466945,0.0083700423,0.00646448,0.0018549414,-0.0061836418,0.0083234228,0.0076119431,0.001152674,-0.0086259644,0.0072906533,0.0047029603,0.0048899459,-0.0094783635,0.1130710408,0.0098953257,0.0034318762,-0.0024141595,-0.0021876781,0.0010272268,-0.009944115,-0.0077046477,0.0011857453,-0.0071997257,0.0109359927,0.0076620473,0.002201182,-0.0063514181,-0.0016089927,0.0006154099,-0.0099227861,0.0028913665,-0.0176937764,0.0024683608,0.004401693,-0.0040967944,0.069935974,0.0010219187,0.0137409258,0.0081041502,-0.0090552567,0.0053392595,-0.0143948938,-0.0025753,0.006045914,0.0056256582,-0.0002599278,0.0032508683,-0.0199261259,0.009966277,0.0132180793,-0.0049660229,0.005751116,-0.0099206569,-0.0105616955,0.0007479513,-0.0074076884,0.0144686511,0.6168840061,0.0029359359,-0.0029092453,0.003470572,-0.000080614,-0.0024826721,-0.0065315485,0.0037612871,-0.0088617087,0.0048275914,0.002923821,0.0082479627,0.0049205443,0.013027899,0.0096996224,-0.0016697412,0.0052350469,-0.0090410805,-0.0069658746,-0.0066602703,0.0021189199,0.0150804666,0.2497541327,0.0011245945,0.0017938041,-0.0107711919,-0.0025972177,-0.0022898838,0.0118799882,-0.0038327065,0.0027917374,-0.0027923349,-0.0002398191,-0.0052029299,-0.0022182643,0.0013095945,-0.0049266746,-0.0029475861,0.0129699783,-0.0057619059,0.0049493175,-0.0063707939,-0.0008959077,0.0022488206,0.0937959123,0.0054820935,0.0067759703,0.0021182743,0.0071188534,-0.0036459573,-0.0113561961,-0.0039172562,-0.0023581343,0.0103755539,0.008539813,0.0041457474,0.0080789826,0.0052343954,0.006048334,0.0027318572,-0.0018676094,-0.0054262721,0.0130173007,-0.0046768995,-0.0192821405,0.013857658,0.1931970762,-0.0053228772,0.0040442562,0.0025172901,0.0098783115,-0.0172382595,-0.0032592798,0.0087433287,-0.010945029,-0.0010984999,-0.0085418347,-0.0031703861,0.0054996477,0.0017758483,-0.0113644805,-0.0065302557,0.0013918324,0.0077062482,-0.0005876954,-0.0152748866,0.01291295,-0.0072641135,0.1419260874,-0.0060583834,0.0121247666,-0.0072452835,0.0026542581,0.0070496314,0.0140125816,-0.0016220118,-0.0008998457,-0.0056420318,-0.0236933441,-0.0297316065,-0.0014009799,0.0013110185,-0.0159809539,0.0045601807,0.0076296166,0.0114641771,0.0091264159,0.00802344,0.0030658199,-0.0108304772,0.3377478803,-0.0032245812,-0.0074450964,0.0096498507,0.0033799033,0.0009734186,0.008702116,0.0027744382,0.0211695329,0.0070733459,-0.0064948753,0.0080568166,0.0052540437,0.0035425,0.0038744931,-0.0083673176,-0.0166655892,0.0075095091,-0.0026679158,0.0045238349,-0.0011255597,0.0102308535,-0.0700779047,0.0056310363,-0.007159805,0.0048039345,-0.0019832621,0.0069460493,0.0017938436,0.0008940755,0.0214973388,0.0059892779,0.0238099596,0.006638496,0.0058284309,-0.0075370688,0.0002113922,0.0164832681,-0.0165430869,0.0033783119,-0.0126599984,0.0205883093,-0.0104061101,0.0008170744,-0.0261384187,-0.0060845115,-0.016999494,0.0035318392,-0.0022033963,0.0027864523,-0.0014269931,-0.0024905094,-0.0150510425,-0.0102936455,-0.0142804995,-0.0027550126,-0.0122887774,-0.0134460791,0.0046029938,-0.0045945749,0.004642638,0.0007661547,0.0127948522,-0.0040718901,0.0087951711,-0.0147482575,0.3175390238,-14119563.655880038,4649262.908993172,-8810.0702904471,5625421.444152414,-2650887.3963730256,-5361286.147291961,-3016928.573147563,6745738.40969842,2404948.3282858,-1586694.1699086884,3981279.6031350666,-365142.5281556651,809234.9945965293,1666117.7854457567,-391817.9744775782,-502560.0969121262,-349425.858327657,-20622.3119072256,617282.2952287731,-715617.8180035646,206321.1509410648,858409.4989161482,983244.6976119652,194605.1945248092,-56203.6535007662,327935.0923253616,298973.5997933207,614349.0109738164,-316901.0920195524,-241608.4976084291,-127653.6116152865,-146134.5017547453,432922.592117649,8774165.116641065,8271580.898972281,-13129562.743227912,-30223092.042579096,4097158.659489728,25681212.572841514,-3189461.4726785272,-6862111.668073083,9865578.529922796,-3922730.4961612504,10414666.2897949,5459.1992306477,-810955.4412860873,474217.6521082953,13164.5701027576,971155.771338275,1308783.7807978147,1942625.9807674638,-708596.8818034793,-1590466.557254605,-777467.089274468,-1828277.0848473632,31335.4951350375,-323925.6058443871,-149271.3661105656,320977.2978554702,276917.3708381106,-167956.6542354843,176119.5409578356,-451088.5854125114,-481970.73057747,-154143.7587750968,187504.3049400383,-8065008.212559284,-1540032.3956306023,936108.744553788,-398049.2231255448,-3783392.361953241,-12726425.099199926,7913312.40199902,-1753565.1323647103,4099125.699297268,3226014.124735021,7633389.463166684,-91913.3761125794,-366024.318069637,240856.3249463326,-205895.9244620738,682333.4536399475,2414440.281467095,211353.9599749889,-1298323.568431333,-249710.6293692387,1265633.1575096797,959176.1301548263,481447.6580983241,110481.8438884485,378752.7348884922,-78085.5063566174,-68985.9883846325,20386.6266018215,93404.0017044182,43149.4470454658,260016.3489916204,59447.8910734481,87398.8113458691,8151104.285688101,-889798.5231694503,1494368.8360122375,2483081.439863842,-2097971.2876714375,-17870991.38024634,16440864.62906206,5178114.768192575,-920254.1564233593,-13742788.920632167,7582642.278006246,-98577.9713653092,145686.4629744822,-478792.8025987846,-644762.837365939,-409917.7867641168,-257401.2118334654,-1627830.490244744,1384833.4291168377,-439516.9372119099,2442844.883935782,-694492.2459995764,2123416.4337779735,323558.6740311767,164598.8967505008,-227462.7872908104,-329934.6574905404,-550197.5457217385,-86065.9623173992,86621.3562154155,141485.9757718892,184478.2417499128,-179861.081905009,-4881782.147095146,5568311.432526351,25927.2211133348,9528557.371428683,4564195.212690701,15724408.118732043,-8061087.025051351,-4910857.190107672,-2143186.644712305,5511183.248115786,-6605441.635549653,264851.3556369106,1146751.3832028746,1316430.534463632,439399.1727036487,1668106.0665784213,493132.9586281282,-289728.0242712927,409592.7824223626,1012678.6848664475,-1128789.5832738741,-115635.4167317796,-1747024.4098002254,336071.8011832826,-169946.2502718687,96448.9189457942,-269934.0535828838,-602273.7497629947,904428.3459850841,42190.4734520766,14931.8970212343,11430.365815253,-110985.9006099325,-399413.4550577202,-1357736.2327185636,-4545558.2703212,-4997999.669046634,-1297868.3266459175,-12229327.775057133,4103579.231364413,5365240.440007635,-842561.4523996955,-6648416.743930932,12223770.788682688,58906.7455609886,-74631.0683559513,501257.9042868464,415444.3007585066,289000.3857380625,639869.3258559225,1686304.110731798,-1842516.350303381,-2959678.8411260233,1792744.224734393,2278578.463436055,-2008494.8594849338,210955.9035384766,-99505.3871094271,42763.0220563766,-313956.0702418929,-142838.3674644258,-592948.0959884062,139282.0621551872,61184.7486917907,45941.0076073795,259140.5242940517,2809628.011063652,-7426448.78516965,1616569.2881292487,3829036.7475753743,4074269.4648859235,-11214289.686463537,20820262.646546952,-5078085.369570293,-15642053.81978895,996934.8050411394,2165548.511056958,-105660.4068205091,878224.6805730081,-906247.9781341265,-1123435.8716175193,928841.0043962263,2285885.461006909,-1911695.5384349276,503270.993390786,700237.8372859888,2982604.5048384233,-595172.9502269411,2047760.1896799752,-194016.5028638048,-190579.2755180018,125214.1331539257,170816.2104206932,175250.3493272899,361464.2165953481,39661.4223583309,-136414.5040111063,39337.8060553135,636120.3840965729,-798440.902072301,-5889517.2986006625,6688409.433844477,-1385548.2413475327,-1383351.7646308225,-11040667.248514563,6098387.905933467,2097433.0998673006,5753208.153315405,-10027843.431746963,10468090.73938947,-99005.2109839226,-80498.305288026,921389.6315333559,956945.8467746136,-1652410.783083829,-5131541.660124088,2618444.9769797027,145095.1977965369,-104663.6865447325,2189715.0304000387,760986.281007115,135966.1572526827,-49057.1772568941,-464897.1462062031,30714.5586227912,277032.3466863733,248547.9578742678,195034.3862047558,-184649.48761235,209574.1258966426,-93013.099762717,148059.5358359259,-4179436.7383185662,-11172389.134305216,9237408.049054826,-4078379.7195114996,-6833001.319060744,4964537.513333379,-10316774.646420319,6323919.342833905,837205.1921125747,-422286.725856574,-4135393.63260551,-108219.6059139253,113292.4406330026,549335.5576734081,1334128.4482041292,1494159.2370305196,2132108.6228115456,1055162.9870073593,-762330.7435996229,-3138162.6409290778,238661.3163720778,-790493.5721218002,-606258.4385848114,-138007.650007758,-113368.7961914478,258791.6284382968,288875.7943202062,-150710.0826170192,-417636.4593896668,54965.0727224994,-141038.6808617628,9123.4535938751,86724.521355134,1526769.4489955436,-16516556.540364135,-3921746.8417267962,-1752048.2227935588,4022647.845186175,-5811893.252237576,-5502421.14691769,-3715828.8499676017,11190771.103676418,-1600694.731435083,21874457.34924057,-367549.0480618619,-1344160.4372727983,710190.0276580314,782423.7716175138,1192966.86602794,-1930790.895176137,3375405.8851726367,-49167.5968528157,-409902.6710545343,2643327.5571701704,288522.6130135598,-433635.9619433742,254041.1350815914,-46189.7202298602,-142688.3188855332,-91362.7594353865,-181118.9716090526,64096.0673695572,-81579.6736074016,259304.6437799775,351202.2336953815,253909.7828544687,14863583.791524956,-10236219.670537984,8945501.173106853,14955987.509223115,3583064.007019305,-18661329.80309603,11493221.491324773,-11204853.202038718,-6909746.04704342,637904.5494994627,-679525.1032993328,-224692.8641035115,-1763068.0574784437,-1220135.519103439,-1185266.8918697922,465274.2590382535,4039121.873833178,-2197530.841149726,531359.5220267875,3551926.7977398485,-515743.7192397583,-1907540.6808016542,-1547433.77065498,-341211.851638026,-104379.0650695099,97883.4128074698,-180866.2944585881,332151.6706496197,-166930.6118085256,-228310.8899360325,3293.1117346228,-401615.8048845093,-319967.3147272404,7424080.75117859,-2858507.3385692756,12421570.290279964,-2728712.63573807,1451383.668775515,-9282698.634600287,5207716.021778224,1812775.9635683591,-20335969.959511045,7732822.514861361,-10489611.207651256,-297730.2636899776,282413.3400158049,872046.9952004655,-541842.4196938447,1894398.8625965314,-1260305.2057161971,-1641203.019570432,3339674.862164916,1761312.3462873835,-960963.6646469183,-1323979.7226354226,541673.22687504,-4012.1363809492,68272.4820453884,321379.7763674515,495903.3975047197,11632.533883602,-96415.9668023295,-237818.3440406577,209486.7556536157,-208259.2222118876,131445.1178927818,7859149.170375546,1811512.1855188932,-14722895.19132968,-19475633.551615138,3319385.6475565434,16759498.386350663,4786288.96378954,-4703147.267414774,-6456311.890682348,5185077.727921023,3160993.678084739,192622.5481360831,1852208.7174598642,1032482.2884070677,831306.5634155098,-4353536.451246399,-4363832.30558161,4119256.1835050806,-252991.7150075928,-1784528.8732062995,-2294909.401551945,1875584.5325187296,1536988.5343903557,147458.0435534738,-105893.4265532897,204801.3015363151,-246277.5273215959,-164282.1112015889,205291.2504611796,77012.1838684755,-89900.7550478648,57624.2315610366,-43917.2881135326,-9441742.131200003,2951866.5139370966,-9837383.211636309,21847099.574378926,-1824582.8529966138,10592542.370925577,-12375073.00733677,402983.5464921423,-5749398.007729151,8137829.822161388,8653184.306571653,-421877.3198899155,-3138258.548764015,-2455315.9706312646,-1427914.571457427,-271724.4054941316,1257737.7508945586,-2642942.923464303,113859.5433830602,1815294.6807626667,2591526.5746636377,3917251.89551317,-1947196.0584249138,-107144.8790126719,-84715.1720752652,-15209.8519887316,-7719.1510026957,-73353.0718045675,-206170.8177763053,-133276.2886673235,-277084.8654349013,-254555.1865800686,338794.4169918408,17055356.269116618,-9695643.757854152,18510557.28998286,-4796416.105993124,1974999.53683875,-8821321.988996534,13007458.96430342,-12139151.289672907,-27601032.2428238,-1378852.9667890149,-2169472.3212373476,514717.2551685004,-630874.829593844,-2723372.1219964814,-1603926.615446543,1653712.8353077574,8559659.091394553,-2572053.773599077,1660217.2407524297,1396392.4055718048,-2854496.104126619,-1737438.4928779772,1167269.9857628678,250611.2084628846,266756.5063999625,-434254.6965843526,-252758.9630219098,311465.5201334718,343455.7358619823,51119.8591589498,279723.1056356735,230137.7473091556,-108922.6591744414,4243780.629285391,5550463.465875855,-1673152.926938821,8943921.813278249,13447580.805720631,-2921885.5436950256,2231461.1391407545,-8055421.6905770525,-5724877.390696671,-2243134.062413255,-1615694.112669627,403416.0452186237,-483808.5184176718,-1854089.281308152,1027412.3404947629,-1186913.8154713216,-516994.4395616712,-45199.6468374969,134720.9675629717,2090579.4779956618,-848617.144306748,-545868.7065677246,857834.511815012,-368681.2553055002,-93003.8714961467,113646.3154654526,83252.1893443507,325887.9190944877,-242001.5140812527,-403809.5092547694,-311922.5908470146,-218054.1910317455,239918.084940615,1806600.4661137543,-6966782.498894249,-6618236.864650567,-1283445.7647663774,-534843.9186749036,7312026.087200245,1735142.2269923978,-2021490.2388488767,-4163990.8238915186,3741792.0978868217,2137804.8101731925,254711.0280536992,920335.5386364614,1840123.4856721705,144206.3503777132,536238.9662182552,-2297085.299239401,-36349.9890256926,-2789053.3159836777,-461427.3789146858,-999770.0205461853,498224.8261357339,-802602.136382458,69830.207336306,-238454.1552359601,245246.909733549,52338.2998575074,355612.4833303249,9196.7367206436,-271073.0960157039,-176251.5856908126,97150.8686275531,105886.9892975314,-3141832.6927318373,-8771432.464338101,-6516997.894316792,261448.6323949356,2737800.586164404,6264912.981751837,-2587264.55092159,-10138294.932216499,10479798.094986755,996500.1364907651,8045456.930566839,-420080.3482183898,-280735.9032507927,2261901.88469567,-568193.2636957439,964862.8609165021,2303041.9604189997,450208.5060315746,-2400366.7629674166,-487361.7739417517,1189871.579835494,-10400.5660352552,-856136.000810828,-32875.754956253,-335667.1780877339,224069.413825765,-47741.5133445904,385139.3247859431,94215.4806390694,-160639.6175301898,-231263.201043474,140923.7532182088,193348.807267411,3680185.905653774,-4809871.158595962,-8046966.982717938,-16729648.614595532,3302354.2596141165,14766336.826612826,5750874.194982754,2314488.8834726373,-17054203.31365321,2972721.029883416,-489253.5606196694,-6889.7842412252,1967340.4006191161,908581.8050490052,78382.0010491847,1941942.6538947984,974645.2344912473,-1974011.1421819313,-437424.0973040155,-647010.4753394321,-3132062.5795028093,36079.9350777666,-733839.3244444056,76540.6220254769,-222583.8339412874,287717.87772783,-40508.2788785849,437463.9600368745,-529302.03340054,52472.8488617979,-405097.7011346008,450.1658524929,731.0358387434,-670486.3036678883,-8756947.632193038,3764798.291691681,7448614.565332409,2423082.804836361,-2208110.5382031095,-4567302.342171139,-5960573.142369625,-6685884.562718481,3423297.489322304,5996306.480506835,-765017.3754914801,-1478733.2221049278,-203839.7794020427,187610.5124489463,675576.559505909,643232.4268215278,1741107.5626399335,-1874482.786446624,-891492.6741989915,1975569.3275192487,-419969.8400038183,-384207.0111428954,236308.075927543,-416222.8743236384,-120529.4039508741,-247974.4551832231,-255747.1459342483,92206.9875188869,81961.304189114,87847.117524886,166918.9207297121,55283.6952901168,17979440.46216382,-5126174.75328044,-1065803.8252759993,-27126544.60474854,4572029.214955339,11358542.542056901,6973724.796951384,-1765986.039478219,-15504129.93894827,-5872131.214775137,1582667.0620599238,250848.5585427675,1114081.9489497782,-586013.3183712827,-304389.8874395034,-2766503.979388134,1518181.722761877,356984.7158370287,-599930.7630324666,-102487.9592283716,-1693234.2305809401,1027480.2980335214,-1514684.8667103264,65335.8217083778,201550.1256084472,-136405.2922311006,-291607.151108886,-75289.693045288,-215.221227227,-78515.4919518434,-101211.2243303865,-123928.9860631141,-6403.8266744287
biasActivation=0,1,1
[BASIC:ACTIVATION]
"org.encog.engine.network.activation.ActivationLinear"
"org.encog.engine.network.activation.ActivationLOG"
"org.encog.engine.network.activation.ActivationLOG"
