encog,BasicNetwork,java,3.3.0,1,1425320194007
[BASIC]
[BASIC:PARAMS]
[BASIC:NETWORK]
beginTraining=0
connectionLimit=0
contextTargetOffset=0,38,0
contextTargetSize=0,14,0
endTraining=2
hasContext=t
inputCount=11
layerCounts=11,15,26
layerFeedCounts=11,14,11
layerContextCount=0,0,14
layerIndex=0,11,26
output=0.3757800984,0.0000332083,-0.1151150698,0.5653954515,-0.0000203155,-0.285221104,0.2837730494,0.1729916697,0.6078013575,0.7747257039,-0.4973735111,13.7142899552,-10.3784187595,12.7310859317,-13.6798065635,13.4426133639,11.3777234638,13.0736893893,8.9639388073,-11.6740834619,-12.7042363473,-13.942562198,-12.6569047469,-12.5499661521,13.3705956621,1,1,0,0,0,0,0,0,0,0,0,1,1,0.3757800984,0.0000332083,-0.1151150698,0.5653954515,-0.0000203155,-0.285221104,0.2837730494,0.1729916697,0.6078013575,0.7747257039,-0.4973735111,13.7142899552,-10.3784187595,12.7310859317
outputCount=11
weightIndex=0,165,529
weights=-0.011900425,0.0073598329,0.0010601859,-0.001977477,0.0225316608,-0.0153259163,0.0134532944,0.0066340277,0.0228825257,-0.0072100917,0.0163848429,-0.0490221912,0.0223418944,0.0136485197,0.0923714793,-0.000003021,0.0000017669,-0.0000010256,-0.0000008914,0.0000008531,-0.0000002452,-0.0000005104,0.0000005282,-0.0000004341,-0.0000001217,-0.0000004615,-0.0000042381,-0.0000010514,0.0000018644,-0.0000177118,-0.0081271691,-0.0031532422,0.0065111051,0.0019745634,-0.0119412315,-0.0074429035,-0.0088816994,-0.0008558205,-0.0167366873,-0.0142612116,0.0125117185,0.0151792402,-0.0023280484,-0.0036025607,0.2856843564,0.0119392069,-0.0047832923,-0.0050435441,-0.0046973607,0.0048954858,0.0108348923,0.000971897,0.0002986273,-0.0107555339,0.0091700736,0.0006459896,-0.004423701,0.0014469851,0.0005650832,0.1020561015,0.0000022192,-0.0000002609,-0.0000006363,0.0000002385,0.0000006059,-0.0000006105,-0.000000208,0.0000006482,0.000000062,-0.0000000788,0.0000007874,0.0000002455,0.000002779,0.00000056,-0.0000051866,0.0008737796,-0.0047932956,0.0282987963,0.0092320918,-0.0102015046,0.0042336035,-0.0026563998,-0.0085087595,0.0087160235,0.0088443788,-0.0079045713,0.0271454403,0.001822318,-0.0082170612,0.1992516508,0.0002007784,0.0045880364,-0.0306389512,-0.0154197343,-0.0000628048,0.0326976532,-0.0053705885,-0.0176687725,-0.0370418422,0.0186579576,0.0033569029,0.0273487088,-0.0295135033,-0.0077458363,0.2959111778,-0.0116750426,0.0015387817,0.0271965058,-0.0022350159,-0.0230705207,0.0184450191,0.0058048301,-0.0054774925,0.0407501496,-0.0410278223,-0.0023172235,0.0357062834,0.0061337632,0.005464526,0.4237672404,0.0093350999,0.0056885512,0.0308168692,-0.001712409,0.0157025138,-0.0114369922,-0.0114790621,0.0191088111,0.0122542225,0.0251613056,-0.0177831725,-0.01425084,0.0000113986,0.0021066,0.0272592472,0.0221348596,-0.0022432056,0.018706826,0.0040871824,0.0111770784,-0.0244891746,0.0043692387,0.0304546879,0.0111124217,0.0045928381,-0.0149501249,-0.0066242115,0.0205744987,-0.0041351399,0.2731897582,-0.0080639136,0.0165876628,-0.0334496245,-0.0038682768,0.0032648707,0.0098490367,-0.0230867811,-0.0265565219,-0.0024198079,-0.0061400959,0.0138986173,-0.0097209159,-0.0204536816,-0.0021510363,0.2787952305,340607.3639574602,0.3285952464,275548.6877810179,-24103.791255581,0.6785997225,160196.7664121502,-100976.6070049267,-205344.5832017946,1648.740641464,-7672.359347731,-287287.9760982728,-7020.0755146084,107997.0677594321,-30506.5124493484,-53798.1075940831,97485.9392629906,10980.1382120295,66118.9645698,-37888.3538218431,58408.119635638,-75752.9290065918,-43360.8216287746,-3024.8609661634,-19877.3638724002,19936.8436991878,-19550.6921940873,127539.9678625746,-0.5978355158,349999.1234533449,498899.4668358786,0.0508524313,45069.64255401,-450127.6661854172,-156232.7676199044,-116696.9229483354,56563.1098320046,-46861.2365947208,37351.6305321002,-2368.7287172966,-37458.824154736,25700.6849528342,-80332.9112067868,-75165.6884934156,-41526.7687248003,94940.0232974737,32097.3593856279,-191137.6163939062,-77811.7568317332,15118.8812981501,13712.998154293,-17163.4530621686,-18059.8861324699,16254.521756298,-0.6509399879,29366.7602027009,-102101.1027853837,-0.0173840473,248780.1005978552,-136799.3792865597,97203.6950490857,125536.0495559131,-13148.0903423499,66441.5025774138,16329.8981324301,50316.4336833117,-41047.2387986524,-43268.9540232012,135648.3100529418,-31485.9020848509,37106.8764182308,-110150.0332648792,-121635.8628928027,66704.1441142744,63022.4537929804,-87246.911174907,16907.4899551533,451.1248351988,-38983.833663398,102244.6141865172,-0.4154483275,-92432.2035004013,-128668.3085762565,-0.2165370319,-228373.6330161479,-7044.2080002877,-279135.2415423505,239574.9602308268,394037.8565528548,-60408.0953935204,2643.2012597294,61129.8682277038,-454.2935799834,-46312.2286083489,31171.1480844224,1972.1298659063,32359.1921749384,-74178.8775396571,-114070.4499500122,169383.8004234276,57443.7081760975,-149158.4223515514,19558.8713209153,-6206.4959409984,36268.6481165984,103185.1022727172,-0.931161419,202688.5388865158,320582.2579908066,0.9725590857,82972.9588425851,-115894.0581548543,-50949.8875006916,-133931.8950709005,-47540.767211438,5923.8362200628,23374.986269722,32342.5288737896,-9493.7960517714,10731.6173462766,72623.161967004,-27188.6123505582,-29479.647186321,58999.3882634279,57841.2121858466,-52968.1195822094,-62581.5246085276,63862.2649610189,-15607.6416812905,27862.7422619085,7111.7734310185,394612.3839285478,-0.178243628,51274.0586105714,-91858.0234337132,-0.44155608,-216346.7521934715,305146.1313985339,-57735.0596460064,-646966.5129068234,14895.7208798285,-360837.22309671,-4879.660994401,41816.1263304559,31640.7832591178,24923.6833793492,79319.740360503,-1333.368735415,113829.9905683077,-19763.9625053415,-32812.416641135,88864.206576466,9097.0315680506,7351.5708381619,8438.6182910326,-9928.0828620206,-19654.3679116859,-19055.4071757395,0.0203524139,-53763.5546332674,132368.6556998318,-0.6420868345,696022.4313112809,-252823.4917647855,178700.7132260796,-151899.7164925258,-276516.2542983421,20982.4756507481,16839.1909289297,-7865.6311380329,41094.7276711766,91358.2420213359,-207673.890366134,30018.303046734,27051.9259488652,75313.2274415487,5249.3178301475,-94829.7797874528,-74409.3373405023,109650.4551450725,3495.5282383676,9351.0643815014,-22460.2803973328,318623.025872807,0.40550423,-197986.9314250662,-494068.1840428253,0.5572080175,483969.0550149705,158666.8163816872,-9164.5014306112,-157017.0656725442,25899.6290122675,263316.1464023672,-18592.7325914878,4286.8450920434,-35072.2655291244,-29723.5361931202,136032.4895758549,-1564.3868657994,93588.4966164721,-7420.1402608577,102388.1725689476,-40555.1127861084,-21599.5374822107,52450.7507590544,4500.7002902006,-22470.9104197012,20579.8155551704,-46835.1368170681,-0.1291161474,38289.6226920358,514180.7825711927,-0.2856192199,187745.4688894252,130707.639703452,186397.2290967136,-413789.2212571242,-391508.9436300602,-8036.4705193402,37021.073106861,-4922.3627524255,16528.0461080877,40738.277777781,483.6349626119,-59642.7533659143,-13016.4109477181,-32176.3881227363,-19367.8267414872,-131881.2165593376,-42903.8299080408,38674.3510025448,-15797.1458576466,10127.5722485901,35553.4844201569,-856.4267048855,0.0165118047,257395.313369873,476247.3573604125,-0.8511584152,-493195.4107632481,263661.5169617557,-242303.3325065043,-66318.7337323737,-31159.1308064431,-60445.4409791421,2062.4375412439,-73018.6750165961,19016.4443673993,967.0768586342,-7183.5089448239,13141.2108151723,23949.9248824104,-112409.2384888567,39541.4828089685,91425.0902237562,105292.9080458948,-91550.2068699751,8649.525003433,7487.4635852135,7043.2342573796,-35599.0895481288,-0.7803911136,454303.2735458426,188348.7607930261,0.5819180985,-307322.5928217315,31845.4225599467,-174515.9482344792,469021.400233983,-88436.9218479152,-407368.1609773479,-3144.8040190899,-78184.4250937667,13423.3242150826,-63264.1240025857,102200.6775915274,-1013.5600548723,-88255.5073560698,-36071.791626805,90103.2679587566,142169.6801061259,12560.8112054277,-150052.9062972758,21375.1508761399,-1211.6298813918,13671.3783385234,321690.3444132898,-0.0894088299,174951.5780074714,-514309.5779959215,0.982191285,-10020.1998146166,14329.839515787,97635.5502155449,540941.8000343378,-301891.1429195395,-378857.3607375929,-2283.7256516549,-16856.1360558686,-60879.777786756,99915.9386460552,-7401.232274263,30457.9771634957,101504.8275669553,-36230.7118733447,-32250.0009156983,-19226.6424467683,-38103.9300761443,-227.5081907556,-1260.5466871332,9956.4229902277,27744.6151688918,-298430.740785489,-0.762657091,-340802.0911606575,231955.1949591619,0.2313274513,178420.5615201577,-242679.098894931,80498.9102785248,67776.6766749841,154897.266428444,176734.6497263694,6628.2378879025,-57365.3734679039,25352.2196400734,-43327.9324613936,-42336.8572663559,9006.9315094275,19252.3336206443,107560.1064396864,-94396.701310354,86512.8057433726,11574.492851195,-38160.5872894898,6498.1548053477,12951.3492802893,10711.6586904929,91135.3729819378,0.5099184261,-362592.3716656503,-405578.5248116519,0.1759851559,534274.0501713629,27398.8809926705,13834.2694318689,65471.574438818,181788.1275306444,-107347.4716750301,-16090.1643882169,86441.8646695736,-2964.3540216755,22252.5715566775,-27077.5436387128,65808.2187059489,-112342.3293550862,-68973.0721603784,-1536.4120838199,22743.0591888045,6715.8982866342,67108.705343536,-18259.4303328403,26054.7359628887,4084.1212621077
biasActivation=0,1,1
[BASIC:ACTIVATION]
"org.encog.engine.network.activation.ActivationLinear"
"org.encog.engine.network.activation.ActivationLOG"
"org.encog.engine.network.activation.ActivationLOG"
