encog,BasicNetwork,java,3.3.0,1,1425323309359
[BASIC]
[BASIC:PARAMS]
[BASIC:NETWORK]
beginTraining=0
connectionLimit=0
contextTargetOffset=0,38,0
contextTargetSize=0,14,0
endTraining=2
hasContext=t
inputCount=11
layerCounts=11,15,26
layerFeedCounts=11,14,11
layerContextCount=0,0,14
layerIndex=0,11,26
output=-0.2800037385,0.0000842783,0.4789490397,-0.1242993766,0.0001296423,0.2295685024,-0.0883700188,0.2944485239,0.6950982725,1.0053771235,0.0388834774,13.774407792,-12.494039649,-13.1176689075,12.2577750941,-11.8987143424,-12.3416817596,-12.249742062,-12.986394286,13.3040400582,13.2331387643,12.2943766239,-12.3905458371,12.9014299736,-12.5143197155,1,1,0,0,0,0,0,0,0,0,0,1,1,-0.2800037385,0.0000842783,0.4789490397,-0.1242993766,0.0001296423,0.2295685024,-0.0883700188,0.2944485239,0.6950982725,1.0053771235,0.0388834774,13.774407792,-12.494039649,-13.1176689075
outputCount=11
weightIndex=0,165,529
weights=0.0046014125,0.010455719,-0.0019735151,0.0133254464,0.020347172,0.0288742124,-0.0074550037,-0.001184504,-0.0406091877,0.0162064064,0.0093748374,-0.0002947221,0.0156345824,0.0037692744,0.1421341954,0.0000010479,-0.0000008868,-0.000001887,0.0000016836,0.0000003165,0.0000008446,-0.0000009492,-0.0000016636,0.0000003312,-0.0000014138,0.00000003,-0.0000000956,0.0000013066,0.0000010742,0.0000036695,0.0031598026,0.0042180369,0.0247611473,-0.0006070939,-0.0163432442,-0.0050804803,0.0147330837,0.0045305588,0.022417087,-0.0031388658,0.0028738761,-0.0234908375,-0.0132472247,-0.0083574752,0.2857443708,-0.0106378822,-0.0037848557,-0.0082236726,0.0065860489,0.0076509908,0.0051092279,-0.0087491094,-0.0077571516,-0.0078251319,-0.0082840222,-0.0198540275,0.0103330135,0.0198936963,0.0029568675,0.0987190563,0.0000009848,-0.0000001061,-0.0000014123,0.0000003652,-0.0000007075,-0.00000098,0.0000002101,-0.0000012317,-0.0000001748,0.0000012018,0.0000005334,-0.0000018187,-0.0000001646,-0.0000010252,0.0000044375,0.0025266397,0.0103413059,0.0124016873,-0.0109890188,-0.0208942593,-0.0025121128,-0.0008677195,-0.0038866144,0.005022634,-0.0077809136,0.0031814854,-0.022322792,-0.0023298725,0.0005115592,0.037530536,-0.0246258594,-0.0158968504,-0.0237437611,0.0086650097,0.0044593172,-0.017671341,0.0115118206,0.0158868045,-0.0037032564,-0.0070951253,-0.0212761695,0.0180961552,0.0197017498,0.0135325539,0.3609669008,-0.0349072452,0.0296255201,0.0118520423,0.0095346349,-0.0043095278,-0.0344122832,-0.015944943,0.0118789358,-0.0001859578,0.0267830477,0.0036817739,-0.0003377394,-0.0203124535,-0.0229228003,0.2407719089,0.0095773919,-0.0202888548,-0.0106082784,-0.0150742974,0.0015895862,-0.008121637,-0.0096078969,-0.01102261,0.0211922594,-0.0391408953,0.0161321677,-0.0064128239,-0.018387787,-0.0064118279,0.1283582111,0.0150247918,0.0068363294,0.0153689881,-0.0093953416,-0.0039483058,-0.0062861921,-0.0249821374,-0.0108975913,0.0137203346,0.0215658691,0.0125340668,-0.0040199796,-0.0030848269,0.0219821865,0.2715595545,0.0055276961,-0.0287172627,-0.000530059,0.0172642584,0.0141717751,0.0028794056,0.0414478966,-0.0000649337,0.0050118796,-0.0112117346,0.0022044249,0.0265471598,-0.004496771,-0.0034243684,0.4951000813,-169626.4576464497,-0.7869983068,16493.8185087965,-153322.4608812767,-0.4254515956,39233.866321666,-185141.7259094511,227005.7405732687,46797.4201323344,-274245.6742590828,278965.2595008642,-19058.4201058014,5840.5922862572,27964.0611175182,94795.7431188015,-18560.5280101799,-43310.3420769191,52029.9259495834,-16382.0161934955,-41347.6046274634,-45976.1981794667,22734.1078796815,-15828.8381756459,-45894.3767647292,12419.7406013941,13986.4804688917,-291051.4526504474,0.1149667529,-423691.0393240471,214025.9662329578,-0.3780780927,457930.4688267032,-259040.4471597843,226175.1719315556,178238.0625045355,-111609.909438987,131261.2263912577,17378.3264789227,-66284.2393249068,21869.7389645701,60972.6801057603,35680.8953901718,-7653.9808195993,-57188.3780025211,32410.2401582165,-14263.3004871592,5004.8774335729,15383.0309525115,-27083.6440228999,-11373.6516838707,-36794.7428448824,21895.5103532905,-136516.8908934865,-0.8879730997,268983.7989323764,-267477.6095465457,0.0666666009,-261676.005554285,-195828.5516529316,-219407.3818965435,258490.441582055,100074.7054076473,114358.147292645,-16983.8057550915,10352.9661811381,63590.5783146288,-120389.5004950004,157238.1411343235,-6672.9579259085,-99405.008702605,-60696.5855945178,72443.9936202021,98868.876858038,-59735.8842234271,18545.8869601762,-22760.0063869129,-30023.1346908027,-25981.3543845997,-110913.7814549232,0.6894050055,-2485.2955241384,96338.8323833558,0.6999251554,33771.6273307531,-231300.8487224252,97554.030958112,-82361.7461628332,33421.0124895501,24075.8410471283,-15180.7014699471,-29432.4342313403,52300.8224131336,-53677.8925374783,-32286.2716457492,26407.2559543774,-65411.2723826986,3106.1955443991,36605.7855922389,67682.7475784955,-38165.88928222,38584.8202963399,32214.4720240267,17296.993443581,33323.36182698,118539.2724829943,0.1730507093,233812.2887653246,529327.275728693,-0.1515447571,-481449.0355480952,19993.2718412409,-142000.8108310998,-255550.4743368618,60289.4347121213,33058.3035813814,1965.5303920774,-123673.33510059,-33890.4509886457,119084.5986019298,62307.7847475076,-34691.4967255399,113869.0800610524,7774.3942252904,-21258.841184619,-30712.5059966548,-58333.0252703398,-22911.730270149,-2365.0386320745,-11049.5827644707,-3738.5550748201,-249910.0401002947,0.0977590089,-68227.0981250122,405186.4644790934,0.6044824342,-411524.7519849918,59206.6557541897,-146529.3337191181,247711.1602992035,222511.3647052807,-34891.7343161589,12379.4633309179,-52570.9019533741,8394.8531439171,-11041.9006279967,61149.4860210283,-8317.8659521546,11003.2515856937,-2621.3528519044,138683.4382560704,-26484.4350303234,19521.9075398019,22524.6905861333,2305.094230933,10192.0686382782,-2224.658987688,-57193.3803533084,0.5577949245,244034.2967579903,225636.5138165192,-0.3893579534,-352743.1148723109,-56537.0491469522,-175616.8466806613,401995.9186280622,-4444.0784268025,-205346.0717139978,-19073.3562218798,25110.3015960879,24038.8052407662,-88201.6113222814,42334.5437099167,16438.8915171376,-58999.1487389344,-52395.457117241,17321.2185220401,63313.0852593763,35134.4475310208,-131242.2865499253,-11534.3857771406,3401.4758894539,1070.4783108449,-125432.6393977824,0.44157145,82809.4877897549,-93012.5541186227,-0.8466156323,51984.2316978484,100220.0697921932,340750.4622402529,-228495.0612370865,-305733.5446217238,98187.6573562511,8290.2196039474,-13981.94798449,64325.406424509,14868.2307800805,191030.265853144,-29121.3447046818,-86308.9153289428,-77857.6049265612,-114270.4185084897,11468.2085383573,38320.9255886568,68796.3388069324,21446.9877027935,-20156.9224996988,4100.8116187643,106038.6238218154,-0.3229278437,-306714.7647082689,-508965.4443378631,0.2790742212,380479.2047564855,18184.2513206164,-28224.0061753804,236049.4503314799,121539.9150832212,-82247.1479560773,1211.466187151,72622.5211970912,17129.3939365104,47804.0805021146,-7571.5288760344,21678.3489912135,1430.5346268212,15133.5851043073,-78726.1316466152,11338.8674010263,-2704.5348904034,56525.6487175557,-5684.9473975398,7590.1001968488,21267.3531842269,90645.2132294074,-0.9846809133,-49375.0418727384,-311192.9165998101,0.7093167118,313399.4484071689,-14727.105729314,152058.332913559,178701.8579692851,-58183.3031737862,-96486.8082351879,18053.4770360136,98272.4926014752,34821.9124089491,30877.1695024308,118231.8279454952,10051.2562936974,-34075.4335748758,36453.0996546487,-68958.2437794495,-131317.4199756999,-82131.9501066234,4140.5551972601,-3299.5781941103,30558.3274389973,2172.7419165629,-114922.2134621826,0.2670299028,-170657.1428095439,19575.1726003345,-0.565921724,-185885.8147878262,105554.0392311498,-155189.2225361006,2231.3478019652,149550.1290061702,155621.2071918088,-5699.4255002141,-67116.9767354832,-736.7718993218,78149.2604190988,51024.2432323902,25624.1328456379,95876.8807951824,24123.0526315172,70490.5290659441,-150342.1627951294,1211.2967967966,-41122.7651139253,-11656.0474593507,13990.3177136194,-1835.2138908594,248321.1936299285,0.8021052413,327757.2014632489,-66037.3049678029,-0.607008531,-195827.8764686032,312132.2986998176,-48539.6812324404,-237047.7522412178,-201679.7492730619,-263818.1344013108,-5875.0175993796,33668.4970480185,39110.9886712784,49522.588956027,-81167.6182268919,-4107.2138023809,60832.5917815795,-70307.3930333257,-25142.003682304,54892.8964566424,16821.331096048,-37298.8480104535,2197.0679821916,-2722.4010203787,-11219.0692361898,379771.0691055619,0.2659949167,240598.9351110316,-116383.7804659864,0.5898631103,-195893.6849607607,9681.5085658594,-442091.693031554,-121942.5800999659,254040.852165343,-80336.6369455631,-5976.0447830696,-23069.6404973783,51568.635865338,-4105.0246225816,54304.4530635644,53210.603771202,47369.1668539273,70396.5159956315,108795.5371268136,-93260.1222965188,-38064.7578991067,-8821.5106155091,-2450.5244860782,3606.4771036801,4632.0261320074,62522.7049476858,0.0142035925,158915.2883482429,-246053.3168569835,-0.2993148291,-145611.5369004858,161855.5920008888,-165738.4887656108,25124.1333883012,74410.6178410049,-98350.1073475862,10141.3199150224,58185.7044227594,-4229.7595971215,-51135.1289463132,98305.8446393855,8187.5085076961,47685.080404949,31182.0354456241,59048.5613928636,-48232.1947064785,-18784.4636579714,-42842.6115956388,-13282.9709660274,-35309.8697230412,4035.3045822838
biasActivation=0,1,1
[BASIC:ACTIVATION]
"org.encog.engine.network.activation.ActivationLinear"
"org.encog.engine.network.activation.ActivationLOG"
"org.encog.engine.network.activation.ActivationLOG"
