encog,BasicNetwork,java,3.3.0,1,1425322299759
[BASIC]
[BASIC:PARAMS]
[BASIC:NETWORK]
beginTraining=0
connectionLimit=0
contextTargetOffset=0,137,0
contextTargetSize=0,35,0
endTraining=2
hasContext=t
inputCount=50
layerCounts=50,36,86
layerFeedCounts=50,35,50
layerContextCount=0,0,35
layerIndex=0,50,86
output=-0.1047767791,-0.2135358541,-0.1814926275,0.0152432965,0.5197565457,-0.1948679208,0.2320024086,0.1245395163,-0.0537531255,-0.3984329294,-0.0000606881,0.1760893776,0.2745610719,0.3144948098,0.3496884832,0.0000227941,-0.3489355578,0.1299181458,-0.0506731957,0.2189631493,-0.3284118315,0.1149482551,0.1128682372,0.028685106,0.5190744526,-0.0055386032,0.1757102949,0.2502505356,0.2154140605,0.5215864149,-0.4305834133,0.3554952464,-0.0298055433,-0.0707239034,0.0000585068,-0.1449404746,0.48793608,-0.1144174904,-0.0300077549,-0.0424942402,0.173329604,-0.0516402466,0.1043749746,0.2849266001,0.3239897031,0.3904116377,0.8645337489,0.5465613682,0.3893542656,-0.2296633718,10.4273706252,-10.4674848089,-8.1201881281,-8.070102208,10.6892077348,-9.4590207861,10.9677547071,8.892689736,-10.1261274233,9.8883980784,11.2364948464,-8.4472508071,-8.1585892436,-10.6880193957,11.3651720261,11.3602620532,9.1846168454,-9.5440799412,-9.7320566811,-10.7211942171,9.7266135317,-9.2097930821,-8.5094262699,-9.272540244,-10.8774010558,-9.0796834403,-7.2240557237,11.0197929831,-8.9938040571,9.0687383274,-11.638906697,-10.4997815042,-10.0113467088,-10.0913347144,-11.5669793994,1,0,0,1,0,0,0,0,0,0,0,0,0,0,0,0,0,0,0,0,0,0,0,0,0,1,0,0,1,0,0,0,0,0,1,0,0,0,0,0,0,0,0,0,0,0,0,0,0,0,1,1,-0.1047767791,-0.2135358541,-0.1814926275,0.0152432965,0.5197565457,-0.1948679208,0.2320024086,0.1245395163,-0.0537531255,-0.3984329294,-0.0000606881,0.1760893776,0.2745610719,0.3144948098,0.3496884832,0.0000227941,-0.3489355578,0.1299181458,-0.0506731957,0.2189631493,-0.3284118315,0.1149482551,0.1128682372,0.028685106,0.5190744526,-0.0055386032,0.1757102949,0.2502505356,0.2154140605,0.5215864149,-0.4305834133,0.3554952464,-0.0298055433,-0.0707239034,0.0000585068
outputCount=50
weightIndex=0,1800,4810
weights=##0
##double#4810
   0.0053700561,-0.0009943243,0.0076634235,-0.000575064,-0.0025889181,0.0015429873,0.0019521778,0.0063611393,-0.0047848311,-0.009472241,-0.0051268872,0.0098501774,0.0020220999,0.0008418107,0.000785794,0.0005865195,-0.0002371038,0.006099971,0.0050547334,0.0016300409,0.0025519937,-0.0077055696,0.0015053742,-0.0017832165,0.0026925523,-0.0010056261,-0.0002080943,-0.0049898686,0.0006392607,0.0072837573,-0.0034389731,-0.0017788693,0.0028842035,0.0029946191,-0.0012002648,0.074021653,-0.0092894026,0.0032897991,0.0010637198,-0.0009277649,0.0005609576,-0.0027119754,-0.0002158938,-0.0106219376,0.0036206576,0.0076695701,0.000168411,0.0099068089,0.0102333567,-0.0066686767,-0.0025123469,-0.0000390452,-0.0031468773,0.0031907747,-0.0057300765,0.0039081996,0.0018648337,-0.0016822073,-0.0041885043,0.0067451804,0.008161591,-0.004602538,-0.0043561384,0.000382458,-0.0004135823,-0.0029819096,-0.0017149901,-0.0111615211,0.0053691832,0.0005128047,0.0029080564,0.0967192751,0.0030155124,0.0037502592,0.0039122498,-0.0061912742,-0.0017815161,-0.0022294842,-0.0024869722,-0.0025582614,-0.0120342057,0.0052717342,-0.008542925,-0.0019699803,0.0084406303,0.0005303334,-0.0036433144,-0.0020330543,0.0030880883,0.0046804242,-0.0017885435,0.0048570774,-0.0077320401,-0.0047929866,0.0019239189,-0.0035041734,0.003132767,0.0081494241,0.0070576038,0.0010714543,-0.0003301771,0.0004007563,-0.0031429343,0.0001920844,0.0007609146,0.0085777852,0.0046599408,0.2205802677,0.0050438436,-0.0058963053,-0.0008373096,-0.0016490897,-0.0016967399,0.0097562362,-0.0001335908,-0.0021001477,0.0008177824,0.0055812116,0.0111960888,0.003122979,-0.0062956078,-0.0017261665,-0.0010181326,0.001813802,0.0003808466,0.0028931437,0.0064234748,0.0024072374,-0.0038904662,-0.0009232256,0.004075028,0.0034796119,0.0015745633,0.0007151991,0.0027701123,-0.0054385547,0.0018344272,0.0010772982,-0.0013996966,0.0024617123,-0.001439464,0.0011315157,-0.007062155,0.030090663,0.0043157951,0.0013189051,-0.0018889805,0.0033990835,0.0090062877,0.0003420705,-0.0008426159,-0.0079327624,0.0021907869,-0.0025850552,-0.0040090663,0.0062488604,0.0015910457,-0.0000560057,0.006438845,0.0026909484,0.0067712205,-0.0005460807,-0.0020315678,0.0080481601,-0.0026251331,-0.0049116427,-0.0120297368,-0.0047417656,0.0014588646,-0.004004374,-0.0060099472,0.0001913452,-0.003551336,0.0085580287,0.0040212485,-0.0033001599,-0.0060034968,0.0007839033,0.0003637208,0.1632933196,0.0031120565,0.0072422035,0.0001484682,0.0118021126,-0.0003691871,-0.0083208645,-0.0054646558,0.0059800149,0.0037985018,-0.0108056699,0.0059590726,0.0029156009,0.009631751,0.0030904014,-0.0087816873,0.0029062816,0.0046277705,-0.001034802,0.0015812481,-0.0040307266,-0.0030446931,-0.0064073457,0.0141469264,-0.0024824195,-0.0076326224,-0.0077293918,0.002145311,-0.0028805693,0.0058487296,0.0003774752,0.0051115235,-0.0054325579,0.0051481948,-0.0018433893,-0.0012291591,0.1104715297,0.007904985,-0.0017906106,-0.0039330503,0.0097397489,-0.0001991217,0.0053939517,-0.0051842023,0.0004121059,-0.0056045777,0.0030925896,0.0044967565,-0.0050097411,-0.0037738909,-0.0030386729,0.0030608839,0.0061699451,0.0030784316,-0.0024999506,-0.0015511783,0.0042468479,0.0019439538,-0.007441328,-0.0008845479,0.0052582914,0.0054055644,0.0047195005,0.0057421789,0.0019185633,0.0010340123,-0.0022795538,-0.0043070128,0.0018388707,0.0062171363,0.0087098163,-0.0031482705,0.1024637648,0.0076774841,-0.0000478995,-0.0043439004,-0.0071673109,0.0023766331,-0.003332425,0.0028855844,-0.0019526581,0.0012716137,-0.0088182313,-0.0014696036,-0.0050137426,-0.0032356353,-0.0034647194,-0.000669327,0.0025170421,0.0012214441,0.0033121262,0.0074809003,0.0077193906,-0.0007735314,0.0005255849,-0.0084523702,0.0009254572,0.0030598943,-0.0076092953,0.0050285342,-0.0034774737,0.0026819734,0.000815747,0.0011136447,0.0088801533,-0.0015908951,-0.0063037059,0.0039034992,0.121834128,-0.0027816039,0.0040923301,-0.0014187099,-0.0026335549,-0.000819058,-0.0034048712,-0.0050907259,-0.0004380346,-0.0011900139,-0.0038139603,0.0062881313,-0.0001281764,-0.003641968,-0.0035656572,-0.0051338467,0.006054915,-0.0036433525,0.0033748887,0.0037825424,-0.0025221532,0.0004213832,0.0043268918,-0.0080991025,0.0023823408,0.0019704204,0.0021062649,0.0070477856,0.0035147903,-0.0055844874,-0.0001705307,0.0048923129,0.0044597777,-0.0019308915,-0.0040819007,0.0038160499,0.0530671593,0.000100568,0.0001669709,0.0023604397,0.0095613035,0.0039647601,0.0033354403,-0.0003979652,0.0007051575,0.0067911692,0.0027355226,0.0053458822,0.0035588736,-0.002754263,0.0046983063,-0.0017873847,-0.0148287805,-0.0049407758,-0.0025025845,0.0085133729,0.0132333068,-0.0067710314,0.0139423424,0.0024121065,0.0004568822,-0.0037390458,0.0004120117,-0.003394513,-0.0011010461,0.0104025159,0.0117950392,-0.0003219696,-0.0022235941,-0.0063811149,0.0035754643,-0.0022827745,0.2353098779,0.0000010335,-0.0000000079,0.0000006016,0.0000007151,0.0000007997,0.0000004234,-0.0000004401,-0.000000827,-0.0000002672,-0.000000021,-0.0000004031,0.0000000194,-0.0000004429,0.000000712,-0.000001921,-0.000001731,-0.0000006854,0.00000096,-0.0000004341,-0.0000000441,0.000000426,-0.0000022802,0.0000000916,0.0000004689,-0.0000006504,0.0000008979,-0.0000005121,0.0000002146,-0.0000001169,-0.0000014397,0.0000000127,0.0000014271,0.0000009768,-0.0000016652,0.0000002477,0.0000031693,0.0029636667,0.0006029325,-0.005098515,0.0021971371,0.0007666375,-0.0021041089,-0.000133314,0.002802941,0.0004868501,0.0010455389,-0.0068456385,-0.0027569199,-0.0018889865,-0.004516443,0.0025613505,-0.0076940325,0.0049553429,-0.0080352761,0.0023650175,0.001823748,0.0019963104,-0.0030357552,-0.0007118176,0.0057228822,-0.0012401564,0.0055096169,0.0087534872,0.0011216069,-0.0072607745,-0.0034384707,-0.002873695,-0.0045696826,-0.0016454165,0.000919764,0.0035457821,0.044790226,0.0043384864,0.0087801804,0.0048084644,0.0061482891,-0.0012566607,-0.0001702647,-0.0007668467,0.0101632398,0.0018299004,-0.0021908842,-0.0056746165,-0.0013957105,-0.0141326002,-0.0033007099,-0.0041676453,-0.0025668873,0.0118306826,0.0081510661,-0.0066748104,-0.0062098198,-0.00161769,0.002823458,-0.0046645487,0.0105622859,0.0014697948,-0.0036999345,-0.0020865537,-0.0024708304,0.0005643509,0.0071854148,-0.00506742,-0.0069118241,-0.0008639255,0.0009419761,0.0047912161,0.1546273281,-0.0011145149,-0.0069297537,0.0017398021,-0.0047991887,0.0037568988,0.0041581086,-0.0066501199,-0.0032281377,-0.0018753941,0.0031702014,0.0000201164,0.0069749208,-0.0002689194,-0.0072821425,-0.0027414605,-0.0012699987,-0.0007400932,-0.0041074078,0.0028982159,0.0011884396,-0.0015994022,0.0009544345,0.0063776696,0.0035541849,0.0036416389,-0.0040072119,-0.0074920167,0.006723301,0.0023733857,-0.00135063,-0.0039329268,-0.0001570831,-0.0054346013,-0.0054481392,-0.0096495358,0.0640062247,-0.0019508061,-0.0055668255,0.0033165449,0.0085395893,-0.0044005736,-0.0095692784,0.0018802695,0.0066698423,-0.0033424627,0.0097902326,0.0020998555,0.0039556092,0.0154455995,-0.0031977442,-0.0086140785,0.0100523883,0.0013480763,-0.0036819439,-0.0058883267,-0.0018185283,-0.0014848313,0.012262899,-0.0016347614,-0.0001666762,-0.0005971179,0.0081272492,0.0075858998,0.0000205627,-0.0061688928,0.0014517157,0.0012999171,-0.005517507,-0.003104701,-0.0082623284,0.001139582,0.1356394867,-0.0000012285,0.0000014834,-0.0000004284,-0.0000009987,0.0000006552,0.0000001056,-0.0000004441,0.0000011035,0.0000009303,-0.0000004801,-0.000000092,-0.0000005931,0.0000002522,-0.0000016859,-0.000000459,-0.0000004802,0.0000008555,-0.0000021403,0.0000000916,0.0000005699,-0.000001023,0.0000006103,-0.0000017965,-0.000001643,-0.000000401,0.00000054,-0.0000012093,-0.0000000877,0.0000005529,-0.0000002591,0.0000005401,-0.0000002901,0.0000008991,-0.0000019904,0.0000012853,0.0000044332,-0.0025201115,0.0108451067,0.0093711565,-0.0086545246,-0.0117671263,0.011554004,-0.0032787283,0.0069418002,0.0062310054,-0.0005189947,-0.009991899,-0.0062416998,-0.0004946475,0.0017244299,0.0104885835,-0.0017477958,0.0014188834,-0.0021944369,-0.0030407764,0.005639874,-0.0025395826,-0.0041722714,-0.0087346951,0.0049977724,0.0026251041,-0.0025252914,0.0039851033,-0.0097765194,0.0057977192,-0.003375083,-0.0012637996,0.002037409,0.0033938565,-0.0111639768,0.0024323437,0.1854629225,-0.0031033711,0.0076973496,-0.0014131832,0.0004431556,0.0012736162,-0.0029405869,0.0014076579,-0.0009216707,-0.0003849966,0.0015337883,0.0033858963,0.0038155075,0.0062224027,0.0036289712,-0.0035930768,0.0042225581,0.0094756592,0.0007302843,0.0021075693,0.0018706393,0.0056954571,-0.0056497728,-0.0004394769,0.0013661365,0.0013504589,-0.002589281,-0.0047632529,0.0015786511,-0.0042343337,0.0010451283,0.0079937254,-0.0058955111,0.0001850839,0.0085473971,-0.0047431872,0.0620136309,-0.0031535528,0.0037667715,-0.0013457853,-0.0025997304,-0.0006184059,-0.0026703889,-0.0047814503,-0.0004368199,-0.0017140943,-0.0039454319,0.0064423408,0.0001573418,-0.0037185347,-0.0035571164,-0.0049865819,0.0061143917,-0.003909381,0.0032092136,0.0038834985,-0.0020969386,0.0006601617,0.0039943995,-0.0081509292,0.0024927596,0.0016488709,0.0018390887,0.0072277401,0.0034698785,-0.0053129225,-0.0001460597,0.0046847655,0.0045371199,-0.0019590283,-0.0035918375,0.003478899,0.0515260181,-0.0052328773,-0.0011909545,0.00268986,-0.0021668967,-0.0006093203,0.0047624628,0.0040022443,0.0052149584,-0.0018426563,-0.0077708783,-0.0002313304,-0.0038421892,-0.0018907698,-0.0046035853,-0.0002511545,-0.0032223595,0.0021319866,0.0011744267,-0.0074680811,-0.0029900377,-0.0058131739,0.0043687575,-0.0015088715,0.0036023832,0.0038201415,-0.0019372861,-0.0080820689,0.0014382205,0.0050651233,-0.0027415473,-0.0068206101,0.0019114241,-0.003789966,0.0069355052,-0.0086708019,0.1266801972,-0.002666134,-0.0074310588,0.0047429517,0.0046197267,0.0009378789,-0.0069239639,0.0003004498,-0.0066804504,0.0039446549,-0.0036031577,-0.0014106184,-0.0005245861,-0.000988851,-0.0044279979,-0.0062302108,-0.0004942284,0.0035436185,-0.0085863317,0.0030645354,-0.0020059848,-0.0016161101,0.0004040846,0.0070174411,0.0036981389,0.0076189563,-0.0108613222,-0.0018001893,0.000005639,0.0067628884,-0.0052822106,0.0044696667,0.0042162635,0.0081899883,-0.0048632549,0.0063064816,0.0753539009,0.0024410272,-0.0032880385,-0.0043065446,-0.0002785229,-0.0018504637,0.0012611106,0.0013638203,0.0011713523,-0.0030062129,-0.003526969,0.0015155452,0.0025395527,-0.0019532468,0.0054865514,0.0019796494,-0.0030116428,0.0007557154,0.0055153182,-0.0042414529,0.0004135069,0.0046574322,-0.0011264346,0.0047506002,-0.0035652326,0.0018188819,-0.0016612735,-0.0003632197,0.0036855744,0.0013134285,-0.0051920712,0.0019932121,-0.0065859204,0.0021345855,-0.0034404823,0.0003340511,0.0129379309,0.001351249,0.0016419843,0.0021179583,-0.002435174,-0.0017882389,-0.0034582368,0.0030350364,-0.0011469713,0.0019906959,-0.0035766916,0.0035427733,-0.0046310546,0.0011167619,0.0016936037,-0.0029182475,-0.0000402727,-0.0056538321,-0.0047607626,-0.0046899876,0.0030705329,0.0013248794,0.000361415,0.0063664915,0.0023925143,-0.0057584295,0.0046334147,0.0012646198,0.0045668723,0.00178526,0.0059357579,-0.000847279,0.0001770558,-0.0050163471,-0.0018717848,0.0044761102,0.0499638299,-0.0051435473,-0.0093170379,-0.0093465693,0.0065144216,-0.0062234098,-0.0057138877,-0.0024266698,-0.0043889295,-0.0030954411,-0.0062147128,0.0021224766,0.0068822553,-0.0029826725,0.0039625634,-0.0018122115,-0.0021296284,0.0061448546,-0.0023447336,-0.0040435746,-0.011713631,0.0032194482,0.0002621152,0.0030655317,0.000669648,-0.0015146049,0.000557357,0.0080212519,0.0068462496,-0.0047282728,-0.009859708,0.0060585444,-0.0012187579,-0.0037305836,-0.0058882105,0.012033178,0.0445484779,0.0076944797,0.0035434228,-0.004924081,-0.0035111076,0.0093776658,-0.0020712495,-0.004525309,-0.0011206683,-0.0133192051,0.0048310918,-0.0008744068,-0.0041051219,-0.0085814144,0.0054887783,0.0001383794,0.0016708246,0.0055144141,0.0057391398,-0.0030420583,0.0006401513,0.0053035847,0.0094894886,0.0061674981,-0.0035758865,-0.0018189839,-0.0010638695,0.0137117473,0.0046428958,-0.003501613,0.0015887293,-0.0024560603,-0.0030363795,0.007340903,0.0031187991,0.0029928466,0.1961619291,-0.0016078032,0.0021297597,0.006846249,0.0053868923,-0.0060846737,0.004790273,-0.0054857085,0.0062146846,0.0048478016,0.0042685615,0.0034048143,0.0054447323,-0.0019042377,-0.0028654648,0.0090952008,-0.0055575558,0.0029072559,-0.0029276655,0.0059174916,0.0058302179,0.0087637013,0.0003471774,-0.0011540354,-0.0075067753,-0.0000415873,-0.0032772817,0.0030639582,-0.0014597586,0.004600163,0.0090875351,-0.0070240422,0.0032865913,0.0011708987,0.0030873523,0.0040349498,0.0893172198,-0.0010292571,-0.0003603068,0.0027373021,-0.0017692135,-0.0044684779,0.0011968022,-0.0039359232,0.0011289207,0.0065254578,0.0044477998,0.0055695532,-0.0021428648,-0.0006254722,0.0016221352,0.0023176441,-0.0022873412,0.0026022717,-0.0033204479,0.0013643834,-0.003599894,0.0015855848,-0.0008365442,-0.0048634923,-0.0041687498,0.0003407019,-0.0015745604,0.0032733722,0.0048862322,-0.0036384008,0.0023672301,-0.0030452769,0.0019341452,0.0029807972,0.002288752,0.0014637068,0.0118044965,0.0077117193,-0.0038294323,-0.0031655157,-0.0047785014,-0.0024589937,0.0025487771,0.0073889967,-0.000395699,-0.0009016574,0.0002139412,0.0095743689,0.0096153317,-0.0020982196,-0.0048304656,0.0052754015,0.0034991119,-0.0006498843,0.0082242397,-0.0054585812,-0.0015655244,0.0034235698,0.0043306423,0.0039481174,-0.0056741556,-0.0027131449,0.005415162,0.0008941645,0.0031448619,0.0042592393,-0.0121748425,-0.0003203235,-0.0041411402,0.0137127462,0.0040482736,-0.0031331444,0.0692822851,-0.0030756394,0.0043196489,-0.0000386327,0.0027126624,0.0010971013,0.0023556479,0.0091711291,-0.0058881322,0.0023667721,-0.0031826612,0.0014265419,-0.0129648554,0.000735613,-0.003734246,-0.0048279873,-0.0029101371,-0.0091951057,-0.0002209274,-0.0008181405,-0.0060714499,0.0019463917,-0.0069892404,0.0096815946,-0.0065164283,-0.0039644936,0.005254373,-0.008685188,0.0004312707,-0.0053856537,0.0002896819,-0.0009032913,0.0008877365,0.0007053852,-0.0044167556,0.0029929157,0.090411977,-0.0072077948,0.006809175,-0.005120503,0.0071077494,0.0004466883,0.0121485662,0.0043803447,-0.0006790471,-0.007778887,0.0017951658,0.0002971628,-0.0058956471,0.0095469544,-0.0132528887,0.0022255852,-0.0083814724,-0.0040422695,-0.0082762842,-0.0050772521,-0.0061616216,0.0005092356,-0.0011244874,0.0026714266,-0.0026743172,0.0016025985,-0.0054210175,-0.0135571005,-0.0026724791,-0.0010640257,0.0006080076,-0.0001674584,0.0012908019,-0.0067861055,0.0009970348,-0.0019051252,0.2500586523,0.0049989186,-0.004414445,0.0093863362,-0.0015300075,-0.0020958611,0.0004597355,0.0023370247,-0.0028034014,-0.0016016568,-0.0108267513,-0.0053595376,-0.0046231996,0.0077765914,0.0059067558,0.0052149672,0.0000051982,-0.0127325686,-0.0057176046,0.0022803463,0.0078825881,0.0068184085,0.0019670529,-0.0052592265,0.0050009753,-0.0028625789,0.0133639068,-0.014129521,-0.0083961182,-0.0022107705,-0.005945226,0.0019640295,0.001387559,0.0108594896,-0.0018920199,0.0060786214,0.1748065199,-0.0029077145,-0.0026630712,-0.0077912777,0.0122428025,0.0014175299,0.0021485095,0.000527067,-0.0050644556,-0.0032396625,0.0042521583,-0.0017412373,-0.0017249374,-0.0115114569,0.0069786487,-0.0027763677,0.0065528222,-0.0011321687,-0.0023373263,-0.0090542365,-0.0083119072,-0.0025765214,-0.0045485195,-0.0013608272,0.0031189219,-0.0038815606,-0.0067483587,0.0019393622,-0.004174828,-0.0029813846,0.0044673182,-0.0000528373,0.012275242,0.0096834817,-0.0019188674,-0.0018189118,0.1912046301,-0.0027827176,-0.0046337787,0.0043894139,0.0067077648,0.0137277875,0.0041896926,0.0009408703,0.0023069991,0.0045584804,-0.0014952353,-0.0008834289,-0.0016497344,-0.001710785,0.0100624892,0.0046022425,-0.0022954273,-0.0057250771,0.0033146255,0.0009986847,-0.0004529923,0.001225546,0.0058255891,-0.0077090695,-0.0002992051,0.000690834,0.0095239722,-0.0025579598,-0.0058225265,0.0064714902,-0.0009474351,0.0026564009,-0.004784998,0.0005907628,0.0017501665,-0.0098658603,0.1858774001,0.0041877094,0.0048585824,-0.000994193,-0.0048691836,-0.0029046934,0.0042714478,0.0105283512,-0.0075127042,0.0038186877,-0.0003144467,-0.0075201191,-0.0058865508,0.0012788163,-0.0099334085,-0.0066084905,-0.0031496349,0.0046153662,-0.0019483581,0.0030897154,-0.0035153296,0.0018206326,0.0077828826,0.0017590183,-0.0064116003,-0.0035097581,0.0044329911,-0.001661835,0.0011685813,0.0050285719,-0.0003000865,0.0059133723,0.0063773822,0.0051813395,-0.0033393225,0.0013629042,0.139336047,-0.0000013398,0.0000014095,-0.0000002767,-0.000001496,-0.0000000159,-0.0000000278,0.0000000585,-0.0000006238,-0.000000701,-0.0000007734,0.0000003122,-0.000001148,-0.0000003792,-0.0000003921,0.0000007692,-0.0000000371,0.0000012488,-0.0000011725,0.0000006758,0.0000008491,-0.0000007503,0.0000006447,-0.0000012936,-0.0000003316,0.0000000441,-0.00000059,-0.0000006665,-0.000000745,-0.0000007036,-0.0000002923,-0.0000004778,-0.0000007983,0.0000002378,-0.0000011282,-0.0000008152,0.0000040989,-0.0070966749,0.005952378,0.0003544275,-0.0015910038,-0.0026850727,-0.0014805819,-0.0063256666,-0.0053655487,0.0004572529,0.0048684875,-0.0098791109,0.0019574297,-0.0041743861,0.0032040049,0.002680179,0.0061415176,-0.007978436,-0.0001060907,-0.0052606248,0.0056814465,-0.0044904777,-0.0064753957,-0.0016538455,0.0010478025,0.0096980337,-0.002740624,-0.0009861894,0.0069391101,0.0033673398,-0.0050776572,-0.0038928248,-0.0006029038,0.0010296046,-0.0042080574,-0.0013063704,0.1332848899,0.0099371966,-0.008484678,-0.0031131307,-0.0001567625,-0.00219173,0.000310103,0.0008859588,-0.0050244315,-0.001327079,0.005762866,0.0085864131,0.0058249996,-0.0008420117,-0.0041482529,0.0026150236,0.004687226,0.0019571353,0.0082746016,0.0030678523,0.0069021726,-0.0052061802,-0.0029159486,-0.006897134,0.0050419128,-0.0040947138,-0.0029801444,-0.002069908,-0.0060663292,0.0017823213,-0.002719599,-0.0065141436,0.0003907903,-0.0005153512,-0.0035127306,-0.0065263159,0.0882878332,-0.0046085523,0.0085337021,-0.0110356507,-0.0055961651,0.0058488327,0.0060636931,-0.0048829659,0.0073985789,0.0092112409,0.0018893026,-0.0098727605,0.0033888182,0.004367713,0.0036463958,-0.0006800722,-0.0025436539,-0.0110023184,0.0006992313,-0.0102194225,-0.0063872763,-0.0123574245,-0.0001600685,0.0033677936,0.0005183685,-0.002320862,-0.0041851416,-0.0059492344,0.0033593567,-0.0084081174,-0.005352433,-0.0046284142,0.006795075,-0.0034767137,-0.00690658,0.0035393288,0.0717432487,-0.008184459,0.0015095048,-0.0033423565,-0.0033716921,-0.0080648243,-0.0089520166,0.0021946812,0.0008218281,0.0005463782,-0.0002596736,-0.0011918978,-0.0045871712,-0.0038679028,0.0012618692,0.0023933144,-0.0014828161,-0.0015573771,-0.0080306112,0.0068590081,0.0072295347,0.0085269593,-0.0001902726,0.0083514686,-0.0031928951,-0.0073505718,0.0099109736,-0.0059622789,-0.0006205226,0.0002084014,-0.0028858999,-0.0008826637,0.0025656386,-0.0068999125,0.0102537907,0.0041881634,0.0812963545,0.0024432081,0.0001802432,0.0024536794,0.0037952412,0.0023898808,0.0017201803,-0.0050495471,-0.001332797,0.003962307,-0.0027786953,-0.0036868421,0.0012081581,-0.002288037,0.0006438822,0.0019504173,0.0004378681,-0.0020264088,-0.0048456878,-0.0018153757,0.0046212653,-0.0020182915,0.0027499988,-0.0039701731,-0.007091529,-0.0001874421,0.0030163957,-0.0043557147,-0.0012391543,-0.0022026818,0.0015526326,0.0026250833,-0.0027116055,0.0012089888,0.0017594991,-0.0010715835,0.0655877414,0.0010464385,-0.0027265304,-0.0008449554,0.0043810191,0.0046093353,-0.002136434,0.0091809498,0.0082541919,0.0052717431,-0.0003081545,0.0052773987,0.0019303059,0.0022838975,0.0041547738,-0.0070654944,-0.0041415483,-0.0020213222,0.0025010725,-0.0019694319,-0.0041277547,-0.0019941132,0.0044681521,0.0006336565,0.0017408726,0.0015809509,0.0019417745,0.0067758248,0.0022102724,0.0095667384,0.0051074377,-0.000246555,-0.0048947057,-0.0037572795,0.0021122641,-0.0063236242,0.1391525282,0.0016592958,-0.0066930328,-0.0024538932,-0.0065938281,-0.0052070184,-0.0015885203,0.0044426305,0.0034280648,-0.002436936,-0.0055557131,-0.0054837304,0.0035464577,0.0019369941,0.0010629579,0.0015260756,-0.0031987647,-0.0035498696,-0.0025038753,0.0083498495,-0.0053644625,-0.0007156565,-0.0030369135,0.0017515495,0.0032337118,0.0012430476,0.0031162713,0.0043315491,-0.0009340071,-0.0058556894,0.0007272994,-0.0015147612,-0.0014310487,-0.001649888,0.0072933287,0.002319271,0.0490048599,-0.0026408077,0.0035836334,-0.001137756,0.0019711753,0.0048094424,0.0038138162,0.0033455116,-0.0039600278,-0.0008095982,0.0024850868,0.0028763326,0.0051518479,0.0046007297,-0.0003172427,0.0011600526,-0.0003395173,0.0046918235,-0.0014523285,-0.0006006827,-0.0002052469,0.0035756401,-0.0019337751,-0.0010103084,0.0035993628,0.0044392869,-0.0023632502,0.0005653651,0.0008139698,-0.0039426998,0.0052456431,0.0037433937,-0.0026437687,-0.002144024,0.0026589507,0.0014762039,0.0468815009,-0.0102969912,-0.0066033992,0.003870008,-0.0071653151,0.0011372839,-0.0077140579,0.0030264846,0.0017427445,-0.0040797245,0.0031501081,-0.0036658421,-0.0106180538,0.0042192392,0.0059102742,-0.0009197848,0.0087280611,0.0022744914,-0.0028490829,0.0020248298,0.0023840215,0.0093901826,-0.0014016751,0.0088938983,-0.0018681146,-0.0074596996,0.0175044924,0.0036858896,-0.0095908255,-0.0046131202,-0.006133101,0.0024635731,-0.0031500422,-0.0089016446,0.0024541725,-0.0043569489,0.1072785464,-0.0006188749,0.0019804688,0.0038301012,0.0045154574,-0.0052025832,-0.0024407883,-0.0039695732,0.0011379777,0.0012110247,-0.0022224877,0.0108867119,-0.0102810283,-0.0004536738,0.0025065692,0.0040041297,-0.0031862207,0.0014787834,-0.0107991464,-0.0019139276,-0.0173733633,-0.0121267477,-0.0053302912,0.0015044043,-0.0028677589,0.0008682341,-0.0106730002,0.000075881,-0.0035539875,-0.0013652964,-0.0035586379,-0.0005285561,-0.0002734,0.0061341253,-0.0012914138,0.0046885651,0.1228619146,0.0031679114,-0.007886781,0.0009768743,-0.0068579718,0.001007997,-0.000179584,0.0006562511,-0.0047381823,-0.0027653003,0.0081464887,-0.0058407502,0.0027149869,-0.0072827883,0.0006636861,-0.0115073259,-0.0056360908,-0.0059769578,0.0059084668,0.0069293629,-0.0087552223,-0.0016401752,-0.0015603096,0.0041328552,0.0037404182,-0.0013900472,-0.0099828932,-0.0114321019,-0.0024090275,0.0006881892,0.0125873582,-0.001061422,-0.0039319073,0.0017697777,-0.0028247128,-0.0039086894,0.1492609606,0.0063974444,-0.0052391336,-0.0037546964,-0.0013663496,0.0047466038,-0.0064899907,0.004162526,-0.000585578,-0.0037040918,0.0022048975,-0.0034868086,0.0032632971,-0.0017327301,0.0034223427,0.0046246193,0.0046389144,0.0029657633,0.0035848317,-0.0008274009,-0.0015891215,-0.0020953344,-0.006620444,-0.009321021,-0.003638879,0.000136893,-0.0027449549,0.0009466128,-0.0030146731,0.0041942589,0.0010548384,-0.002311386,0.0003381055,-0.011045113,-0.0056421404,-0.0042171107,0.1068850033,0.0015016237,0.0009923268,-0.0008668063,-0.002321668,0.0037349032,-0.0055276991,0.003862225,0.0021245293,0.0001842427,0.0001856848,-0.0101759684,0.0019893585,-0.0023863232,0.0033079929,0.0087402061,0.0035688706,0.0012286036,0.0031543205,-0.0009598789,0.0071708414,-0.0081107091,-0.0084697722,-0.009089276,-0.0003443607,-0.0032761425,-0.0063936896,-0.0022311178,0.0035421,-0.0032711082,0.0011689599,0.0009972188,0.0037264095,-0.00511261,-0.0075524831,-0.001722334,0.090497639,-0.0075336284,-0.0090518125,0.0009444463,-0.0081354676,-0.0024069345,0.0049889353,-0.0055495167,0.0043940647,-0.0047631004,-0.0025081307,0.0075974422,-0.001494001,0.0019312166,0.0000103803,-0.0009304056,0.0000858399,0.0016813014,0.0018782037,-0.0034398577,0.0040436506,0.00551196,0.0045973382,0.00115134,-0.0117485269,0.0030431754,-0.0047059518,0.0092803452,0.007564196,-0.010696445,-0.0031027992,-0.0059698316,0.0042090867,0.0011535921,0.0003581209,-0.0023998138,0.0839899538,-0.0037667187,0.0059711848,0.0018501942,-0.0052789991,0.0046582648,-0.0033265915,-0.0033015079,0.0022697479,-0.0020931458,0.0065923934,0.0024181381,-0.0009899351,0.0038735965,0.0021082406,0.0070195593,-0.0004342953,-0.0013623267,0.0025610139,0.0100194916,0.0030927275,0.0053635259,0.0062648683,0.0033980046,-0.0007498746,-0.0134130464,0.008086782,-0.0056928872,-0.0002920571,0.0134859382,-0.0059504195,0.0092490915,0.0049003069,0.0008347458,0.0080590435,-0.0034697334,0.1053154141,9264.0637339823,38383.3847786047,36889.2239649972,6952.5905375511,28224.5870764156,245.4222989066,-155.3048954568,5097.0002562405,-51320.1753977157,-3122.4813261613,-0.1415434112,-18482.0554447177,-556.2276916996,-22452.0758745793,4772.8688367971,-0.8855135508,-7247.944437744,19.0558647052,-51320.5990871808,11620.6044251734,-1699.1152251778,-1594.852592112,-556.2837234762,-9408.5040222044,-0.026940642,1183.0003873296,-4637.8580308927,15.816039358,1008.6261936646,-0.378889335,-5673.4008967908,-11.4256480075,-11177.922886225,-0.4869218698,-0.0908181816,-17925.8025551826,108457.3627630288,1145.7627949486,-0.8361442185,-12218.9923724713,1596.984999475,-0.3398349808,55621.3661218999,470.2458332027,-53.4166873017,-108.3377943192,12014.817825731,18403.8076189118,-4864.1879800504,-10462.2705465109,1.3492207083,1031.7761316081,6381.6377461551,9338.9622470114,-4586.7438011439,9212.7399094092,11622.8906589675,-3939.2705881238,-3333.8068989209,3243.8049311383,-1908.6618750819,12297.6204804293,-7957.6005718959,-22872.364916659,-22132.9839921573,-12621.8070102231,-103.3165993874,-4617.9872011099,-114.9064949404,-1801.2251839796,-2372.3549988762,12071.2417328253,-4716.4031406266,17.3155889054,13163.3683014095,642.6164331502,7742.1313170443,1023.4785835473,-902.506793267,-3095.9062181465,-1404.7815798319,-2486.1253860592,3322.0659442639,-436.3377903776,36.1968695559,-9992.9633186065,1968.3623087726,226.105990148,-27351.3285121476,-0.5857655478,-35764.9843145068,-5427.5937217623,4310.4522591714,-0.2028028905,0.9099400853,1229.4490768419,-0.5666701708,23650.580649436,-48.9955710258,575.3747731984,19.736415598,-0.5305688764,-711.1877377142,-98563.3197741062,-0.21440107,-11835.8036475364,0.5741077826,0.9277188525,-10182.3517850724,4603.8318286587,-89.8205524694,30927.9973994188,19649.1878626163,2878.3234731644,-164.120929722,-22832.3923947642,1.1641412443,15.7178516488,22193.9540915404,-916.4581074306,-0.1785092429,25648.1718841358,-797.593286309,23.6374335191,10263.5957862989,-156.3999173439,5328.5609675532,143.2180790801,-56473.4254100942,-0.1570573774,-730.9287336191,-3065.1402142534,-1967.2589185877,553.5029301089,-14385.533737467,-3.4428770013,-0.9458676445,-14587.0875985334,253.6879435586,-6261.4187084063,16814.5345859704,1025.8014474404,-8966.7728401724,5.3364663774,-2477.973161303,-4746.4623675786,1986.3576740977,-3754.7361975159,6396.7353634287,-6988.1717782937,2199.5113135446,-3382.1625748405,1622.5790825608,-85.3721734442,-3500.2848249589,-2669.2840735349,-4854.2158719657,-1854.0639653074,13.3220186804,-2377.160411366,2455.4891787895,1761.8989118688,981.2098361053,2413.0932119547,-6296.0711742002,-4420.3707594651,-278.3486720366,5665.3198539175,4612.6990817783,4793.7018250854,1911.3173491468,6956.2152305601,-3.1051976557,-0.7751223272,-1.1775721651,-14173.8216796504,-3031.1380418199,-0.1284835362,-5455.5304597887,4103.799647948,64247.5256806739,106003.229576598,-0.1420669412,0.0131988532,-2.4864521214,-5.2449696692,942.4403516625,0.6337981134,-33527.9777008447,-0.9129107922,64247.5323329983,-1482.7336671391,-816.9497762594,-0.0938505379,12643.9037944932,0.6868985803,-0.7004577859,3250.8392021349,33763.3525112608,-2.9918842046,2976.4690991847,-2778.8764683388,10.1423759541,112.1891592785,-10965.1638137852,-9978.9361746413,0.0709684106,-420.2190041365,4271.4500570418,2838.1286323226,630.3722246798,-40827.9245706268,53317.6026345688,420.1395455051,-7756.7113160197,-46056.3544913519,1.1019794385,3954.9375954531,-5.2270606722,35880.0563736942,-1137.0107161267,174.6476219561,0.3204991283,-8155.4704294274,8.9285083171,5254.8953130876,2993.8653554455,10548.6857134907,-0.2197204608,142.9758653522,9700.1900590511,-211.8324877982,10170.1224982775,8488.566845873,4423.4043173115,-2897.7036204972,4669.2632197475,-4614.3321967075,-2146.4394394517,-9277.2725841382,9297.3192335197,-7653.0744623011,-374.5281849006,-5097.0258587471,-5082.3000680693,-0.8892919234,-1245.0622028962,-1499.1466958475
   -2910.9659023497,-10642.1379141769,0.0236286659,43.3379548078,1412.8242658592,-1674.7471439034,6422.5692601973,-5934.5514512563,633.2729210602,4597.0886132849,-2069.9082381977,1.4794229191,-56.4076922952,-7428.3009489944,-101.1665680005,53.2599576289,21224.648964332,0.8792660812,-22627.2157382406,941.1803798397,-0.3740667829,1595.4452164755,-5117.634711528,3294.1712807601,12385.4706779357,-0.4360482092,-0.0947540415,0.6615721247,-22628.1244152923,16987.0207541418,-4.979508063,-58696.2891550779,-32795.6782233995,-9694.8954869847,-12041.7415833802,0.6371975934,-79.147386752,3.9892690741,-0.8170119743,3810.856747747,0.3330004125,1489.9792320514,15917.405032227,8714.80959264,-0.1326305117,2888.876259011,4.6326947461,16091.3162857514,-0.0208305779,58462.7123026822,1273.0362584008,6612.5942060844,-261.2929047649,0.6683690442,-39.1269192437,-2230.287874752,0.2890326879,-112484.6983437109,-4.0838665094,-0.4096680736,0.2124234415,-1223.713672857,-150.8952437935,-4793.9549833717,-6778.7267463025,1049.1277272743,-9333.5410842503,38.9000408429,13.914633077,472.6658828406,2067.1485815221,8096.3476706586,-1669.3195483931,-16111.4994161021,-2059.0364362728,1848.2152429198,-2.0933290041,-970.928631945,-5493.5998541852,-10840.2150873216,618.2832032344,13.5164561855,-1776.6425271302,-5211.4907300564,-19403.4697348242,802.9512686941,-2400.3643971443,837.9916597436,2419.3390687387,-5133.8018431763,-863.0902013289,7177.6258883304,-1856.8835612006,-4090.1103519612,-4573.829401991,-2170.8159511839,-2289.8301142207,-1821.1680672345,2125.5524331875,2159.8884368694,773.1501522264,11120.4991519696,-9677.0769344695,-80635.0348632109,-8709.280797346,-14771.3102187183,-0.5671353322,-0.0454631896,10040.8342320054,8493.3615023238,117144.9924530321,-0.0479825039,-3250.0736129232,1647.2583766868,-8710.2211067496,-0.5806747626,-3137.5640577262,534.4411969277,-13835.4952009732,3.8640600258,-2027.8552504398,1.4063571199,1.109416125,5319.867684753,106178.3259517348,-0.9463994536,-11225.9335752646,-1514.7926806196,-3.1053336467,64040.7077445085,-0.2879728352,-9516.6294432672,444.8255962311,-35.7332475667,-161.8247923455,14616.9012395363,-11625.0153428692,-0.5539370699,-11596.9331170866,26710.5100225139,7.451497859,4883.1670506484,-8372.4076542875,-928.2582496477,3964.9298397573,-27566.4314935495,0.153430581,-276.5158166179,-10922.4883299985,-939.8559119635,-4114.3422057664,5075.3310451416,-1446.3407738788,-4031.1101198311,-10906.1264046385,-9003.4939795901,444.1609562287,1291.4494321801,-661.2554234004,446.9658339712,1332.9520318831,15735.4342962414,2425.0496822516,551.6205891921,-16269.5031587769,5885.0743611501,-15676.9654705875,-16872.4213898066,1172.7049902614,19893.6358419491,1844.7225890305,-11.139518751,-5489.6363896072,65.740048074,4757.7272754812,-71.1579691048,-1876.1195708986,1636.2996262672,8762.0132109227,-17702.0259000482,6547.1278923651,-25911.8740717227,-800.8133921452,11196.2232227998,-10017.9414598127,-1.0190221873,-8753.9752600476,-2401.2802226632,-2749.3994339673,6623.174312324,2.9214283277,-0.5536632364,0.9552675919,0.2732402909,-5872.8400478526,-0.6413777953,-994.3398055518,0.227812323,1698.1248688036,0.3059246718,4.2341083184,-2491.9025676399,5952.9977403102,113081.8295962722,-10208.5006213708,93072.9525345412,3001.2504725343,-4331.8303322562,-147715.7777660192,701.2485516651,9413.7977086723,-0.8359002613,-334.589248069,-2900.2983570475,27.1754431314,-1.0586978001,0.5933343863,1418.7102443337,-1714.6269732814,33.7930623674,1039.9761575819,-523.6191840719,9.8511306773,2.2414660775,59683.6672546637,2947.1973111656,-70.2236749698,-10448.4809666947,3031.5188325017,173.1965356781,-10528.913606813,1.0400484545,-0.4786014262,3524.9926832419,-2915.2023084966,2222.7488378203,2268.8146863696,2024.4137071652,9486.9818191373,-6.8305721133,-22.7697733272,-7601.3382513375,16326.0833301796,-3857.6568146019,11444.255569847,-1388.2668431795,-4621.1223203767,-0.6954760838,1000.2176410791,38.8904105577,5439.3512183331,15639.0973785476,-2189.8302039826,3962.5189318562,-1.9604964858,-6804.8032595037,5365.2678441916,-3442.4936171898,-754.369786227,-4914.0212049519,-406.4996419634,3060.46870528,-2788.2560315788,-7092.8714793002,3999.8872100631,3.7378143715,-5256.8902439803,-796.2957574443,-6828.0373959985,-19328.0581075395,38655.0114232762,-24920.5669458544,0.1469308182,-0.632861802,8134.7343545573,-1434.7032685434,-34938.9632071152,14.4221036679,-0.7151827885,58037.6194991913,1921.5733221072,15777.2797446559,5142.8828294131,-0.4514784827,74.5752050103,-1398.6482210424,-34940.7704845156,-8.4926341424,40384.9188170288,-33789.0151328134,-16.5477383297,1562.6690049852,-21367.998465058,-2.6724099861,187.769014827,-90519.4534022211,-8271.8836384396,13.5473240084,0.4817446627,-1590.9643979706,-1790.4800812777,111958.2675010432,-0.2509015258,-3383.4128939394,-115.4798812874,-30708.484650513,-0.6739149649,7559.8977760998,-1282.3237358351,-0.1421226258,-40732.5393917678,-0.5228466154,0.1048876982,13064.9053577419,4212.1899864447,-488.0600563371,-10244.7909747132,-0.725850935,1.2254485767,-4781.8634636977,13718.4305860382,9236.6328332437,4721.8814338266,-13586.9189419957,3562.8199344838,14091.8269784781,-4875.2979196296,2138.5005283994,1336.961464885,1400.3685765358,16162.1966847883,-17296.0000045072,-1535.0633325019,-13491.5145598473,6573.2520052277,1597.9758346313,-986.3261707104,5.0160304416,11864.9665912498,9714.5983060629,-22932.420077352,2263.8403380556,6128.7771183088,-970.4480135973,155.6327253918,207.0085316832,1465.1752207653,-3257.7867710574,-200.7841353794,-3318.3001606035,-1098.7835607172,-2483.9341004238,16579.7564662838,8146.9242081294,6628.4466659834,5620.2113477081,-1427.4542482793,-117963.1484511057,0.3187017719,43.6417257367,-6578.9026330775,0.2288955555,3502.3466084039,46945.2379778616,0.6709912727,-48619.0123109605,-0.2919598301,-27390.0449578572,0.5610360274,0.5264467698,-0.5750071753,-0.5638400446,3502.4641688555,13761.9481336541,-7112.5527743475,34231.0935303663,-22392.0955020348,-6.2470253127,677.2923904171,11710.0464895233,8719.1929107842,8519.8293678075,39766.7912421763,-105.2167925259,0.6944146009,-1329.5847554652,56586.0549104141,1460.0446521519,0.8431762029,38347.0402877381,0.7109906907,-48255.699180732,-1020.352160116,20590.9237275974,9389.0887193197,-273.2487777213,-1573.3725555135,-1.1578502582,0.0270267454,-911.7912272887,-3536.8083075969,1096.2607516641,3511.2893064235,4591.7900413715,0.9507494935,-2081.4595512703,-2479.0880324806,-3616.9779979753,-4496.4886810835,-12205.4016317604,-1383.0630477355,10686.3003002585,12234.8702125253,282.9441694069,-3903.0460140945,-161.0201131239,-7008.3008006714,-1120.6727263394,-4277.4885030938,-8228.964832302,83.7151512927,-9718.9383327003,-2196.6740109948,5448.2779922771,-7711.0829421575,-8.3887229372,-4769.6382109454,10785.4273823234,1206.4441489837,3413.0014371222,8592.7421158472,8607.1369344734,0.9853386477,461.4319518106,2496.9826032359,-390.5991154205,9093.5712240487,-3510.6128635128,3401.415297458,-0.4730517281,-1331.6814608455,-1130.2285749596,1.0282965608,-85574.0378381145,-161.2297431582,-7227.4901187712,-442.257081444,-3.4034922773,27761.3084415304,-1618.3271767563,0.2849805027,-8831.842143297,5404.0591142989,-0.2910488846,-82.7676107548,0.8285006763,-102.1777905853,-2287.8307462599,27760.0066042954,-3687.2482634444,13408.0065759368,-0.8717460304,-66884.679326394,19319.7783511633,2194.3929814808,-2615.3936243443,-8620.3774270496,-19011.9554657416,13646.10684681,0.1367570139,3960.3790904731,3218.5257981502,2032.4748124087,-947.5979678277,0.5859136594,37527.3419265872,-51165.6831901218,-0.4853283616,-2377.1994122841,12411.3789180306,-2064.7928439696,-0.5425830109,3091.2431210227,-0.5180742875,58844.567824854,927.3166134152,-164.9204543202,44.3666742153,0.9157068304,-7609.7447700549,-0.4137017863,4499.9781099745,2909.4286618726,9812.834956199,-2.6735634141,-2268.5265226839,725.816037181,-860.7201502395,-2547.3695621173,-88.2001543966,-5433.6648804256,-1817.9702429324,-2698.5146597131,-792.9713808735,2695.7218575493,5611.5161200792,4033.1768264187,3890.3516937896,1952.036102209,8255.5382860391,6893.0998180925,-3.3332645462,-2568.3109885108,5227.0943516116,-1993.9733677432,8941.5371572221,-2524.7955812265,-15.3180532359,-12218.7913593428,-1045.2023569674,-1096.1720588552,-15643.6312069376,3761.0612423001,138.3423539147,-8151.9062712556,-241.2411645722,54342.5007440141,47317.1415289729,2993.7943723324,42245.8192274854,-1.8419638387,-18.4675753834,-5675.9330117798,0.0181433772,5694.9915712302,3036.5496001881,-0.7172835029,0.0128266753,-43.6963318722,-5865.268602157,-0.8994651185,0.059668267,21676.4037705308,7194.0218142648,5694.0675088907,-94387.6220034634,5384.1473485748,-28075.4997319981,10022.8698927281,0.0270412277,1.8861945057,6140.6377607386,2817.681597549,-16054.2749095573,-75285.0827876915,-11303.2185695404,-4119.8257323197,4753.0648029985,-4153.8415163649,25317.6673856364,0.3151933856,2171.125082641,-5981.8088257889,6396.4778339287,-5393.8224677386,-3378.1595513156,220.6373242407,3078.6391423139,139891.7208444994,-239.6747926182,-36817.9431436263,58680.5452831317,-0.7976546225,-4435.2446041319,-0.7321569347,-31.3415985162,0.4189726212,5.5432466763,426.0950962407,246.7885169177,0.428705242,1009.8603183949,-702.1634631258,-7669.2451696866,5538.7747092924,-7278.0842949125,-4746.7075592254,2769.6885667784,4685.5742183273,-4885.536486109,1776.8219600256,516.8927397145,1595.4243355005,6569.692304375,-1675.2004531895,-2.8492879172,-7467.3667578774,7198.4327408403,1533.5875805491,-1285.0233778766,0.2859368618,-6594.4714749605,-969.022735195,3012.3827631614,15577.0020628513,-451.5370897265,199.0091705464,4457.313560866,9152.6659496557,-42.8404669597,-86.1938863618,-6.2714486681,10447.1650964752,-14759.1906037737,73206.9942491984,-3026.5375807369,-271.0727567146,-3066.9892307455,31094.1156802729,28785.0132814648,25110.0677339289,0.5378383848,0.0993880042,30710.1575977158,-48646.2995677149,-462.6062518663,-965.0529885037,0.4671201128,1795.1068158072,78292.4913849299,25109.1394920956,1884.9753570654,-161573.9539152481,2731.698762994,1754.1566375861,-0.7001353036,913.0058635412,-2.7874119292,12924.0776176259,-2813.638922836,1.4728571819,1.5693613115,12271.0002328617,-7089.4765526649,-3167.0745800293,55.4305898997,-0.3551803178,5926.3089922732,-25310.0740078672,83.9607939755,34350.4854054295,-811.7605212435,1935.1769924731,131209.8738140765,17444.727414975,5284.8086780614,0.4150160609,-4.1349071822,-484.9241100687,-150580.5781559043,3659.2853736798,-13505.4345702844,0.7608959706,-7616.5211109157,-662.9768930545,14659.0158210936,-4141.9690293314,2666.1188662846,-520.5233035997,-761.1665953171,8252.3845736363,-4198.6690456657,-1983.7558451183,257.5308841792,15852.1331685586,6080.0415011235,302.0568021923,-3485.1315892061,-4133.0995617065,-2922.6011652006,7653.5966977325,3289.7648641322,44.5443554437,1878.3642111801,-3160.4771865518,7054.0623314781,6.8125982435,1702.1500358446,-2185.9614550187,-13714.034603398,-2607.6545135652,13359.7173222862,-6684.6097549879,19.3183029811,-3785.1583622468,5780.940715143,7074.6703780908,49.327889549,33962.7864835754,-24372.7820921326,21819.8674770618,23840.6311411767,44542.002297986,-8462.396771601,-31410.3041017493,744.12746306,-8791.30591335,5106.8980046302,0.0326859993,-105547.4405589336,-12238.1188870973,-12318.7904651126,-37419.7787886473,0.2830310595,0.3679318539,2756.3213793745,-8791.3976751332,59019.9266884496,-1.1026200364,-54.6231540584,-45742.0780791978,0.2414993285,-10.2594382393,-55.8718214731,5642.7574988098,-2519.2008813703,-1753.5908059693,-2421.2400986376,-577.9802500394,8.881126665,0.634060875,-11630.4132151815,-0.3397677977,12384.6093872873,-299.2699214547,8527.3548160666,-3099.6754142355,31042.6496693456,-153.1334434043,135476.7101311525,27401.3049626876,-0.9076919909,341.7300167312,20802.9360207284,-0.2294472275,26114.8081496719,3713.8332576921,-7.011910316,-1.0063086641,-5107.5932316987,10545.5329349524,-4956.823725011,5412.6401143192,1897.6185506892,3682.2792449713,8824.2871316388,277.1651957489,-4290.6524103061,-1162.124595459,3450.2061211285,653.6940156268,-2144.3063843515,2540.9902726898,-10506.0994718277,3887.0301640415,137.0945906589,8560.2204870358,-1121.2487630512,8931.7295977104,1.9233063419,13238.8092930937,-5980.1906552722,522.0003778836,-907.9783636822,-10787.1025467347,-2243.0383371607,-10277.4360008787,-60.7900109201,3159.5277720419,1474.347589954,-5699.3770257869,2778.9221337729,-1138.8190267784,-4270.4556192545,-28153.8129745825,-61995.9502042237,-2054.4331301193,-1178.6016638459,-14338.23187229,-7421.9327129529,5416.1801952131,2558.7976690374,408.7063684139,-917.2413485042,-0.3262579882,31161.5598750426,-38827.1517140509,3.1123910313,5265.7559840032,-0.5959711046,-0.8321994916,-7646.0027659508,407.7471123557,-6272.1214999218,-0.3938403941,36218.1771085956,-4517.9307660694,22454.8328562045,914.8646935998,-1852.9980742105,4974.7328516242,-1190.3890489773,-8463.0760000667,3492.0202303608,-2563.7913420977,-127.8570184066,0.3923694196,0.3976683693,-0.6376501659,14027.0784843878,101.1484927506,267.3691660446,-116.8459894874,-80345.7238502959,45335.5917716498,146319.3930144387,-14497.2617228819,-4.725757004,164.2648779465,9206.0768315643,83071.1697628044,52284.9369329218,0.095387807,0.3357547213,0.7966053355,-7147.258485821,-3372.0451298767,2383.2398719094,-3629.7282323785,-10103.3546912323,2416.0596090809,672.3564766198,-1.6460556099,8530.729806504,-10637.1804485713,3374.0802374429,-9631.2021960935,7818.4522481741,6099.4669282368,4729.5838672539,6988.0271140077,-1028.0891981571,3059.1569868053,-1961.3295018439,-48.1818318191,430.3146953244,-2339.3522964902,5326.4053564152,3913.9824980513,2683.2491652762,-1929.6270923459,1383.7696643113,-91.225247077,7432.7886897996,-7846.6383220645,-456.7800834539,1331.0487472273,561.4815368753,123.387381483,4843.7180102724,-2206.7209464296,0.223099932,-2002.5197352315,30587.6010881002,0.6790411323,110.8993407455,31474.1921444086,-21376.9280330288,30032.4750720925,-15359.0810593918,0.5318297256,-1595.8770103833,59.5771374148,2138.0612551486,13765.223524687,-0.4433942629,-5844.7884465532,1408.6479679463,30031.9499559465,-67.7805122063,-2407.0269301887,-0.3931632335,21259.3395604305,-36.0273864649,-29154.2530529213,-1455.9562320498,13865.5694252644,13202.0379525648,5771.8355231462,-0.0335416362,-62956.7587017849,-947.7393752547,-31497.9069622301,-12560.5443429207,-0.6782789558,3455.2743907847,5.1636599678,-492.0269776333,-1773.2527253944,12138.2449954195,-1354.8077979039,-4759.2178077889,-1412.8619856414,17.0269312086,-0.2714987754,1667.991584233,1.6890153723,32798.2571685582,4108.4790848841,-0.7378209459,-0.0594169468,-77.5223445063,5086.1288908473,-9665.9504338911,-7936.6783333241,-9054.2187142632,10293.4713474268,21897.4613385585,1.2700032135,10331.0936096219,-15557.7605842112,1924.8557754038,10377.5094123291,-6179.9814670378,-1563.645612163,-2965.4330843131,2778.9409245519,-1671.0922965951,1476.6815113457,407.6415887951,-2044.2105024291,3222.0980067261,-804.0417330941,-12370.0673718335,-2655.3867356562,2752.3013439243,12055.3856335544,6568.5064279242,-4972.8160736728,2328.6815156818,3095.961631272,-1490.5511503829,8631.7155577811,5.623868842,366.3793520734,964.8448603718,-6462.9513902013,4.0753892126,1877.6022974559,10020.2511754471,-24787.6090654139,-6.1096330264,-9045.2856478577,6107.0457291534,67519.3194448544,1.5553488967,0.2103434944,1634.3148752034,-565.7256289971,-36.6512166567,-28.8635475452,0.1179122583,-2.1555559853,-9951.3113333863,67520.7716382962,-292.3056725902,-2916.9420493916,13154.6960506099,-23824.8407994557,25.5889554115,7.1641776395,-7415.9203048336,-7091.3762416189,5026.7873629274,4474.6935338339,-0.507250418,0.2225146606,-26522.7666738408,12.8329052705,-33625.2750672876,-0.887397369,7059.9727573182,0.7533278126,20.6451816039,2671.4247895753,-29432.0987838154,-0.6377148556,0.0993791466,-29396.1785507603,1689.2805615957,578.2949714818,0.5165425185,-459.8857546508,6974.4519770401,4630.9622479508,108722.899247184,-0.6752399385,12642.9012643553,-4210.5250552545,-1175.421113379,5890.0293858395,-4129.6161872944,-9731.1743758542,3979.1895081034,-11664.1956573396,14582.5294700292,-1381.2055041892,-29.7306113575,6973.706122328,5108.8552052152,392.4585497229,7574.9352253541,-440.3611447553,201.3575209067,-3229.6523816976,-653.2621821608,738.9310417623,4848.0598298327,-10281.0964513168,-2035.6516029748,-11292.4461872562,-810.6622866262,1.6496630277,4670.6013715775,-8222.1577020971,3476.1379948015,-677.1590639037,-5614.8091991661,-10065.3372960399,1.0970121131,15105.2193501613,3588.7289929613,12823.1562309813,-4245.6554363141,69517.8077098296,205.6679630034,2.242988865,-0.0626141906,21621.9551510383,-8281.7957190638,2426.759575814,0.4968799002,-0.0977077289,26279.9933013589,-821.069266003,0.6054961175,120.3611320605,0.8372655595,-5173.0780699965,8116.8344800978,2426.2957980665,-55.9533458055,-4581.3237842077,-0.0629404396,53241.0302757437,-6.7620146121,-6758.2840529197,499.9869106655,122869.8315694213,-5011.3781504267,2991.6636055159,37.5731335852,-826.8134876704,16.2410590017,-342.1256787197,14433.9507045045,-0.5123398357,14144.6215442376,-18553.8733088803,-3823.6890901187,-5433.7141153177,947.4972114162,33166.3388700036,27944.9626545567,-15934.2618196211,-13590.8040191396,-5012.8937040149,13031.743141532,7769.7099601305,-13667.7763080683,3782.9408713496,-11484.6465266356,-1.1831738559,3441.67070348,-7251.9510264807,15066.6603988508,-5492.2346285159,5406.433232758,-0.6193690017,11397.9860227321,-210.1354123225,4981.2684882471,14484.1324402683,2.0495114013,16099.0504715761,-3238.9784438732,-11070.757779826,8149.720968916,-3799.6132008637,-796.4216719285,-4394.1406191556,-9555.3501701944,-998.0719240636,2402.0416066332,1878.744523346,-2091.0988839364,8384.0895018444,-3125.542722455,2382.5214537647,-5965.7394771774,-3775.8479553583,-1588.8833676331,5141.8587448697,-15895.5100188474,9675.0465681889,9580.2433890012,12156.1171726246,35.3712266789,-20856.0648190728,3646.9075008383,206.3361596093,7138.4918762843,-0.3060008433,6599.9190116547,-20088.6075951403,-1.278374683,-0.8342875548,6212.1344768963,0.8242369363,6086.2105796758,-8856.117635129,-12230.8534428204,0.123904741,0.5972011407,0.418834474,-0.2931120759,-0.8924232659,15412.0039319564,0.1230094383,-68942.5547792649,-931.2018016333,0.7589541413,-4022.0786942309,22019.7891417999,118585.1710645316,1211.5012712304,-0.6032519136,-0.2898368671,0.9120953022,234.6151032762,-0.8248166227,4528.1571026186,0.5252497891,-12115.2973331047,6433.1796170534,-1.4413030449,2.239686212,3.5692559633,0.491370362,0.3327770048,-7889.7203370584,-0.7169911988,626.2370254439,0.1714636515,-32810.9145975029,-37844.4562219511,64849.6591666737,-18.114245179,-0.9087090233,-3678.0000231145,4697.8778000332,3919.3831194836,441.5178709138,-237.7733034965,-9447.0160823883,2818.2169163436,1829.2988341225,-7026.1264666135,6819.3385830992,-1527.4106951943,-1055.3489464917,-4109.0572027329,-3793.2602941767,23314.7932178358,3722.3687387753,-2387.7604045761,6062.4183180838,8267.0822630262,-1879.7153085897,-1.7526658486,-4289.3721725297,-39.6823071049,19306.1202613039,90.372145887,7907.9038987749,-3940.9836201711,-659.6285477478,-5019.9423292792,805.9488341651,-10507.8249045672,-2377.8748904432,-3847.1437954657,-1051.028019718,1563.9481815838,496.1781221877,-51.701148557,-1065.2305929979,10922.5961465514,2027.1949059306,-0.4415463683,-13400.2064870218,-418.6100153865,-11.8833979933,18343.2040878895,-0.6469324218,-158.6723823254,2403.8930988761,-2828.1793101299,-861.6347281293,0.9668766081,0.6078543659,16999.9555730306,-11.2526923597,-0.6171909262,-1665.2249829543,54.147915098,6365.2134167385,-3080.4084549981,-670.6635136427,3345.8718266893,3580.6888844852,1804.3744988959,-94.0073726507,-23209.9758915636,-4.5885666202,-0.5513088948,-0.6204027509,-2010.0573792243,0.4392266608,948.0272120824,16.9228440212,-2080.0953519405,5050.9907165165,67101.3628505383,-3092.8799490398,0.557834056,-31.5631716088,5.16598315,-6423.3122904242,397.7193253433,-2117.9779568802,1956.5079063011,5.4157013921,-5688.2176893769,-0.7367431578,-30.7352082832,-3028.111321521,-904.7547335023,-0.3299746458,-85.3942635169,-2174.8046746927,928.6011682394,1912.8791808937,-5121.8917307758,7505.9163563182,6909.4219047336,834.64721259,-1303.2050406818,-439.3621499022,10077.2454113726,-554.1960845691,4793.9825223179,9924.8408815942,5529.8806201903,1447.8650692783,5542.6898470907,-5740.5299681957,-1592.9458113944,-8822.1050276712,-2043.1641332802,-374.6111707918,-7906.4896859733,-392.8560390635,-3728.1274896255,-2.030198326,5062.9028226908,-547.4016371128,-1948.5548521874,-10009.3639978341,-34.6324469629,-57506.7583510592,-1.2970687013,41.1831522614,-2067.4377500652,34980.2428224877,-4391.5391224924,18.8397838339,429.3045692699,0.9121599832,-1554.917609077,-0.5421152851,29.3421853728,9148.9847822978,-955.5471575527,-355.6601100409,-0.7241060717,3307.6347948418,-2007.5859718092,-0.056469541,4033.4983412744,-5686.2619264334,0.1503690061,5.7370404268,1471.635835073,1239.7605579219,-16001.3087871918,35013.0750672541,-15647.3839419332,3.9471123965,5915.6733310604,517.8662820083,1.0606633471,4060.7330405323,-2297.8705466549,-0.4259474692,-33628.763978739,1.3483603683,0.7119772445,-2132.9092987778,-18636.8459761991,-2909.7216853723,-824.8854647376,121361.1335054971,4024.2650160006,17057.4830185641,31.9632641788,19487.5517928566,14841.580802183,-1069.1441056325,-0.0488207636,0.4898661542,-3099.4758305174,180.5661790006,-3778.3179225782,2597.9855658028,1919.7925237588,-10806.6432000788,111.0196926096,226.5531127378,898.1460249603,-1410.9506287516,12022.8160998875,-12656.7953758957,-4331.3141160465,1857.5267143436,9625.4735915869,8741.5255030671,-2096.2629618075,-4295.2419291096,-19.2811436627,-5988.8274735665,12.7635210246,1358.1580631362,3411.5094736506,2440.7724555492,-548.9972097205,1452.2803719594,948.5936489747,-12.478030931,-2338.3923204465,-9016.6981960348,8827.9668911608,6283.9671433032,13423.3946511879,3.5575370653,-4534.462587769,-25264.9240475588,4693.2576579195,24669.4570216691,1577.0276997317,-582.2206690037,1756.2502565094,-6601.9788652176,-9598.4927104096,2.6947410249,-3594.1803537438,-0.9283063584,-4733.0954972126,-2309.1347937543,-11144.4219632217,2124.5066256371,-0.3747733237,-809.2477175222,-1330.3449759659,3.4125353528,-19214.9231716584,-9176.1133178369,2700.0692236858,22994.0063677453,2268.1659896291,49.1593872543,-27433.8068620887,3714.205474349,-0.8949961997,4496.4655593818,-390.5239079595,-1.3746118244,-349.9246965087,-5181.2197316824,-71945.9285873259,0.061627808,787.4837831533,298.3467395967,-7148.7687745589,-15083.3120521876,-15526.8364790965,-4576.6830186591,8786.621600629,7974.1331666736,10618.4211847833,17742.2223678068,1485.9514010209,-88160.8267310827,3064.1759378368,2927.4623534667,-740.2771826344,0.2694803377,-10824.4805991108,10058.4340759443,6952.5238224129,-5521.5765325068,-6843.8745121151,9363.7608638712,5478.1927102018,2018.8185257275,-2662.0232691795,-8904.1199465334,-950.9982290326,-3121.3493784884,3207.8203768171,8003.9913020069,-3922.3248053504,-1285.9103305689,2878.950010354,7771.562753097,-6815.2592203566,7134.2329632767,3963.4374927384,-13172.3961225646,4514.4141327464,-12.6973451496,1.1442446151,4404.3626119495,1186.1335365804,4259.4332596655,7081.0812034464,-11580.5347739218,-6735.9296323641,1541.1982000051,2463.3534878166,-5541.7804458646,496.0456204257,-23816.7379710221,-14447.8506521192,51.4072666074,-2673.1549596412,0.3570085045,9998.5245441789,-13.9475236988,0.4788849168,4567.3304335378,0.4597184482,-0.8590658173,128800.90400911,19590.0432125274,-2664.1451539099,-0.3625679914,-0.0421714132,-762.3638896679,-9.7950323006,4566.4670200825,-3181.8320974751,6642.4156038636,-23.7275787493,12346.1843366543,9312.6477273812,0.6854321917,-17.6401161202,120608.0794523563,-8283.326929861,0.0070889016,-9479.5557603817,14990.4932067289,-11.5514693002,0.980073085,14843.2514650536,-0.8836244874,-9776.7464272425,2914.1646566069,-14112.5992593577,55.9408500144,-10395.2097990438,-7029.5334188754,0.0770705939,-41912.8467424348,-58.7187827696,4490.5341713003,4297.8218146694,-2126.2376825519,-5010.9328185367,-2615.3450556385,490.1933667516,0.4028179447,5365.3898935532,-2007.9336598959,-48.7179182061,92.2645512116,-8.0072049636,8146.8837138644,6424.9958545231,2.9967514655,2143.4598983601,-10817.8792185373,-10445.9331107979,1317.1554257168,-7430.6429903955,-5192.7663293784,-4265.9379509685,-4000.0213137898,2037.6593110625,2565.2405903916,9586.7003143177,17254.9535531206,6239.5707110761,2716.1509130855,-16200.4043941448,-2.0897475171,-18.0506745238,-685.9904081503,3111.9578901313,356.7982605183,-8176.8569493043,643.3768647242,5814.8107086433,4078.6807070284,9.8725021787,5848.6331892109,-7470.1070827782,-3579.1315179225,-19422.1201067264,0.1515609737,7243.7126799237,-0.1936461666,35403.0149101977,1357.0206483388,-17141.8378124057,6013.7891367388,20317.0490240152,-0.9527849063,-17921.3990716276,1536.6247667631,53.5342313252,32.7476215072,0.6804126959,-0.074361825,17984.3476849313,6013.0661913944,-3.2434235296,-18575.503993457,2954.2628751954,37518.8403751502,373.6261667294,-4441.5189380283,-14044.7971025274,-814.197563196,-4553.5202991505,11530.3523523907,-0.0698462725,27849.8484462451,306.56154398,-4951.5991981889,6269.2330409467,-0.9761563844,10390.5096271295,-8846.5208378909,-4921.9339300183,1649.2504481695,67684.6311668278,-9881.2204859058,0.6219920524,-9248.4850313217,0.4557394791,4.4222866368,-0.8696641739,-115681.791664017,-48237.1135643927,-152.1132436048,1625.6026138548,1.7108448184,9615.1984568804,447.0516698179,0.5368385926,3001.6269188439,-3395.1401579942,7786.8535725715,242.3005816393,-1277.1913870893,-316.7495695856,-0.4247979966,66.9997059568,2441.1390228558,-1420.550266262,-2597.7897084198,-12085.2114562278,8633.689428518,-624.9351165802,15833.0329612517,-15304.308217755,-10945.414184533,-3939.9290693413,2168.3353724619,1526.3586905027,8618.787979666,-85.2355475992,3027.8036703546,3929.3954953305,6270.8365538045,-3.9949131151,-316.6158307923,1396.7969698654,-7582.9866791969,-684.3596237897,-10613.5945855029,2449.8348991768,10990.7749427669,-0.9795642058,-7645.8425944084,-4429.9151660722,-21173.2463084272,149.1338081478,69794.5432242186,0.4745186947,-1350.8032749554,-1467.7764609686,0.0091894391,31414.6840002136,9557.6960177899,9575.3911658602,-0.347676945,-0.9374523415,2577.0195105545,75411.8785803357,-1351.9071390269,10549.5273401202,1346.9293566252,3322.7430305125,5096.4281568838,594.2117719791,0.7879371488,0.0234792016,30569.2482636087,-0.1616221076,-40594.0693810208,14.5004006627,-0.8032893953,-318.417827003,0.7556000669,-0.5567148285,0.0482766895,-5263.9189519104,-269.2814856985,791.4131254091,-10195.6436417574,-30581.908431509,98767.1572977684,-13254.968752274,7093.0063155883,-10019.7174917838,2341.4215435795,-524.2390762642,17350.4991280744,374.7570059296,-1685.47598484,5773.2483919985,-0.3830230362,140.8423724024,9873.7492313946,347.3202543653,-4716.2149345023,6621.641890337,-2664.3876691509,7546.7045263852,-4814.3233819918,761.1941822481,149.6068285118,-5226.3400076032,2.1493484923,4189.5078329831,8584.1645494904,-7708.8550640882,6220.7034649399,5243.8484929821,17414.8796339934,-9192.2097234593,-5923.1776821692,113.2914984841,2259.1748619107,5837.288897051,-3134.9163796365,-899.3957807697,5779.5340617315,-2509.9169252011,-13.5464380428,54.2201016648,-920.8483585739,-564.2040986095,-5075.9095985636,-1929.7771308611,-4541.8789967989,-4060.8778623435,120280.1604291251,107918.6811266785,3923.4907074587,-6793.6653886833,23501.6096245878,-25199.8266315349,-1923.7965153954,-14606.9694398048,-4561.9427557407,-584.8992538487,0.8162199432,-3273.7551697908,24517.4393445865,-5867.9822350257,1374.3658133994,-0.8560167848,-310.9635546976,6.3977640753,-4562.459600283,1190.0047118892,7749.6296928247,-0.064807828,-10303.5045623838,5083.6910409078,-2.303843955,10291.3099241702,-1980.1798862862,6.1520542335,-46698.7793777862,2447.9916284838,12443.4345063625,4274.7352677366,0.7910562526,-15444.6661838331,-0.1591109918,497.2327262298,-2164.4102463172,-34.6199601919,0.4281010933,45444.292367663,-34436.6534691186,-0.462357701,106997.0130927221,-706.3052256638,-2729.2377660097,-12183.0918262858,23.2530103577,-3825.5681552308,-32.3902662485,-52.5302327316,0.329119931,16546.7589633563,10760.9467167181,-1741.1638303795,-929.6958240195,14160.3024644094,-5881.8408975121,-4510.9150498546,-7849.3756523566,217.2951151348,11602.795660846,-0.5835479245,1939.9251268023,5465.4829135891,-2178.1461946813,-2575.4502073181,7628.274467644,-5403.9949164961,-5556.3086155907,-5662.9685208602,19786.7808320985,5575.6508426441,-6203.581552569,-10513.1453999683,1509.5083547809,-2.1269189624,1721.944171893,-1781.1237797757,-879.5880539446,-0.3312405213,-12221.8515530252,-763.2967118148,10293.1446032876,-20961.2007742917,-1028.2380741953,3078.2417632116,557.625636835,0.3832336982,-37175.5937873484,-6184.837642659,0.2411377572,0.7178783835,-18586.3508513053,97.3721623562,2097.8872048594,7318.7776454156,-0.1374533333,-1016.7928687958,-1895.7879973715,-54272.7789305445,0.1246219264,-0.8353457326,-14487.7343427293,-3046.1170641517,2096.1111624007,-18599.8012237737,-0.0170386773,2330.9572460241,-0.0927627755,25.9382116696,4839.0485898352,-297.8861843358,-132562.4483838135,-0.4501828216,3648.2397282784,-0.227230266,-1.3523730194,51356.5736989809,-0.3504962094,-103.0089708958,0.8459384213,-13306.2436342102,-0.6388411102,3555.7415621195,4949.2653739063,7171.8004232112,-3529.3886308973,3563.8076467857,0.3283036263,-0.3247708204,0.4085769131,14.9325331106,0.7204145825,4824.2810832481,-6962.281614161,0.9241570031,-0.7214566115,3534.1622250739,1469.112624278,-16057.3970392966,-1954.0114349226,-3645.0880744303,5452.2023963875,-3158.698592523,525.971640526,-3504.3328610902,-10171.2313932798,3.6065514721,5628.4225219058,-4837.7202842868,-0.5498991819,-3585.5827228479,4.8358690486,-762.8455446814,-7581.0257637729,-102.7535397642,-15232.6843455588,72.6993411892,1.689593973,2024.2797594215,-1649.846400022,1115.4671175833,-1764.6778148213,5716.7236757606,-30.1624555737,-6879.2606124982,-3297.4804839554,3926.1127096086,16666.8818520844,-7303.3786126843,-16.6177630842,-6025.5444031887,-6246.9965657702,-1.2936608624,4912.8043344164,-6811.222110851,-0.0210756821,805.2234815418,14382.4465542185,-2560.2091661864,21103.4550330256,643.7367194803,0.46139121,21878.422997027,15382.3774408504,0.5644755758,1881.0296180264,0.604312778,-0.087689208,-398.1564156931,21103.7649667741,-15303.3144613617,-1308.6483238449,-8220.1308203651,1.2480680542,376.6217122408,-12680.0756067066,-17475.5408048526,37661.7307977522,-7959.2652382034,6905.1767819886,-0.5221534711,1302.5388136924,-6454.303066333,-952.3596415111,-0.2962467586,0.4643635685,7266.8378424065,17375.3401068593,-11978.7809496416,-57941.266160689,62.358913038,-1180.8379221747,0.1757351356,-14215.6916859505,-21382.3403267092,9584.4033333653,-0.8797758603,-71.8140074439,15251.7612470343,-26369.8903180453,4963.94046158,0.7041298107,-7094.0824779972,0.1673929026,2109.0329507925,3818.7124363462,5405.2406507497,-10093.1545552452,-3.4320394808,-1.6343347127,3492.3535371496,15.9789359837,2563.711800517,3269.7482370178,-2476.5187012871,-7702.9229520091,11043.2411582192,-3686.6247795883,434.0070734133,5344.6878843638,-2963.2127334254,732.1049076571,-6284.8711270771,-8334.4523064809,-2006.2566625798,-1717.1048227431,-6856.8208817286,0.6097181722,-7902.831991319,-6214.3055761754,2254.8840188399,10364.072093741,4577.9305868321,-3639.6863383488,1396.7351660892,2924.7965407154,28.6959145835,438.2379023574,7.1075149978,-5592.4202658374,1984.8231285151,7.5656085899,3838.9801912178,4891.7617914486,-1.5545572865,700.0494375668,0.3050426614,-0.1096030011,-20357.8134037282,-0.8596828314,1576.211720386,-0.5494291061,-0.2232373509,-633.3226867739,3167.7409632595,700.1384053773,28282.4795477369,-7.4424477859,-80095.2865750782,63613.1267650796,-5370.2429556675,-4877.8545013686,-10864.6662608593,-1.8392710029,0.0724257527,0.5406520834,-2660.8209639584,-0.7705209495,12332.1775934141,-0.8721844713,-2369.5432435293,0.2098344761,22690.2363036885,18.1112571296,-15819.5620084158,2.5118053403,635.713517881,1278.9061036089,-7912.8534916298,-32368.2581474179,-0.2604023336,-1.6727689357,-920.5515428184,-7579.7913858703,4179.9832034267,5562.5248014657,-1303.2890454791,-1.7466557105,-3236.5502852021,7642.4717698359,-1444.0654755649,1060.8585598115,-4851.3496625675,139.4602076155,-2669.8028321554,4538.1451145014,-1965.630498685
   5187.673482691,3446.5257994528,2153.8258158508,6128.9387026651,2169.3748222709,-1.6958051646,-22.6531806319,-905.2524004969,-4265.654281263,-8.6241278966,5519.1036592298,-9936.8011584267,-7224.5395687918,3359.5417029316,-5413.5112512942,2.4009549317,-11178.3242286928,-2393.9148462169,5219.5058535521,401.6027902004,0.0219995258,-2021.5529419493,2578.6020041508,-1932.6531100316,9868.8172220546,1345.9962804028,4533.1672875683,-302.3124929166,-8830.0796080016,86004.5164895637,-1.6710824633,15641.9131384349,4168.8331852257,-0.0699394925,-2077.3546353992,-4794.5391128987,0.9274899189,-1585.8412457621,-500.0390841221,5001.0607657425,-1230.3331039317,-0.1491771649,4.3222478845,19733.3759433709,-2076.8402586874,2485.3460532959,-2.1790508317,26038.2764193324,0.512152067,-3692.3160804307,17985.1178147821,-13743.5735184751,92.607380524,48993.2027787617,-5304.9974982941,-10465.9495743073,-1.330033938,2342.8131675427,0.5506967071,-1714.4071958442,-0.5526440768,16419.3699060984,1256.1319576699,10.30146981,51.8656745606,35828.9161153801,-1.0185670276,-0.5800571193,-19644.4827784272,1597.9235202602,-4535.3050917948,867.6344133376,-0.7463754072,-9425.829064428,-0.1687476398,-0.729729888,-0.6773982053,1558.185732998,3394.9850960769,-14546.5051190442,1263.093169562,6432.7010505904,-6621.592765441,1486.5741473477,3141.5556907565,-6502.2602292354,3156.1641354397,1136.4213733503,-4789.3188871651,-1844.003678048,4849.6781629289,-5356.2358459336,14.4887225606,-11728.3157425483,11183.1052056673,1111.4487885247,-4688.6089814621,-7432.5655037934,-147.29744849,-2404.1108743748,-1134.1504953081,11040.5521473633,3289.2913289881,-5919.0095238836,-1617.1046735582,-0.9012094698,-6409.9661546024,5072.4652488109,2223.7168449527,817.8435555839,11453.4423901394,-2525.0312889514,-14623.8537516062,-16454.4608056156,-570.2814144691,9.2223368577,-17608.0921136678,-14240.5298273373,2275.1724576627,-12026.0544853263,-557.2167219097,3086.4204602382,-0.5035077216,-2812.3246870909,198.7138175915,5579.5018672388,5599.683401733,-0.1890088544,-7.1058510889,83.3930300165,-556.1161276091,3.6024951166,-218.7280171177,-17751.5731455169,-70890.4216509687,7757.6728354238,1831.110075294,14.8592654972,911.6645578716,-23668.0419686256,2072.6031416119,706.9146705414,-0.7692862417,41926.1388576263,1668.4124125802,10833.358283496,-0.0902168907,-3717.9435651617,135.0093746221,16.551472157,-4642.2234438677,-4067.4792421992,6169.8891048109,535.3494311034,39925.0128830617,-0.7495555913,0.8018472711,6452.4594611602,-5156.731411421,-15644.1107327207,0.2060257948,5957.0615683363,1.0394027172,-1255.1063609348,-17093.7489404687,-2690.2878126973,7.9001982585,3242.0776875549,1363.938708656,5433.3299141787,-4711.0283798029,3058.1679614366,-600.9404604177,-2794.9381464945,-6642.1433449644,-7349.1551362893,0.6156033198,-7029.5498777443,7589.2263047237,1489.9257176406,-5530.6302306325,18774.6322010798,-235.8176309177,-1962.3642607996,-2814.6086047354,-0.7150744119,-1241.0458206654,-213.0794660786,-2355.4194743692,-2406.0847051612,5630.2937645861,-3548.0537708431,-2080.4721946936,3515.782936778,4481.8839341472,-3893.0070941251,182.950619889,6060.7439806755,932.9789682351,0.6423167706,-0.3682157518,-644.7214781663,79.9259664517,1154.4690185262,19597.9848756299,8139.507930885,-6573.0851118419,557.765738536,-0.2631067174,2.9218842848,-7.8082061554,1383.4128120833,41.787436168,0.585420704,-0.127806954,-62434.0723137677,-6573.0224240246,-2422.9148904121,-3.8140003734,-47894.1078338741,1788.246846987,-8800.0243175068,4357.6055815131,5465.895534975,-67906.0853425802,-440.2082965615,4789.5005552632,1210.7168583334,-0.5764239639,0.1780642861,0.183288673,14454.1831398396,-0.1436916324,1199.061226825,36.339260756,-1715.2229664928,-1036.2673749136,0.1395718069,4676.5678628023,180.1782553193,71866.1245454413,-0.7525325488,-4889.0495542937,-5822.0296548732,-3023.5425054329,-8496.9936090499,-361.7993681023,-4325.669561875,2.0048703041,815.6490253631,-3165.5998936536,-363.3356852885,-942.6586051595,0.7570416524,-53.1918187751,29.3809032425,10412.3560664493,-30.9919223561,-4358.6141812535,29.6815768848,13516.7620857363,5702.3059129519,-4246.5717503489,-6501.355798912,-2.3928600236,-426.8916327865,-4128.3164277146,3547.0514374647,-3592.5706575771,6630.455810203,-11400.6649816007,-18.219429033,1413.8191432786,-528.7699888412,822.2242665254,1589.5279037766,-3744.1205842266,-2527.6280604377,-3364.7284242447,-4091.8122812871,-14516.5307356611,4093.6880758534,-387.4090244916,731.228993315,-74250.7244004026,-7519.6539399918,391.5226003549,-2010.8512837839,16.4312871951,7214.9061914884,481.0012323019,-3433.5793380237,0.5455067498,-0.4429518159,0.0487906688,-0.6577397321,539.132535116,29973.0016695617,1115.0114041058,0.7834683518,-3519.7060506058,4865.0967104795,-0.6349482774,-0.4663182849,403.5464223443,-78739.3986703514,2.6710215436,3202.757202204,-21436.888684447,45.6530970876,42561.0012090525,-73074.5888684926,-2199.9332356567,1.0016010352,3.5698986916,6.7643519003,35.1827945175,6.6009509613,0.3141799241,13944.7714006266,-1468.2350792984,0.5819760102,0.3856795887,0.0128928303,-8262.15546104,9390.6663261618,-6209.8817585533,2091.940800891,-89.3349202905,-1874.9695835922,0.1132582569,-5298.2589796837,2251.0475484196,0.9052159926,0.3242923901,2937.0298889566,1599.2254451726,-6224.1822880301,1742.676968106,6337.925092254,12712.6946464526,-2.3942728348,-2275.6631897464,6418.9195928907,-1870.514817399,8.4311361769,-1249.2433955327,-4599.8362006602,5130.7101038766,-15532.6153161929,5041.2360557898,-0.1021926109,982.5715261013,1477.5485679678,-1448.5580834554,5262.3325663462,-20761.4202692498,-2299.7107670074,-2168.8826734815,-16394.2038403502,-2589.6765593261,-77.0011553273,348.7398637802,10.1539279321,6416.5283844349,4487.7920972338,-7487.7799736453,2.8312637235,1006.3810112816,-4032.3237162599,12466.054066659,2438.165863871,11101.2715808419,34478.004363115,-3294.2961862729,-2762.5778677426,-165.8205945591,-1.9204881552,2249.0839403491,-0.1369856252,0.9740102982,-8.5660002668,-2890.4158504631,44238.6586599373,-6599.5333001061,-0.257368772,93.054304411,-3456.903455162,2247.8453506759,0.940065223,126137.1571519568,60158.2387133202,22762.619729462,8483.3628459167,-348.7614935113,-2.2423583739,-167.4100249807,-4.9634008032,-3.2036808468,-7285.4502322354,2815.486513867,-1756.7427625611,19.2255702941,-30424.8862428566,-0.4978276185,5781.213156656,0.6447815523,-249.8325998877,-17635.1412662444,0.612848594,-3532.7272384395,-114469.0602634689,8303.7285577834,413.388716649,-0.0648535836,-6690.8768354847,5766.824395952,1602.8249950486,947.6326029839,-1429.7406811401,0.9971588246,6371.0595708606,1884.3161417171,-891.2383360196,150.134033885,-1356.1036077476,-9544.2745025648,-5026.5560596801,4073.436173779,-7207.4410139916,0.2214771387,9041.853479896,-13995.9458489915,460.5396350145,5093.0730372697,-5076.9187585487,139.7800904984,1002.035676314,1049.0483233876,2344.1020085496,1765.0368338811,10429.2684411571,-5895.2384822897,-865.9226415711,129.9544758955,-474.5385302985,-44.9116871149,-1630.3707978688,692.8647919457,-11043.8022403999,0.9104986178,619.2546437949,-2596.2492002762,-2771.884334682,-19543.378130909,723.3099871878,123361.5812445449,-46.0514491242,14413.1554847279,12199.4615940105,-50109.6899846485,3614.7349834404,33.6759625142,64994.1162051046,3.3457755691,4.5567769284,-0.0092737037,-24563.6976182742,911.8022634216,3652.4615584445,-2288.5610181459,-0.3593693615,-6712.406175312,-2844.2374789868,2.3522248466,4225.2636296505,34509.216378093,-42014.8673308842,-458.2738308914,-5941.0533475383,-22426.4998541956,5178.1658060691,17582.6591320773,-4137.0273016476,0.249869383,-30345.8461094419,0.439372028,860.0040718898,-48.4316951769,-10450.7111824446,-0.6623687208,-8537.1482999695,9015.3032613922,27594.1118087449,0.5358992733,-29204.3405336908,11.1908927718,21934.8508268662,-10981.0163586841,-636.0357736097,1.2958403896,1635.0669476098,23.2292917327,3749.935433794,-0.2321127307,-1698.8099222704,-0.0691674068,7475.560235453,6435.1244253294,6103.6259257414,-2.8717925076,-4445.7542288692,1181.2310295466,865.9007906824,299.247156067,15085.6014947214,-4104.6780153768,-12763.0799092624,4403.5767475144,1474.8564111274,14305.4708704273,65.8706709436,-2627.8257574317,-11611.786705872,6521.6142920242,-5762.2995317556,584.2605909919,-3287.1284501357,-6178.6631515528,-40.1207941503,-1337.6490929912,-3183.5966237446,-268.8971848868,-6593.3374418515,865.7608965568,6348.9797695432,-11101.4159535146,-2516.1068383063,-8394.08498201,-1226.0977461181,15.0911224586,6589.5896828043,-8127.4788025756,8223.2972222115,-1246.1133243042,18959.5169425138,-20107.1558822468,2.6580827749,0.016680218,1569.4713803115,-1270.0480110022,0.4942763978,0.6462647527,30595.6041727635,-10155.6787745905,-2275.9407891069,53.9356446626,0.4011460473,16058.0558357739,-6439.770882455,-1270.4359552336,-1.6886465441,-96753.8892060877,0.7793039656,5.0582935398,4570.1303303673,-9748.795423456,2427.6667079284,137110.1251198435,5943.5214209807,0.1743539196,-4471.3055609861,0.3161769117,-4175.6683226714,-1686.4206477139,-1.1770089184,-0.593859177,10327.8699551306,115062.9791962635,-2460.4966707851,2.6236791287,-9331.4224333888,62.9088591223,11195.9532156217,-40679.892765612,0.3932557078,16364.4992677044,1492.1254474433,10467.7947942687,-5432.429354316,-0.3563165936,599.3760597383,-0.9335658454,1251.7571531158,6444.1560802071,-8058.9179110795,-3725.0875456889,-9584.9141163936,4841.3512607881,-2428.4619193673,-5318.6438438452,-3.0729138237,2966.8892936601,1894.0926783872,827.0921092762,289.3921043076,10018.2821746887,-5163.0500182088,-15509.0396120481,1721.3180809004,-14862.5177054885,-6684.5646112433,-2054.2773905644,297.0370536172,8549.7091767835,-819.2946673688,0.2435134761,-0.0233015764,-5195.3062117286,13058.2893179527,-7177.9527577964,-2276.4122154689,3879.5556803931,1303.7445866876,-44.2727494548,-7685.6486589049,-120.9323667434,-10263.7911497933,68141.2452313569,-54622.9841470288,3392.5882237098,0.7421385827,638.4746745546,8388.859180314,-1741.298318667,-23.9096422326,-2.2687193838,1.5926949418,-0.5177307026,1588.6619984899,-0.0298024386,1144.8305150792,-9043.2604857385,-0.1283699982,-430.3091767678,-5536.0979073903,-0.9320350164,1621.7603613331,17921.7488437499,-107270.1935957307,-1287.1075694426,-1460.2108724548,-16.4103214023,-669.6873422564,396.636257175,-61.6655484303,-14227.0647003212,-873.6515061003,66517.9174836553,-0.1875464022,19956.4777880695,-122260.7884859156,0.9213421542,-3085.2115488996,0.9062394092,10.9119792051,-0.9343139977,9477.891951464,1.6147016084,7741.6445344843,-129201.876935371,-1.0522080967,25.2531108396,553.9461012007,14461.6482310233,37167.8736171404,-0.5717912009,-9.8785052793,25.0305337798,-617.9812879672,-19723.0985849444,5611.5921261146,3.6499164244,1298.7220164473,3600.2222046591,-6548.9945872736,2798.8684043241,26.4187766016,2227.9852949711,-2.1898881683,9945.1877736268,66.4971980706,-4099.6620703377,18582.5869736084,-109.1966449741,-821.8999142963,5684.8651204815,-2845.8171720046,-10537.6641513853,-2381.2920268036,-11961.2232338979,1437.8598077656,5644.9675628721,-4108.5055840549,-8694.9296601784,-1492.8062071412,3716.1810195513,-118.6476410368,10244.3148252179,3688.9531481762,3319.7743829488,266.6553820361,6831.1955641827,5430.7863226102
##end
biasActivation=0,1,1
[BASIC:ACTIVATION]
"org.encog.engine.network.activation.ActivationLinear"
"org.encog.engine.network.activation.ActivationLOG"
"org.encog.engine.network.activation.ActivationLOG"
