encog,BasicNetwork,java,3.3.0,1,1425331064358
[BASIC]
[BASIC:PARAMS]
[BASIC:NETWORK]
beginTraining=0
connectionLimit=0
contextTargetOffset=0,43,0
contextTargetSize=0,19,0
endTraining=2
hasContext=t
inputCount=11
layerCounts=11,20,31
layerFeedCounts=11,19,11
layerContextCount=0,0,19
layerIndex=0,11,31
output=-0.2998127488,0.32183372,-0.2247885542,-0.0488600756,0.0000659244,0.0511998869,0.3092967797,0.3039984906,0.3622141578,0.8391416282,0.2218990358,-14.1540791379,-14.1334472034,-14.8063250941,-14.9782853773,-14.5740275407,13.9478125747,-14.4489196329,14.9050084421,16.0037424362,-15.4132313685,15.3880482234,-13.1820212203,-14.3179226816,-13.9282947336,15.2045479023,-15.3915796415,15.9917613522,-14.7855151714,15.4899397667,1,1,0,0,0,0,0,0,0,0,0,1,1,-0.2998127488,0.32183372,-0.2247885542,-0.0488600756,0.0000659244,0.0511998869,0.3092967797,0.3039984906,0.3622141578,0.8391416282,0.2218990358,-14.1540791379,-14.1334472034,-14.8063250941,-14.9782853773,-14.5740275407,13.9478125747,-14.4489196329,14.9050084421
outputCount=11
weightIndex=0,220,809
weights=0.0056483557,-0.007859882,-0.0009769394,0.0019880103,0.0052280093,-0.0051047359,0.0044870335,-0.0096316134,-0.0015013116,-0.0133396617,-0.0039368196,-0.0141574339,0.0039245157,0.0047432778,-0.0131662966,0.0178859425,0.0076376092,0.0008620632,-0.0051342773,0.3003942562,-0.0143292168,0.0067677198,-0.0032812681,-0.0039089371,0.0007070681,0.0016115304,-0.0049311777,-0.0035877669,0.0038354192,0.0062018898,-0.0042271795,-0.0053860218,-0.0061835998,0.0063582359,-0.0008002694,0.0018502596,0.0046632518,-0.0000640358,0.0014828183,0.0480279212,-0.0060586218,0.0099209696,0.0067483672,0.0098427367,0.015194386,-0.0150596541,-0.0113704042,0.0186422175,-0.0072737026,0.0146717292,-0.0076395603,-0.0022923749,-0.0004808248,0.002247786,0.0015241115,-0.003467383,0.0019610591,-0.0093555592,0.000395494,0.2683135007,0.0063951444,0.002203158,0.0010750776,0.0150064082,0.004703203,0.0021090479,-0.0094469686,0.0156665104,0.0034428109,0.0018468843,-0.0048545788,0.0006070986,0.0017722883,-0.0103066048,0.0019928381,0.0126347456,0.0074699048,0.0078733757,-0.0041505158,0.1459144252,-0.0000025688,0.0000004486,0.0000012362,-0.0000002872,0.0000006799,-0.0000029951,-0.0000000587,-0.0000008308,0.000001704,0.0000005735,-0.0000003936,0.0000005,-0.0000020409,-0.0000017277,-0.0000003512,0.0000016903,0.0000028856,-0.0000014886,0.0000001637,0.0000147259,0.0056587199,0.0007682249,-0.002670456,0.0018466693,-0.0103779298,-0.0019992375,0.0002687158,0.0038360662,0.0004504292,0.0090554744,-0.0037912553,-0.0008980281,0.0113733985,0.0023975085,0.0067449231,-0.009980375,-0.0113940771,0.0018223001,0.012940802,0.081254563,0.0078670442,0.0025586045,-0.0116044785,0.0113073444,-0.0110956913,0.0053326409,-0.0123210885,0.0172327258,0.0094071802,-0.0009357748,0.0054447852,0.0218811168,-0.0047459075,0.0050255279,0.0086828716,0.0077457582,-0.0005918835,0.013109285,-0.0089134033,0.153672485,0.0016128605,-0.0174635025,-0.0018202405,-0.0074651408,0.0025217017,0.0116685228,0.0185856802,-0.0258205148,-0.0102706631,0.0027437642,0.0139511951,0.0175040786,-0.0019931715,0.0166355473,-0.0027564444,-0.0041015055,0.0149353222,-0.0161470768,0.0059941294,0.30287215,0.0069955395,0.0052580057,0.0119765065,-0.0135547626,0.0079879456,-0.0091299446,0.0021798013,-0.0066454401,0.002851173,-0.0036517696,-0.0005092212,-0.0086752859,-0.0031184443,-0.0254629457,-0.0054938559,-0.0100712362,-0.0011732869,-0.002383157,0.0013394451,0.1677058859,0.0054537751,-0.019289885,0.0056470556,-0.0118220306,0.0216290112,-0.0210500527,-0.005244984,-0.0239325471,0.001707402,-0.008760902,0.0087509058,-0.0082559404,-0.0081510399,-0.0193775161,-0.0230325672,-0.0029238521,0.0106901212,-0.0197569763,0.0017977649,0.4618242425,-0.00893979,-0.0021698982,-0.0011415171,0.0027878269,-0.0080384126,0.0033338349,0.0066934537,0.0066587041,-0.0082999665,-0.0068271427,-0.0033419593,-0.0068796238,-0.0009536755,0.0056490132,0.0053034954,0.0010384865,-0.0144456226,-0.0071006674,-0.0116041574,0.2178508438,678056.3310076286,-1009809.0387111951,1652853.318902628,-244353.7281542494,-0.3534168755,-1432428.945023819,1897778.847949002,-945114.4757105829,-1294600.7093477463,440503.1376057294,-682844.8834114834,84280.3440918234,115165.6069282797,190099.6364495545,-48720.8757654625,518152.4309372974,86869.54046895,50186.54067245,-82804.4807953606,70176.8036008662,-719780.3522867917,-518677.5706903786,243849.0975713766,-69108.6394899404,-139022.2610533037,2940.5744753791,-71683.98448734,-77299.0282935491,26502.341419051,20414.822574008,-18140.7316149934,-2556346.4551239484,2380489.533737476,455838.5794152942,-2830962.0975456904,0.3544153825,125558.6837107904,675025.1063037337,1633908.9310197106,2792338.61517422,-1623768.7498037182,-475984.3446813908,-53487.4131727105,-306824.1665772157,-348187.2082027822,-319840.3261347663,107312.2556256124,84650.7741691684,-343742.90797026,109570.8196085243,61112.4368163745,-55063.9207444046,-108667.3384387806,657379.8784672082,30941.3671038006,-143179.1406975007,57407.6324560184,-17050.08842205,-8977.554980048,100769.0846370138,17953.9893511019,-47120.4307399199,-838482.1897972992,-688662.7597043903,-223740.2565177171,-804407.1154171443,-0.2344724764,-204407.496831166,2583820.6630856288,929657.2941288315,-805413.4346264496,-795058.7826912336,-877910.0516915155,70332.6764661293,82046.2872573646,356887.9024638461,-548884.687597537,-186974.2692045185,-4707.8298714683,-525772.0938635981,135996.8465273998,176291.9648806698,-85915.0720925755,-166592.2733132138,443141.6585249577,83315.0352834424,30216.0527467915,-93126.8558724587,-60623.3007587434,32051.7317506196,35288.8719214906,30055.6978043292,113376.8529404999,1641416.687654455,-321465.9522891393,763726.5035540488,471941.0557855459,-0.3919702198,2165386.273050926,-440899.723415099,-2447886.8956467193,-822336.4964619415,-213374.9619961678,-929530.1303806287,-8809.5015844764,105631.9538071641,375768.6813184556,372173.4340748429,210094.1031062921,11873.8665975176,206012.0376762515,87724.8352474341,-244239.451626822,542690.3575859258,-91369.4611264801,-289845.0823252627,-56479.4773485395,-80242.0682548427,3384.0666303416,-94535.3255390346,-104443.5113583195,-47460.1814822498,-60041.2315353124,30123.0143871348,-1429884.315654667,176383.4560892287,430683.0254073559,2902664.4443250448,0.2006109314,708867.2526158015,-5089599.019780449,-1208921.647482175,4132752.1425755345,1885885.479375249,-308327.7845647718,183242.406583007,-2027.7667691432,-1054538.4830274906,257288.4662901842,501840.2227286684,-27903.9025468604,764955.742702157,-45354.9841037758,-121879.2764109427,579503.0915482638,-260277.5737556505,126124.8155614565,-27329.4382711269,-8085.3472549856,91999.3005292762,42035.7023804112,-113872.9643124857,-153052.2330845434,-96733.2637991913,45569.3859534019,422103.5508814476,1305950.141811347,2513789.8651596596,580177.3204627986,0.0979299077,2574284.3333581733,-897891.9415634917,292577.4305822212,-4949458.2987436885,1091414.9600633294,-2731278.768767406,-120046.9065641634,-30629.5329163107,-521431.1622616018,-262615.4687046035,184166.9468828966,119236.0420837791,28646.9993896797,574986.9942559452,-30831.7077913704,-338216.3078780457,79387.241346136,62476.0063866872,93015.374073133,34791.5971900522,-35420.615697173,63623.9488878707,-62045.6916534524,3143.0126439225,27060.1354230235,15338.9683281618,450690.2867788409,297863.6670869719,-1012421.0391020486,-1591211.9235777427,0.6458953097,2648531.966132754,3447337.6327918572,1505514.3575959632,-1240166.902475116,-683049.6954057048,-2269697.8462393573,54854.430637711,-135071.9483596928,569971.2403728729,-770393.1939478978,-216503.5205355325,9668.3512488097,-254326.0719000905,850239.1816171668,23422.7794390775,-319651.8772192168,18868.4355144128,175733.1857073917,-39779.8457643193,96537.6386077933,150173.0571180039,-79091.9000978995,96283.3732310122,176236.6711318014,-203591.9908201705,3886.8284776985,-1240513.4075550856,69530.812322569,61162.3110376142,-1221797.6248704074,-0.6217846753,1863355.7747910589,-967712.2042163983,924304.5744581032,2414309.410575264,177530.6332860207,710605.1136335861,-32516.8287875948,167755.8426671786,-631766.3349424106,-187719.1617530363,-285.4446708593,-25590.1871826375,145160.9536675719,-180020.8437622142,494524.5145698187,-415600.5794862654,89419.8232168474,-28128.2060815837,124654.8042840137,-18448.899268833,35596.4321256773,-17175.4381887104,60553.6268836295,33768.862345525,-56753.0718167408,-170729.0706082578,3082555.1550782477,-1904987.9627013674,-1465552.97916361,-588507.7786083597,0.7683106455,-1250816.5119859967,3546521.288330565,-3511353.8967419704,-5020437.969995444,1857842.7108890347,2822975.99153221,41262.6307365013,-58525.6225999384,238452.0592385427,107707.4769040682,-148213.7808113502,36036.7046389801,563779.553940253,-589954.7005356052,476328.1843198256,-41749.7338661216,51575.505469423,-137484.6325940759,59112.0827584334,79299.2824716018,-66742.9530059984,70310.9718744508,-4352.0138398143,81512.5287853833,-20154.4721747106,-34867.4037784738,-405813.553724704,1263836.3204762044,-2281566.8318637586,-408061.3108798148,-0.8520192052,4463714.120591859,-1848880.8898890687,1660584.4225085503,648376.2165236059,-217181.8873701377,1465472.9597536116,-54232.8649128392,183273.8682863108,-301751.2432581849,-502029.7672798926,-320838.7544997008,-58504.0048038302,-215232.4295438074,602398.204538904,-417609.398065051,-121016.1142834481,281261.288132968,17527.0293490062,-65540.962178619,-75072.946651415,-98623.0900182647,-56391.8636611514,1129.4624345136,-66433.7471912865,-34710.0207098715,57049.3390177879,-507448.7623723561,-440038.4262571959,723977.1425512108,-2497200.70323103,0.1404813642,-658292.0625533136,-1141536.0215036215,-616713.7793321039,3102825.049968647,-258365.5629998207,1283664.2432097162,81573.386455809,-349443.4113595336,680561.0374378515,330505.9655913332,242140.9756615938,-81568.5864784095,-337657.4023699794,-185348.0294317263,-411059.8485309992,262084.1987546142,-202082.8494863438,-125401.8151263663,3939.0613497763,59668.6321315494,24.5779922955,121006.638264278,-57213.2547644228,-20124.9963999816,58833.8970755464,-30870.1343007181,2418878.895438987,-1186231.6916458593,872268.7105740533,-4814372.593726624,-0.7835602271,1685284.927661789,687628.7548240285,1676599.958068908,-3279799.5723509924,-76915.5832861835,-646126.8475021657,-59592.2619539099,430294.763961551,365930.9313807118,-49313.08617412,-639196.4392216916,-51762.6916805244,40809.5721588858,271644.7971475264,-481473.6061743726,-177343.2335873951,-379171.8750335392,1072.1232989319,11915.008183961,38428.5288201233,-126539.2541459102,13823.4921934692,42678.2954209772,-67342.6923420963,-16698.8698336888,31527.2351094345,-1417140.2842456405,-548500.8485644528,-295059.9286277844,2182753.759058934,0.1999197537,1000581.0738863319,-3307573.788545159,1412032.9195486906,1207956.582957897,-306193.0933901335,422852.7993662337,-213132.8307145625,-138978.4570064897,-636599.4820416523,-30989.0563636746,-384066.4367485432,85090.8645127173,-515348.2562857135,-181337.9637335363,376166.9304990546,240053.629512073,218766.5423261283,-230281.1378102539,-51545.2208805278,-76090.322478157,77051.7150298252,-18390.4419589292,143706.2268638504,14272.4479070734,39620.8853319926,-155626.5457934824,-1607700.195852057,379325.8008198024,-678795.8858501692,1065414.3454445433,-0.7887537937,1037325.822003174,-2323886.849244489,-474497.3460060768,-11560.4162991802,1115618.287081595,1278137.726983972,-86184.2414117318,-183163.1542183269,-715654.3020325676,-536521.0607067415,74247.0038934608,138911.0840511907,-178553.866124479,62670.1154016508,541400.4392995095,295678.7082852188,438319.4257762589,588819.1404950677,-57864.210160066,-93947.2945303115,14478.3555430241,50524.232691165,-49051.8746652522,72663.5980495328,11716.570858292,91563.4634893328,578856.9567590487,183558.607950246,1267180.7422842295,1344499.0640520558,-0.4713833359,-1087743.2829456157,-646017.2712832,-2707352.270974819,-411455.3063592458,-196904.4048679338,1485583.3894400073,-85614.767438897,-200710.1879775654,759436.2028759209,-340872.8453983942,-220695.5882523643,102393.6908659654,-870009.3568313563,258018.1988040406,464797.9893802918,140831.2110282344,109156.2515183761,439738.2732228386,-96982.5869226504,-3142.1280393551,173562.6323292367,-82653.4098486019,-143189.6735888048,113751.5711850228,-62100.5409164599,26148.2882025327,-2225544.0327540818,266877.5592484535,2199751.4010147834,6140628.354832656,-0.1811692225,-2032338.4288253216,112539.1719077605,187260.1731550362,-3152238.500306707,-261336.5008865323,326437.4597184419,-50466.6747712548,-161780.273484168,964303.0684233456,-35093.0976516104,346184.9698011237,61790.6461090328,-267284.4225475679,-509500.3641882755,127732.1877933674,124087.1898378196,360618.7262432056,-748784.9086873514,82804.9487491364,40942.677441991,34732.4716285894,-61415.7906045899,139708.0039284303,-3347.6096591151,24533.8654851743,101941.0057838992,3826195.990681931,-826481.1601791882,-2516931.707815997,-6469316.995518542,0.2597338277,3564206.5364596006,1768736.739349195,-619705.4967339865,-2877215.330627451,1441672.0895732914,2206076.7011163062,-26471.6203468051,477517.3413955144,405285.4740637712,-437074.120988993,-891367.9550367168,41486.2826112211,-131145.2994547017,-258750.9555884988,55130.4002458551,-368773.2880602837,-39380.2564194752,644878.6833705708,-40747.2170761225,1478.4704667257,6305.5532578974,-63685.7323974369,83.6826640726,92758.657504157,-14735.5434298876,-144813.492789803,-655441.5356253078,173704.6621891742,-135403.487894506,1351232.0001431413,0.9617172506,-2149176.6083878456,-734825.7349411757,-445733.8045232953,-5605.2911641767,660678.8395247435,2070079.2645638222,-101079.7499776035,-138193.9377126398,-817112.4888444308,279564.4153845185,-157669.1072358177,24510.2315658784,889690.9773152375,-422522.7813936381,-301070.1659965325,714319.6340003702,311667.976727787,-382064.4250880806,39487.4595119246,-87010.4281469286,-57291.7168205342,-54928.0928532236,-55845.1829329116,-38797.3815045091,-56670.7207821011,31092.4176027581,-876643.6946196705,1834095.831648991,-1707402.418099036,-1700833.1737797426,0.3414611454,2768245.163179274,-2737867.361542346,1365912.2672160913,439163.913136613,-1046003.5390506856,2919318.306650897,81460.737175853,606686.7981446423,48649.2862652911,-604055.5552806915,185501.2638387486,-14889.2049732299,-273751.1302816556,-252800.6677502535,16957.6321062645,-9829.600006946,189833.0428643741,210800.5995288248,13311.1799354845,-7834.3936842776,68589.5235323036,29922.4952474658,-115119.3169914802,-89599.6930402164,-54153.8895685572,-57049.3959937931
biasActivation=0,1,1
[BASIC:ACTIVATION]
"org.encog.engine.network.activation.ActivationLinear"
"org.encog.engine.network.activation.ActivationLOG"
"org.encog.engine.network.activation.ActivationLOG"
