[7.0, 22.0, 34.0, 38.0, 46.0],1
[7.0, 16.0, 22.0, 25.0, 47.0],1
[25.0, 27.0, 32.0, 34.0, 46.0],1
[7.0, 24.0, 25.0, 34.0, 46.0],1
[8.0, 22.0, 33.0, 38.0, 46.0],1
[8.0, 22.0, 26.0, 34.0, 46.0],1
[22.0, 25.0, 27.0, 34.0, 46.0],1
[26.0, 27.0, 30.0, 33.0, 34.0],1
[22.0, 38.0, 46.0, 47.0, 50.0],1
[7.0, 13.0, 32.0, 34.0, 46.0],1
[7.0, 27.0, 30.0, 34.0, 46.0],1
[7.0, 30.0, 33.0, 34.0, 47.0],1
[25.0, 30.0, 38.0, 46.0, 47.0],1
[7.0, 16.0, 22.0, 25.0, 46.0],1
[7.0, 16.0, 25.0, 38.0, 46.0],1
[13.0, 19.0, 26.0, 40.0, 46.0],1
[6.0, 19.0, 30.0, 33.0, 46.0],1
[7.0, 16.0, 25.0, 28.0, 46.0],1
[16.0, 22.0, 34.0, 38.0, 46.0],1
[7.0, 22.0, 30.0, 32.0, 46.0],1
[25.0, 29.0, 33.0, 34.0, 46.0],1
[22.0, 28.0, 30.0, 34.0, 46.0],1
[18.0, 22.0, 34.0, 35.0, 46.0],1
[13.0, 31.0, 32.0, 34.0, 46.0],1
[25.0, 30.0, 32.0, 34.0, 46.0],1
[3.0, 19.0, 25.0, 34.0, 46.0],1
[7.0, 16.0, 25.0, 27.0, 34.0],1
[7.0, 27.0, 33.0, 34.0, 46.0],1
[29.0, 32.0, 35.0, 38.0, 46.0],1
[12.0, 30.0, 32.0, 33.0, 46.0],1
[7.0, 16.0, 22.0, 25.0, 33.0],1
[7.0, 25.0, 27.0, 34.0, 38.0],1
[7.0, 22.0, 25.0, 31.0, 33.0],1
[16.0, 29.0, 33.0, 34.0, 46.0],1
[22.0, 24.0, 25.0, 35.0, 46.0],1
[7.0, 13.0, 26.0, 34.0, 46.0],1
[26.0, 29.0, 33.0, 34.0, 46.0],1
[17.0, 26.0, 29.0, 34.0, 46.0],1
[7.0, 32.0, 34.0, 38.0, 46.0],1
[13.0, 25.0, 26.0, 30.0, 38.0],1
[19.0, 22.0, 32.0, 33.0, 46.0],1
[22.0, 32.0, 33.0, 38.0, 46.0],1
[8.0, 25.0, 33.0, 38.0, 46.0],1